date,hour,max_load,weekday,holiday
2011-01-01 00,0,14415,6,-1
2011-01-01 01,1,13253,6,-1
2011-01-01 02,2,12608,6,-1
2011-01-01 03,3,12129,6,-1
2011-01-01 04,4,11912,6,-1
2011-01-01 05,5,12102,6,-1
2011-01-01 06,6,12087,6,-1
2011-01-01 07,7,12476,6,-1
2011-01-01 08,8,13172,6,-1
2011-01-01 09,9,13818,6,-1
2011-01-01 10,10,14272,6,-1
2011-01-01 11,11,14392,6,-1
2011-01-01 12,12,14388,6,-1
2011-01-01 13,13,14138,6,-1
2011-01-01 14,14,13892,6,-1
2011-01-01 15,15,14340,6,-1
2011-01-01 16,16,15137,6,-1
2011-01-01 17,17,16284,6,-1
2011-01-01 18,18,16382,6,-1
2011-01-01 19,19,16544,6,-1
2011-01-01 20,20,16283,6,-1
2011-01-01 21,21,16077,6,-1
2011-01-01 22,22,15306,6,-1
2011-01-01 23,23,14207,6,-1
2011-01-02 00,0,12955,7,1
2011-01-02 01,1,11932,7,1
2011-01-02 02,2,11365,7,1
2011-01-02 03,3,11093,7,1
2011-01-02 04,4,11061,7,1
2011-01-02 05,5,11312,7,1
2011-01-02 06,6,11638,7,1
2011-01-02 07,7,12726,7,1
2011-01-02 08,8,14010,7,1
2011-01-02 09,9,14847,7,1
2011-01-02 10,10,15173,7,1
2011-01-02 11,11,15308,7,1
2011-01-02 12,12,15247,7,1
2011-01-02 13,13,15468,7,1
2011-01-02 14,14,15624,7,1
2011-01-02 15,15,15884,7,1
2011-01-02 16,16,16710,7,1
2011-01-02 17,17,17685,7,1
2011-01-02 18,18,17550,7,1
2011-01-02 19,19,17528,7,1
2011-01-02 20,20,17175,7,1
2011-01-02 21,21,16948,7,1
2011-01-02 22,22,16141,7,1
2011-01-02 23,23,15118,7,1
2011-01-03 00,0,13562,1,1
2011-01-03 01,1,12726,1,1
2011-01-03 02,2,11925,1,1
2011-01-03 03,3,11715,1,1
2011-01-03 04,4,11533,1,1
2011-01-03 05,5,11928,1,1
2011-01-03 06,6,12168,1,1
2011-01-03 07,7,13347,1,1
2011-01-03 08,8,15322,1,1
2011-01-03 09,9,16367,1,1
2011-01-03 10,10,16920,1,1
2011-01-03 11,11,16841,1,1
2011-01-03 12,12,16694,1,1
2011-01-03 13,13,17006,1,1
2011-01-03 14,14,16996,1,1
2011-01-03 15,15,17290,1,1
2011-01-03 16,16,18159,1,1
2011-01-03 17,17,19013,1,1
2011-01-03 18,18,19160,1,1
2011-01-03 19,19,19185,1,1
2011-01-03 20,20,18804,1,1
2011-01-03 21,21,18092,1,1
2011-01-03 22,22,17014,1,1
2011-01-03 23,23,15699,1,1
2011-01-04 00,0,14228,2,0
2011-01-04 01,1,13726,2,0
2011-01-04 02,2,13166,2,0
2011-01-04 03,3,12727,2,0
2011-01-04 04,4,12559,2,0
2011-01-04 05,5,13189,2,0
2011-01-04 06,6,14161,2,0
2011-01-04 07,7,15866,2,0
2011-01-04 08,8,18714,2,0
2011-01-04 09,9,20166,2,0
2011-01-04 10,10,20355,2,0
2011-01-04 11,11,20147,2,0
2011-01-04 12,12,19875,2,0
2011-01-04 13,13,19933,2,0
2011-01-04 14,14,19875,2,0
2011-01-04 15,15,20035,2,0
2011-01-04 16,16,20178,2,0
2011-01-04 17,17,19986,2,0
2011-01-04 18,18,20340,2,0
2011-01-04 19,19,20386,2,0
2011-01-04 20,20,20246,2,0
2011-01-04 21,21,19879,2,0
2011-01-04 22,22,18465,2,0
2011-01-04 23,23,16934,2,0
2011-01-05 00,0,15367,3,0
2011-01-05 01,1,13950,3,0
2011-01-05 02,2,13321,3,0
2011-01-05 03,3,13221,3,0
2011-01-05 04,4,13245,3,0
2011-01-05 05,5,13754,3,0
2011-01-05 06,6,14249,3,0
2011-01-05 07,7,16158,3,0
2011-01-05 08,8,19027,3,0
2011-01-05 09,9,20585,3,0
2011-01-05 10,10,21077,3,0
2011-01-05 11,11,20812,3,0
2011-01-05 12,12,20449,3,0
2011-01-05 13,13,20734,3,0
2011-01-05 14,14,20476,3,0
2011-01-05 15,15,20669,3,0
2011-01-05 16,16,20828,3,0
2011-01-05 17,17,20690,3,0
2011-01-05 18,18,20627,3,0
2011-01-05 19,19,20752,3,0
2011-01-05 20,20,20645,3,0
2011-01-05 21,21,20223,3,0
2011-01-05 22,22,18694,3,0
2011-01-05 23,23,17093,3,0
2011-01-06 00,0,15436,4,0
2011-01-06 01,1,14397,4,0
2011-01-06 02,2,13759,4,0
2011-01-06 03,3,13320,4,0
2011-01-06 04,4,13291,4,0
2011-01-06 05,5,13936,4,0
2011-01-06 06,6,14611,4,0
2011-01-06 07,7,16424,4,0
2011-01-06 08,8,19463,4,0
2011-01-06 09,9,20700,4,0
2011-01-06 10,10,20747,4,0
2011-01-06 11,11,20437,4,0
2011-01-06 12,12,20190,4,0
2011-01-06 13,13,20440,4,0
2011-01-06 14,14,20314,4,0
2011-01-06 15,15,20468,4,0
2011-01-06 16,16,20863,4,0
2011-01-06 17,17,20856,4,0
2011-01-06 18,18,20948,4,0
2011-01-06 19,19,21151,4,0
2011-01-06 20,20,21172,4,0
2011-01-06 21,21,20714,4,0
2011-01-06 22,22,19265,4,0
2011-01-06 23,23,17511,4,0
2011-01-07 00,0,15788,5,0
2011-01-07 01,1,14310,5,0
2011-01-07 02,2,13802,5,0
2011-01-07 03,3,13541,5,0
2011-01-07 04,4,13537,5,0
2011-01-07 05,5,13788,5,0
2011-01-07 06,6,14303,5,0
2011-01-07 07,7,16296,5,0
2011-01-07 08,8,19307,5,0
2011-01-07 09,9,20768,5,0
2011-01-07 10,10,21068,5,0
2011-01-07 11,11,20860,5,0
2011-01-07 12,12,19925,5,0
2011-01-07 13,13,19997,5,0
2011-01-07 14,14,19983,5,0
2011-01-07 15,15,20083,5,0
2011-01-07 16,16,20333,5,0
2011-01-07 17,17,20262,5,0
2011-01-07 18,18,20423,5,0
2011-01-07 19,19,20397,5,0
2011-01-07 20,20,20257,5,0
2011-01-07 21,21,19711,5,0
2011-01-07 22,22,18399,5,0
2011-01-07 23,23,16952,5,0
2011-01-08 00,0,15321,6,1
2011-01-08 01,1,14362,6,1
2011-01-08 02,2,14076,6,1
2011-01-08 03,3,13634,6,1
2011-01-08 04,4,13382,6,1
2011-01-08 05,5,13526,6,1
2011-01-08 06,6,13817,6,1
2011-01-08 07,7,15137,6,1
2011-01-08 08,8,16998,6,1
2011-01-08 09,9,17873,6,1
2011-01-08 10,10,18125,6,1
2011-01-08 11,11,17943,6,1
2011-01-08 12,12,17475,6,1
2011-01-08 13,13,17743,6,1
2011-01-08 14,14,17710,6,1
2011-01-08 15,15,17932,6,1
2011-01-08 16,16,18418,6,1
2011-01-08 17,17,18893,6,1
2011-01-08 18,18,18980,6,1
2011-01-08 19,19,18982,6,1
2011-01-08 20,20,18884,6,1
2011-01-08 21,21,18687,6,1
2011-01-08 22,22,17801,6,1
2011-01-08 23,23,16499,6,1
2011-01-09 00,0,15165,7,1
2011-01-09 01,1,14040,7,1
2011-01-09 02,2,13487,7,1
2011-01-09 03,3,13150,7,1
2011-01-09 04,4,12876,7,1
2011-01-09 05,5,13247,7,1
2011-01-09 06,6,13067,7,1
2011-01-09 07,7,14161,7,1
2011-01-09 08,8,15792,7,1
2011-01-09 09,9,16536,7,1
2011-01-09 10,10,17161,7,1
2011-01-09 11,11,17108,7,1
2011-01-09 12,12,16788,7,1
2011-01-09 13,13,16960,7,1
2011-01-09 14,14,17074,7,1
2011-01-09 15,15,17692,7,1
2011-01-09 16,16,18627,7,1
2011-01-09 17,17,18951,7,1
2011-01-09 18,18,19231,7,1
2011-01-09 19,19,19348,7,1
2011-01-09 20,20,19092,7,1
2011-01-09 21,21,18610,7,1
2011-01-09 22,22,17394,7,1
2011-01-09 23,23,16116,7,1
2011-01-10 00,0,14625,1,0
2011-01-10 01,1,13825,1,0
2011-01-10 02,2,13273,1,0
2011-01-10 03,3,12770,1,0
2011-01-10 04,4,12843,1,0
2011-01-10 05,5,13538,1,0
2011-01-10 06,6,14214,1,0
2011-01-10 07,7,16194,1,0
2011-01-10 08,8,19146,1,0
2011-01-10 09,9,20346,1,0
2011-01-10 10,10,20741,1,0
2011-01-10 11,11,20396,1,0
2011-01-10 12,12,20225,1,0
2011-01-10 13,13,20248,1,0
2011-01-10 14,14,19987,1,0
2011-01-10 15,15,20445,1,0
2011-01-10 16,16,20667,1,0
2011-01-10 17,17,20860,1,0
2011-01-10 18,18,20971,1,0
2011-01-10 19,19,20899,1,0
2011-01-10 20,20,20844,1,0
2011-01-10 21,21,19995,1,0
2011-01-10 22,22,18786,1,0
2011-01-10 23,23,17266,1,0
2011-01-11 00,0,15600,2,0
2011-01-11 01,1,14406,2,0
2011-01-11 02,2,13970,2,0
2011-01-11 03,3,13597,2,0
2011-01-11 04,4,13489,2,0
2011-01-11 05,5,14164,2,0
2011-01-11 06,6,14511,2,0
2011-01-11 07,7,16393,2,0
2011-01-11 08,8,19322,2,0
2011-01-11 09,9,20733,2,0
2011-01-11 10,10,21435,2,0
2011-01-11 11,11,21253,2,0
2011-01-11 12,12,20442,2,0
2011-01-11 13,13,20683,2,0
2011-01-11 14,14,20557,2,0
2011-01-11 15,15,20728,2,0
2011-01-11 16,16,20784,2,0
2011-01-11 17,17,21004,2,0
2011-01-11 18,18,21131,2,0
2011-01-11 19,19,21014,2,0
2011-01-11 20,20,20790,2,0
2011-01-11 21,21,19851,2,0
2011-01-11 22,22,18698,2,0
2011-01-11 23,23,17062,2,0
2011-01-12 00,0,15443,3,0
2011-01-12 01,1,14719,3,0
2011-01-12 02,2,13958,3,0
2011-01-12 03,3,13587,3,0
2011-01-12 04,4,13581,3,0
2011-01-12 05,5,14123,3,0
2011-01-12 06,6,14902,3,0
2011-01-12 07,7,16790,3,0
2011-01-12 08,8,19537,3,0
2011-01-12 09,9,20656,3,0
2011-01-12 10,10,20976,3,0
2011-01-12 11,11,20525,3,0
2011-01-12 12,12,20412,3,0
2011-01-12 13,13,20467,3,0
2011-01-12 14,14,20466,3,0
2011-01-12 15,15,20522,3,0
2011-01-12 16,16,20652,3,0
2011-01-12 17,17,20706,3,0
2011-01-12 18,18,20993,3,0
2011-01-12 19,19,21061,3,0
2011-01-12 20,20,20832,3,0
2011-01-12 21,21,20580,3,0
2011-01-12 22,22,19156,3,0
2011-01-12 23,23,17507,3,0
2011-01-13 00,0,15838,4,0
2011-01-13 01,1,14562,4,0
2011-01-13 02,2,13848,4,0
2011-01-13 03,3,13606,4,0
2011-01-13 04,4,13645,4,0
2011-01-13 05,5,14234,4,0
2011-01-13 06,6,14725,4,0
2011-01-13 07,7,16702,4,0
2011-01-13 08,8,19487,4,0
2011-01-13 09,9,20339,4,0
2011-01-13 10,10,20534,4,0
2011-01-13 11,11,20297,4,0
2011-01-13 12,12,20091,4,0
2011-01-13 13,13,20176,4,0
2011-01-13 14,14,19596,4,0
2011-01-13 15,15,19784,4,0
2011-01-13 16,16,19975,4,0
2011-01-13 17,17,20090,4,0
2011-01-13 18,18,20254,4,0
2011-01-13 19,19,20322,4,0
2011-01-13 20,20,20230,4,0
2011-01-13 21,21,19666,4,0
2011-01-13 22,22,18454,4,0
2011-01-13 23,23,16801,4,0
2011-01-14 00,0,15368,5,0
2011-01-14 01,1,14336,5,0
2011-01-14 02,2,13569,5,0
2011-01-14 03,3,13303,5,0
2011-01-14 04,4,13102,5,0
2011-01-14 05,5,13700,5,0
2011-01-14 06,6,14596,5,0
2011-01-14 07,7,16485,5,0
2011-01-14 08,8,19075,5,0
2011-01-14 09,9,20158,5,0
2011-01-14 10,10,20497,5,0
2011-01-14 11,11,20224,5,0
2011-01-14 12,12,19680,5,0
2011-01-14 13,13,19780,5,0
2011-01-14 14,14,19686,5,0
2011-01-14 15,15,19908,5,0
2011-01-14 16,16,20153,5,0
2011-01-14 17,17,19996,5,0
2011-01-14 18,18,19967,5,0
2011-01-14 19,19,19730,5,0
2011-01-14 20,20,19557,5,0
2011-01-14 21,21,19434,5,0
2011-01-14 22,22,18269,5,0
2011-01-14 23,23,16668,5,0
2011-01-15 00,0,15344,6,1
2011-01-15 01,1,14417,6,1
2011-01-15 02,2,13773,6,1
2011-01-15 03,3,13140,6,1
2011-01-15 04,4,12898,6,1
2011-01-15 05,5,13402,6,1
2011-01-15 06,6,13576,6,1
2011-01-15 07,7,14854,6,1
2011-01-15 08,8,16962,6,1
2011-01-15 09,9,18341,6,1
2011-01-15 10,10,18760,6,1
2011-01-15 11,11,18652,6,1
2011-01-15 12,12,18051,6,1
2011-01-15 13,13,18169,6,1
2011-01-15 14,14,17935,6,1
2011-01-15 15,15,18197,6,1
2011-01-15 16,16,18841,6,1
2011-01-15 17,17,19728,6,1
2011-01-15 18,18,20188,6,1
2011-01-15 19,19,20303,6,1
2011-01-15 20,20,20185,6,1
2011-01-15 21,21,19525,6,1
2011-01-15 22,22,18264,6,1
2011-01-15 23,23,17140,6,1
2011-01-16 00,0,15606,7,1
2011-01-16 01,1,14582,7,1
2011-01-16 02,2,14075,7,1
2011-01-16 03,3,13730,7,1
2011-01-16 04,4,13473,7,1
2011-01-16 05,5,13681,7,1
2011-01-16 06,6,13701,7,1
2011-01-16 07,7,14925,7,1
2011-01-16 08,8,16707,7,1
2011-01-16 09,9,17583,7,1
2011-01-16 10,10,18132,7,1
2011-01-16 11,11,18049,7,1
2011-01-16 12,12,17965,7,1
2011-01-16 13,13,17971,7,1
2011-01-16 14,14,17897,7,1
2011-01-16 15,15,18082,7,1
2011-01-16 16,16,18866,7,1
2011-01-16 17,17,19491,7,1
2011-01-16 18,18,19865,7,1
2011-01-16 19,19,20067,7,1
2011-01-16 20,20,19818,7,1
2011-01-16 21,21,19207,7,1
2011-01-16 22,22,18188,7,1
2011-01-16 23,23,16763,7,1
2011-01-17 00,0,15227,1,0
2011-01-17 01,1,14276,1,0
2011-01-17 02,2,13670,1,0
2011-01-17 03,3,13399,1,0
2011-01-17 04,4,13232,1,0
2011-01-17 05,5,13781,1,0
2011-01-17 06,6,14437,1,0
2011-01-17 07,7,16417,1,0
2011-01-17 08,8,19427,1,0
2011-01-17 09,9,20883,1,0
2011-01-17 10,10,21325,1,0
2011-01-17 11,11,21099,1,0
2011-01-17 12,12,20951,1,0
2011-01-17 13,13,21014,1,0
2011-01-17 14,14,20897,1,0
2011-01-17 15,15,20994,1,0
2011-01-17 16,16,21130,1,0
2011-01-17 17,17,21217,1,0
2011-01-17 18,18,21271,1,0
2011-01-17 19,19,21276,1,0
2011-01-17 20,20,21141,1,0
2011-01-17 21,21,20905,1,0
2011-01-17 22,22,19431,1,0
2011-01-17 23,23,17751,1,0
2011-01-18 00,0,15978,2,0
2011-01-18 01,1,14667,2,0
2011-01-18 02,2,14131,2,0
2011-01-18 03,3,13805,2,0
2011-01-18 04,4,13727,2,0
2011-01-18 05,5,14213,2,0
2011-01-18 06,6,14775,2,0
2011-01-18 07,7,16923,2,0
2011-01-18 08,8,20150,2,0
2011-01-18 09,9,21296,2,0
2011-01-18 10,10,21850,2,0
2011-01-18 11,11,21741,2,0
2011-01-18 12,12,21660,2,0
2011-01-18 13,13,21683,2,0
2011-01-18 14,14,21760,2,0
2011-01-18 15,15,21823,2,0
2011-01-18 16,16,21858,2,0
2011-01-18 17,17,21652,2,0
2011-01-18 18,18,21636,2,0
2011-01-18 19,19,21510,2,0
2011-01-18 20,20,21296,2,0
2011-01-18 21,21,21030,2,0
2011-01-18 22,22,19674,2,0
2011-01-18 23,23,17916,2,0
2011-01-19 00,0,16195,3,0
2011-01-19 01,1,14826,3,0
2011-01-19 02,2,14172,3,0
2011-01-19 03,3,13745,3,0
2011-01-19 04,4,13796,3,0
2011-01-19 05,5,14113,3,0
2011-01-19 06,6,14609,3,0
2011-01-19 07,7,16860,3,0
2011-01-19 08,8,19489,3,0
2011-01-19 09,9,21328,3,0
2011-01-19 10,10,21786,3,0
2011-01-19 11,11,21693,3,0
2011-01-19 12,12,21525,3,0
2011-01-19 13,13,21633,3,0
2011-01-19 14,14,21551,3,0
2011-01-19 15,15,21397,3,0
2011-01-19 16,16,21466,3,0
2011-01-19 17,17,21095,3,0
2011-01-19 18,18,21086,3,0
2011-01-19 19,19,21073,3,0
2011-01-19 20,20,20857,3,0
2011-01-19 21,21,20377,3,0
2011-01-19 22,22,19373,3,0
2011-01-19 23,23,17622,3,0
2011-01-20 00,0,16187,4,0
2011-01-20 01,1,14686,4,0
2011-01-20 02,2,14265,4,0
2011-01-20 03,3,14007,4,0
2011-01-20 04,4,13857,4,0
2011-01-20 05,5,14131,4,0
2011-01-20 06,6,14565,4,0
2011-01-20 07,7,16689,4,0
2011-01-20 08,8,19521,4,0
2011-01-20 09,9,21301,4,0
2011-01-20 10,10,21922,4,0
2011-01-20 11,11,21654,4,0
2011-01-20 12,12,21597,4,0
2011-01-20 13,13,21708,4,0
2011-01-20 14,14,21524,4,0
2011-01-20 15,15,21436,4,0
2011-01-20 16,16,21563,4,0
2011-01-20 17,17,21170,4,0
2011-01-20 18,18,21176,4,0
2011-01-20 19,19,21055,4,0
2011-01-20 20,20,20890,4,0
2011-01-20 21,21,20236,4,0
2011-01-20 22,22,18905,4,0
2011-01-20 23,23,17305,4,0
2011-01-21 00,0,15679,5,0
2011-01-21 01,1,14628,5,0
2011-01-21 02,2,14247,5,0
2011-01-21 03,3,13898,5,0
2011-01-21 04,4,13665,5,0
2011-01-21 05,5,14050,5,0
2011-01-21 06,6,14663,5,0
2011-01-21 07,7,16753,5,0
2011-01-21 08,8,19586,5,0
2011-01-21 09,9,20618,5,0
2011-01-21 10,10,20934,5,0
2011-01-21 11,11,20645,5,0
2011-01-21 12,12,20407,5,0
2011-01-21 13,13,20439,5,0
2011-01-21 14,14,20475,5,0
2011-01-21 15,15,20455,5,0
2011-01-21 16,16,20451,5,0
2011-01-21 17,17,20030,5,0
2011-01-21 18,18,20175,5,0
2011-01-21 19,19,20168,5,0
2011-01-21 20,20,20103,5,0
2011-01-21 21,21,19927,5,0
2011-01-21 22,22,18797,5,0
2011-01-21 23,23,17363,5,0
2011-01-22 00,0,15709,6,1
2011-01-22 01,1,14614,6,1
2011-01-22 02,2,14131,6,1
2011-01-22 03,3,13716,6,1
2011-01-22 04,4,13489,6,1
2011-01-22 05,5,13655,6,1
2011-01-22 06,6,13725,6,1
2011-01-22 07,7,14900,6,1
2011-01-22 08,8,16829,6,1
2011-01-22 09,9,18210,6,1
2011-01-22 10,10,18306,6,1
2011-01-22 11,11,18197,6,1
2011-01-22 12,12,17485,6,1
2011-01-22 13,13,17573,6,1
2011-01-22 14,14,17364,6,1
2011-01-22 15,15,17372,6,1
2011-01-22 16,16,17913,6,1
2011-01-22 17,17,18591,6,1
2011-01-22 18,18,18871,6,1
2011-01-22 19,19,19115,6,1
2011-01-22 20,20,18879,6,1
2011-01-22 21,21,18516,6,1
2011-01-22 22,22,17636,6,1
2011-01-22 23,23,16364,6,1
2011-01-23 00,0,14838,7,1
2011-01-23 01,1,14009,7,1
2011-01-23 02,2,13431,7,1
2011-01-23 03,3,13038,7,1
2011-01-23 04,4,12899,7,1
2011-01-23 05,5,13110,7,1
2011-01-23 06,6,12943,7,1
2011-01-23 07,7,14052,7,1
2011-01-23 08,8,15681,7,1
2011-01-23 09,9,16995,7,1
2011-01-23 10,10,17722,7,1
2011-01-23 11,11,17788,7,1
2011-01-23 12,12,17599,7,1
2011-01-23 13,13,17528,7,1
2011-01-23 14,14,17596,7,1
2011-01-23 15,15,17470,7,1
2011-01-23 16,16,17729,7,1
2011-01-23 17,17,18501,7,1
2011-01-23 18,18,18534,7,1
2011-01-23 19,19,18515,7,1
2011-01-23 20,20,18610,7,1
2011-01-23 21,21,17989,7,1
2011-01-23 22,22,17118,7,1
2011-01-23 23,23,15972,7,1
2011-01-24 00,0,14377,1,0
2011-01-24 01,1,13553,1,0
2011-01-24 02,2,13053,1,0
2011-01-24 03,3,12805,1,0
2011-01-24 04,4,12681,1,0
2011-01-24 05,5,13312,1,0
2011-01-24 06,6,13694,1,0
2011-01-24 07,7,15696,1,0
2011-01-24 08,8,18317,1,0
2011-01-24 09,9,19799,1,0
2011-01-24 10,10,20128,1,0
2011-01-24 11,11,19784,1,0
2011-01-24 12,12,19168,1,0
2011-01-24 13,13,19157,1,0
2011-01-24 14,14,19067,1,0
2011-01-24 15,15,19110,1,0
2011-01-24 16,16,19288,1,0
2011-01-24 17,17,19374,1,0
2011-01-24 18,18,19438,1,0
2011-01-24 19,19,19724,1,0
2011-01-24 20,20,19449,1,0
2011-01-24 21,21,18909,1,0
2011-01-24 22,22,17971,1,0
2011-01-24 23,23,16603,1,0
2011-01-25 00,0,15158,2,0
2011-01-25 01,1,13937,2,0
2011-01-25 02,2,13588,2,0
2011-01-25 03,3,13126,2,0
2011-01-25 04,4,12991,2,0
2011-01-25 05,5,13491,2,0
2011-01-25 06,6,14108,2,0
2011-01-25 07,7,15946,2,0
2011-01-25 08,8,18415,2,0
2011-01-25 09,9,19227,2,0
2011-01-25 10,10,19514,2,0
2011-01-25 11,11,19077,2,0
2011-01-25 12,12,19103,2,0
2011-01-25 13,13,18991,2,0
2011-01-25 14,14,18650,2,0
2011-01-25 15,15,18736,2,0
2011-01-25 16,16,18833,2,0
2011-01-25 17,17,18802,2,0
2011-01-25 18,18,19030,2,0
2011-01-25 19,19,19240,2,0
2011-01-25 20,20,19009,2,0
2011-01-25 21,21,18534,2,0
2011-01-25 22,22,17636,2,0
2011-01-25 23,23,16213,2,0
2011-01-26 00,0,14714,3,0
2011-01-26 01,1,13777,3,0
2011-01-26 02,2,13049,3,0
2011-01-26 03,3,12815,3,0
2011-01-26 04,4,12790,3,0
2011-01-26 05,5,13203,3,0
2011-01-26 06,6,13929,3,0
2011-01-26 07,7,15686,3,0
2011-01-26 08,8,17881,3,0
2011-01-26 09,9,18874,3,0
2011-01-26 10,10,19509,3,0
2011-01-26 11,11,19077,3,0
2011-01-26 12,12,19112,3,0
2011-01-26 13,13,18606,3,0
2011-01-26 14,14,18444,3,0
2011-01-26 15,15,18181,3,0
2011-01-26 16,16,18382,3,0
2011-01-26 17,17,18442,3,0
2011-01-26 18,18,18531,3,0
2011-01-26 19,19,18555,3,0
2011-01-26 20,20,18536,3,0
2011-01-26 21,21,18172,3,0
2011-01-26 22,22,17247,3,0
2011-01-26 23,23,16060,3,0
2011-01-27 00,0,14403,4,0
2011-01-27 01,1,13454,4,0
2011-01-27 02,2,12886,4,0
2011-01-27 03,3,12655,4,0
2011-01-27 04,4,12496,4,0
2011-01-27 05,5,13016,4,0
2011-01-27 06,6,13357,4,0
2011-01-27 07,7,14918,4,0
2011-01-27 08,8,17322,4,0
2011-01-27 09,9,18095,4,0
2011-01-27 10,10,18597,4,0
2011-01-27 11,11,18522,4,0
2011-01-27 12,12,18411,4,0
2011-01-27 13,13,18562,4,0
2011-01-27 14,14,18542,4,0
2011-01-27 15,15,18397,4,0
2011-01-27 16,16,18397,4,0
2011-01-27 17,17,18239,4,0
2011-01-27 18,18,18396,4,0
2011-01-27 19,19,18383,4,0
2011-01-27 20,20,18417,4,0
2011-01-27 21,21,18078,4,0
2011-01-27 22,22,17189,4,0
2011-01-27 23,23,15993,4,0
2011-01-28 00,0,14683,5,0
2011-01-28 01,1,13225,5,0
2011-01-28 02,2,12570,5,0
2011-01-28 03,3,12295,5,0
2011-01-28 04,4,12161,5,0
2011-01-28 05,5,12635,5,0
2011-01-28 06,6,13306,5,0
2011-01-28 07,7,14992,5,0
2011-01-28 08,8,17344,5,0
2011-01-28 09,9,18026,5,0
2011-01-28 10,10,18832,5,0
2011-01-28 11,11,18665,5,0
2011-01-28 12,12,18454,5,0
2011-01-28 13,13,18380,5,0
2011-01-28 14,14,18306,5,0
2011-01-28 15,15,18250,5,0
2011-01-28 16,16,18324,5,0
2011-01-28 17,17,18183,5,0
2011-01-28 18,18,18192,5,0
2011-01-28 19,19,18146,5,0
2011-01-28 20,20,18019,5,0
2011-01-28 21,21,17914,5,0
2011-01-28 22,22,16909,5,0
2011-01-28 23,23,15831,5,0
2011-01-29 00,0,14478,6,1
2011-01-29 01,1,13187,6,1
2011-01-29 02,2,12649,6,1
2011-01-29 03,3,12174,6,1
2011-01-29 04,4,12119,6,1
2011-01-29 05,5,12457,6,1
2011-01-29 06,6,12660,6,1
2011-01-29 07,7,13643,6,1
2011-01-29 08,8,14958,6,1
2011-01-29 09,9,15666,6,1
2011-01-29 10,10,15978,6,1
2011-01-29 11,11,15915,6,1
2011-01-29 12,12,15932,6,1
2011-01-29 13,13,15880,6,1
2011-01-29 14,14,15792,6,1
2011-01-29 15,15,15921,6,1
2011-01-29 16,16,16252,6,1
2011-01-29 17,17,16701,6,1
2011-01-29 18,18,17034,6,1
2011-01-29 19,19,17114,6,1
2011-01-29 20,20,17189,6,1
2011-01-29 21,21,17079,6,1
2011-01-29 22,22,16440,6,1
2011-01-29 23,23,15155,6,1
2011-01-30 00,0,13917,7,0
2011-01-30 01,1,13067,7,0
2011-01-30 02,2,12254,7,0
2011-01-30 03,3,11878,7,0
2011-01-30 04,4,11728,7,0
2011-01-30 05,5,12124,7,0
2011-01-30 06,6,12674,7,0
2011-01-30 07,7,14159,7,0
2011-01-30 08,8,16139,7,0
2011-01-30 09,9,16718,7,0
2011-01-30 10,10,16970,7,0
2011-01-30 11,11,16954,7,0
2011-01-30 12,12,16905,7,0
2011-01-30 13,13,16745,7,0
2011-01-30 14,14,16435,7,0
2011-01-30 15,15,16299,7,0
2011-01-30 16,16,16426,7,0
2011-01-30 17,17,16664,7,0
2011-01-30 18,18,16742,7,0
2011-01-30 19,19,16973,7,0
2011-01-30 20,20,17139,7,0
2011-01-30 21,21,16965,7,0
2011-01-30 22,22,16109,7,0
2011-01-30 23,23,14919,7,0
2011-01-31 00,0,13787,1,0
2011-01-31 01,1,12420,1,0
2011-01-31 02,2,11791,1,0
2011-01-31 03,3,11506,1,0
2011-01-31 04,4,11391,1,0
2011-01-31 05,5,11942,1,0
2011-01-31 06,6,12015,1,0
2011-01-31 07,7,13483,1,0
2011-01-31 08,8,15264,1,0
2011-01-31 09,9,15803,1,0
2011-01-31 10,10,15964,1,0
2011-01-31 11,11,15850,1,0
2011-01-31 12,12,15753,1,0
2011-01-31 13,13,15452,1,0
2011-01-31 14,14,15083,1,0
2011-01-31 15,15,14992,1,0
2011-01-31 16,16,14984,1,0
2011-01-31 17,17,15249,1,0
2011-01-31 18,18,15700,1,0
2011-01-31 19,19,15806,1,0
2011-01-31 20,20,15759,1,0
2011-01-31 21,21,15619,1,0
2011-01-31 22,22,14880,1,0
2011-01-31 23,23,13835,1,0
2011-02-01 00,0,12602,2,0
2011-02-01 01,1,11740,2,0
2011-02-01 02,2,11145,2,0
2011-02-01 03,3,10761,2,0
2011-02-01 04,4,10757,2,0
2011-02-01 05,5,11019,2,0
2011-02-01 06,6,11404,2,0
2011-02-01 07,7,12504,2,0
2011-02-01 08,8,13867,2,0
2011-02-01 09,9,14237,2,0
2011-02-01 10,10,14465,2,0
2011-02-01 11,11,14499,2,0
2011-02-01 12,12,14219,2,0
2011-02-01 13,13,14004,2,0
2011-02-01 14,14,13611,2,0
2011-02-01 15,15,13151,2,0
2011-02-01 16,16,13521,2,0
2011-02-01 17,17,14205,2,0
2011-02-01 18,18,14293,2,0
2011-02-01 19,19,14520,2,0
2011-02-01 20,20,14640,2,0
2011-02-01 21,21,14178,2,0
2011-02-01 22,22,13607,2,0
2011-02-01 23,23,12752,2,0
2011-02-02 00,0,11395,3,-1
2011-02-02 01,1,10702,3,-1
2011-02-02 02,2,10128,3,-1
2011-02-02 03,3,10022,3,-1
2011-02-02 04,4,9775,3,-1
2011-02-02 05,5,10055,3,-1
2011-02-02 06,6,9855,3,-1
2011-02-02 07,7,10241,3,-1
2011-02-02 08,8,10680,3,-1
2011-02-02 09,9,11139,3,-1
2011-02-02 10,10,11390,3,-1
2011-02-02 11,11,11495,3,-1
2011-02-02 12,12,11320,3,-1
2011-02-02 13,13,11291,3,-1
2011-02-02 14,14,11118,3,-1
2011-02-02 15,15,11225,3,-1
2011-02-02 16,16,11551,3,-1
2011-02-02 17,17,12010,3,-1
2011-02-02 18,18,12074,3,-1
2011-02-02 19,19,12506,3,-1
2011-02-02 20,20,12790,3,-1
2011-02-02 21,21,12756,3,-1
2011-02-02 22,22,12594,3,-1
2011-02-02 23,23,12435,3,-1
2011-02-03 00,0,11929,4,-1
2011-02-03 01,1,10393,4,-1
2011-02-03 02,2,9496,4,-1
2011-02-03 03,3,9175,4,-1
2011-02-03 04,4,9089,4,-1
2011-02-03 05,5,9268,4,-1
2011-02-03 06,6,9085,4,-1
2011-02-03 07,7,9280,4,-1
2011-02-03 08,8,9985,4,-1
2011-02-03 09,9,10477,4,-1
2011-02-03 10,10,10482,4,-1
2011-02-03 11,11,10450,4,-1
2011-02-03 12,12,10380,4,-1
2011-02-03 13,13,10381,4,-1
2011-02-03 14,14,10165,4,-1
2011-02-03 15,15,10157,4,-1
2011-02-03 16,16,10884,4,-1
2011-02-03 17,17,11374,4,-1
2011-02-03 18,18,11768,4,-1
2011-02-03 19,19,11899,4,-1
2011-02-03 20,20,11919,4,-1
2011-02-03 21,21,12152,4,-1
2011-02-03 22,22,11877,4,-1
2011-02-03 23,23,11244,4,-1
2011-02-04 00,0,10454,5,-1
2011-02-04 01,1,9508,5,-1
2011-02-04 02,2,9024,5,-1
2011-02-04 03,3,8840,5,-1
2011-02-04 04,4,8736,5,-1
2011-02-04 05,5,8965,5,-1
2011-02-04 06,6,9112,5,-1
2011-02-04 07,7,9323,5,-1
2011-02-04 08,8,9962,5,-1
2011-02-04 09,9,10373,5,-1
2011-02-04 10,10,10588,5,-1
2011-02-04 11,11,10449,5,-1
2011-02-04 12,12,10235,5,-1
2011-02-04 13,13,9989,5,-1
2011-02-04 14,14,9796,5,-1
2011-02-04 15,15,9870,5,-1
2011-02-04 16,16,10198,5,-1
2011-02-04 17,17,11168,5,-1
2011-02-04 18,18,11528,5,-1
2011-02-04 19,19,11684,5,-1
2011-02-04 20,20,11797,5,-1
2011-02-04 21,21,11559,5,-1
2011-02-04 22,22,11153,5,-1
2011-02-04 23,23,10533,5,-1
2011-02-05 00,0,10055,6,1
2011-02-05 01,1,9511,6,1
2011-02-05 02,2,9052,6,1
2011-02-05 03,3,8814,6,1
2011-02-05 04,4,8881,6,1
2011-02-05 05,5,8955,6,1
2011-02-05 06,6,8814,6,1
2011-02-05 07,7,9534,6,1
2011-02-05 08,8,9999,6,1
2011-02-05 09,9,10318,6,1
2011-02-05 10,10,10771,6,1
2011-02-05 11,11,10736,6,1
2011-02-05 12,12,10427,6,1
2011-02-05 13,13,9983,6,1
2011-02-05 14,14,9784,6,1
2011-02-05 15,15,9890,6,1
2011-02-05 16,16,10644,6,1
2011-02-05 17,17,11270,6,1
2011-02-05 18,18,11642,6,1
2011-02-05 19,19,11764,6,1
2011-02-05 20,20,11900,6,1
2011-02-05 21,21,11799,6,1
2011-02-05 22,22,11657,6,1
2011-02-05 23,23,10989,6,1
2011-02-06 00,0,10238,7,1
2011-02-06 01,1,9611,7,1
2011-02-06 02,2,9130,7,1
2011-02-06 03,3,8916,7,1
2011-02-06 04,4,8985,7,1
2011-02-06 05,5,9102,7,1
2011-02-06 06,6,9101,7,1
2011-02-06 07,7,9641,7,1
2011-02-06 08,8,10121,7,1
2011-02-06 09,9,10732,7,1
2011-02-06 10,10,11252,7,1
2011-02-06 11,11,11364,7,1
2011-02-06 12,12,10931,7,1
2011-02-06 13,13,10526,7,1
2011-02-06 14,14,10242,7,1
2011-02-06 15,15,10227,7,1
2011-02-06 16,16,10764,7,1
2011-02-06 17,17,11463,7,1
2011-02-06 18,18,11946,7,1
2011-02-06 19,19,12049,7,1
2011-02-06 20,20,12043,7,1
2011-02-06 21,21,12000,7,1
2011-02-06 22,22,11735,7,1
2011-02-06 23,23,11089,7,1
2011-02-07 00,0,10338,1,1
2011-02-07 01,1,9611,1,1
2011-02-07 02,2,9206,1,1
2011-02-07 03,3,9152,1,1
2011-02-07 04,4,9169,1,1
2011-02-07 05,5,9308,1,1
2011-02-07 06,6,9409,1,1
2011-02-07 07,7,9781,1,1
2011-02-07 08,8,10495,1,1
2011-02-07 09,9,11146,1,1
2011-02-07 10,10,11710,1,1
2011-02-07 11,11,11640,1,1
2011-02-07 12,12,11198,1,1
2011-02-07 13,13,10817,1,1
2011-02-07 14,14,10727,1,1
2011-02-07 15,15,10734,1,1
2011-02-07 16,16,11162,1,1
2011-02-07 17,17,11875,1,1
2011-02-07 18,18,12364,1,1
2011-02-07 19,19,12408,1,1
2011-02-07 20,20,12375,1,1
2011-02-07 21,21,12322,1,1
2011-02-07 22,22,11875,1,1
2011-02-07 23,23,11231,1,1
2011-02-08 00,0,10459,2,1
2011-02-08 01,1,10000,2,1
2011-02-08 02,2,9519,2,1
2011-02-08 03,3,9159,2,1
2011-02-08 04,4,9208,2,1
2011-02-08 05,5,9358,2,1
2011-02-08 06,6,9338,2,1
2011-02-08 07,7,10284,2,1
2011-02-08 08,8,11133,2,1
2011-02-08 09,9,11524,2,1
2011-02-08 10,10,11737,2,1
2011-02-08 11,11,11630,2,1
2011-02-08 12,12,11596,2,1
2011-02-08 13,13,11515,2,1
2011-02-08 14,14,11329,2,1
2011-02-08 15,15,11455,2,1
2011-02-08 16,16,11881,2,1
2011-02-08 17,17,12348,2,1
2011-02-08 18,18,12529,2,1
2011-02-08 19,19,12570,2,1
2011-02-08 20,20,12590,2,1
2011-02-08 21,21,12554,2,1
2011-02-08 22,22,12075,2,1
2011-02-08 23,23,11431,2,1
2011-02-09 00,0,10638,3,0
2011-02-09 01,1,9872,3,0
2011-02-09 02,2,9661,3,0
2011-02-09 03,3,9499,3,0
2011-02-09 04,4,9405,3,0
2011-02-09 05,5,9818,3,0
2011-02-09 06,6,9991,3,0
2011-02-09 07,7,11226,3,0
2011-02-09 08,8,13239,3,0
2011-02-09 09,9,14426,3,0
2011-02-09 10,10,14803,3,0
2011-02-09 11,11,14735,3,0
2011-02-09 12,12,14514,3,0
2011-02-09 13,13,14534,3,0
2011-02-09 14,14,14561,3,0
2011-02-09 15,15,14476,3,0
2011-02-09 16,16,14718,3,0
2011-02-09 17,17,14814,3,0
2011-02-09 18,18,14822,3,0
2011-02-09 19,19,14758,3,0
2011-02-09 20,20,14642,3,0
2011-02-09 21,21,13999,3,0
2011-02-09 22,22,13404,3,0
2011-02-09 23,23,12261,3,0
2011-02-10 00,0,11352,4,0
2011-02-10 01,1,10825,4,0
2011-02-10 02,2,10685,4,0
2011-02-10 03,3,10491,4,0
2011-02-10 04,4,10283,4,0
2011-02-10 05,5,10865,4,0
2011-02-10 06,6,10866,4,0
2011-02-10 07,7,12834,4,0
2011-02-10 08,8,14888,4,0
2011-02-10 09,9,16368,4,0
2011-02-10 10,10,16973,4,0
2011-02-10 11,11,16955,4,0
2011-02-10 12,12,16634,4,0
2011-02-10 13,13,17306,4,0
2011-02-10 14,14,16587,4,0
2011-02-10 15,15,16587,4,0
2011-02-10 16,16,16786,4,0
2011-02-10 17,17,16578,4,0
2011-02-10 18,18,16526,4,0
2011-02-10 19,19,16404,4,0
2011-02-10 20,20,16286,4,0
2011-02-10 21,21,16120,4,0
2011-02-10 22,22,15182,4,0
2011-02-10 23,23,14004,4,0
2011-02-11 00,0,12599,5,0
2011-02-11 01,1,12006,5,0
2011-02-11 02,2,11542,5,0
2011-02-11 03,3,11286,5,0
2011-02-11 04,4,11210,5,0
2011-02-11 05,5,11577,5,0
2011-02-11 06,6,11963,5,0
2011-02-11 07,7,14012,5,0
2011-02-11 08,8,16536,5,0
2011-02-11 09,9,17312,5,0
2011-02-11 10,10,17546,5,0
2011-02-11 11,11,17429,5,0
2011-02-11 12,12,17402,5,0
2011-02-11 13,13,17532,5,0
2011-02-11 14,14,17314,5,0
2011-02-11 15,15,17169,5,0
2011-02-11 16,16,17243,5,0
2011-02-11 17,17,16614,5,0
2011-02-11 18,18,16935,5,0
2011-02-11 19,19,16843,5,0
2011-02-11 20,20,16920,5,0
2011-02-11 21,21,16629,5,0
2011-02-11 22,22,15886,5,0
2011-02-11 23,23,14623,5,0
2011-02-12 00,0,13549,6,0
2011-02-12 01,1,12274,6,0
2011-02-12 02,2,11920,6,0
2011-02-12 03,3,11616,6,0
2011-02-12 04,4,11563,6,0
2011-02-12 05,5,11889,6,0
2011-02-12 06,6,12302,6,0
2011-02-12 07,7,14220,6,0
2011-02-12 08,8,16500,6,0
2011-02-12 09,9,17380,6,0
2011-02-12 10,10,17848,6,0
2011-02-12 11,11,17496,6,0
2011-02-12 12,12,17266,6,0
2011-02-12 13,13,17233,6,0
2011-02-12 14,14,17069,6,0
2011-02-12 15,15,16985,6,0
2011-02-12 16,16,17106,6,0
2011-02-12 17,17,17077,6,0
2011-02-12 18,18,17296,6,0
2011-02-12 19,19,17404,6,0
2011-02-12 20,20,17135,6,0
2011-02-12 21,21,16557,6,0
2011-02-12 22,22,15871,6,0
2011-02-12 23,23,14974,6,0
2011-02-13 00,0,13369,7,1
2011-02-13 01,1,12635,7,1
2011-02-13 02,2,12320,7,1
2011-02-13 03,3,12003,7,1
2011-02-13 04,4,11852,7,1
2011-02-13 05,5,12019,7,1
2011-02-13 06,6,11916,7,1
2011-02-13 07,7,12961,7,1
2011-02-13 08,8,14558,7,1
2011-02-13 09,9,15296,7,1
2011-02-13 10,10,16056,7,1
2011-02-13 11,11,16158,7,1
2011-02-13 12,12,15982,7,1
2011-02-13 13,13,16030,7,1
2011-02-13 14,14,15954,7,1
2011-02-13 15,15,16141,7,1
2011-02-13 16,16,16568,7,1
2011-02-13 17,17,17237,7,1
2011-02-13 18,18,17417,7,1
2011-02-13 19,19,17487,7,1
2011-02-13 20,20,17320,7,1
2011-02-13 21,21,16605,7,1
2011-02-13 22,22,15578,7,1
2011-02-13 23,23,14426,7,1
2011-02-14 00,0,13269,1,0
2011-02-14 01,1,12587,1,0
2011-02-14 02,2,12235,1,0
2011-02-14 03,3,11910,1,0
2011-02-14 04,4,11769,1,0
2011-02-14 05,5,12354,1,0
2011-02-14 06,6,13042,1,0
2011-02-14 07,7,14978,1,0
2011-02-14 08,8,17667,1,0
2011-02-14 09,9,19106,1,0
2011-02-14 10,10,19231,1,0
2011-02-14 11,11,19189,1,0
2011-02-14 12,12,18757,1,0
2011-02-14 13,13,18823,1,0
2011-02-14 14,14,18680,1,0
2011-02-14 15,15,18571,1,0
2011-02-14 16,16,18753,1,0
2011-02-14 17,17,18675,1,0
2011-02-14 18,18,18974,1,0
2011-02-14 19,19,19038,1,0
2011-02-14 20,20,18900,1,0
2011-02-14 21,21,18144,1,0
2011-02-14 22,22,16938,1,0
2011-02-14 23,23,15683,1,0
2011-02-15 00,0,14545,2,0
2011-02-15 01,1,13888,2,0
2011-02-15 02,2,13043,2,0
2011-02-15 03,3,12691,2,0
2011-02-15 04,4,12711,2,0
2011-02-15 05,5,13063,2,0
2011-02-15 06,6,13911,2,0
2011-02-15 07,7,15920,2,0
2011-02-15 08,8,18228,2,0
2011-02-15 09,9,19112,2,0
2011-02-15 10,10,19428,2,0
2011-02-15 11,11,19271,2,0
2011-02-15 12,12,18827,2,0
2011-02-15 13,13,19008,2,0
2011-02-15 14,14,18692,2,0
2011-02-15 15,15,18646,2,0
2011-02-15 16,16,18635,2,0
2011-02-15 17,17,18302,2,0
2011-02-15 18,18,18886,2,0
2011-02-15 19,19,18960,2,0
2011-02-15 20,20,18879,2,0
2011-02-15 21,21,18516,2,0
2011-02-15 22,22,17319,2,0
2011-02-15 23,23,15882,2,0
2011-02-16 00,0,14544,3,0
2011-02-16 01,1,13278,3,0
2011-02-16 02,2,12832,3,0
2011-02-16 03,3,12546,3,0
2011-02-16 04,4,12416,3,0
2011-02-16 05,5,12943,3,0
2011-02-16 06,6,13849,3,0
2011-02-16 07,7,15586,3,0
2011-02-16 08,8,17888,3,0
2011-02-16 09,9,19196,3,0
2011-02-16 10,10,19714,3,0
2011-02-16 11,11,19576,3,0
2011-02-16 12,12,19197,3,0
2011-02-16 13,13,19266,3,0
2011-02-16 14,14,19108,3,0
2011-02-16 15,15,19046,3,0
2011-02-16 16,16,18985,3,0
2011-02-16 17,17,18795,3,0
2011-02-16 18,18,18833,3,0
2011-02-16 19,19,18810,3,0
2011-02-16 20,20,18659,3,0
2011-02-16 21,21,17807,3,0
2011-02-16 22,22,16639,3,0
2011-02-16 23,23,15227,3,0
2011-02-17 00,0,13818,4,0
2011-02-17 01,1,13298,4,0
2011-02-17 02,2,12670,4,0
2011-02-17 03,3,12387,4,0
2011-02-17 04,4,12359,4,0
2011-02-17 05,5,12803,4,0
2011-02-17 06,6,13659,4,0
2011-02-17 07,7,15409,4,0
2011-02-17 08,8,18063,4,0
2011-02-17 09,9,19128,4,0
2011-02-17 10,10,19852,4,0
2011-02-17 11,11,19641,4,0
2011-02-17 12,12,19230,4,0
2011-02-17 13,13,19363,4,0
2011-02-17 14,14,19104,4,0
2011-02-17 15,15,18943,4,0
2011-02-17 16,16,18901,4,0
2011-02-17 17,17,18186,4,0
2011-02-17 18,18,18227,4,0
2011-02-17 19,19,18162,4,0
2011-02-17 20,20,18262,4,0
2011-02-17 21,21,18315,4,0
2011-02-17 22,22,17425,4,0
2011-02-17 23,23,16063,4,0
2011-02-18 00,0,14574,5,0
2011-02-18 01,1,13177,5,0
2011-02-18 02,2,12738,5,0
2011-02-18 03,3,12556,5,0
2011-02-18 04,4,12518,5,0
2011-02-18 05,5,12792,5,0
2011-02-18 06,6,13325,5,0
2011-02-18 07,7,15334,5,0
2011-02-18 08,8,17974,5,0
2011-02-18 09,9,19407,5,0
2011-02-18 10,10,19706,5,0
2011-02-18 11,11,19474,5,0
2011-02-18 12,12,19370,5,0
2011-02-18 13,13,19492,5,0
2011-02-18 14,14,19296,5,0
2011-02-18 15,15,19086,5,0
2011-02-18 16,16,18983,5,0
2011-02-18 17,17,18591,5,0
2011-02-18 18,18,18744,5,0
2011-02-18 19,19,18785,5,0
2011-02-18 20,20,18379,5,0
2011-02-18 21,21,17950,5,0
2011-02-18 22,22,16858,5,0
2011-02-18 23,23,15576,5,0
2011-02-19 00,0,14286,6,1
2011-02-19 01,1,13416,6,1
2011-02-19 02,2,12932,6,1
2011-02-19 03,3,12626,6,1
2011-02-19 04,4,12507,6,1
2011-02-19 05,5,12552,6,1
2011-02-19 06,6,12541,6,1
2011-02-19 07,7,13783,6,1
2011-02-19 08,8,15857,6,1
2011-02-19 09,9,16772,6,1
2011-02-19 10,10,17359,6,1
2011-02-19 11,11,16943,6,1
2011-02-19 12,12,16686,6,1
2011-02-19 13,13,16720,6,1
2011-02-19 14,14,16667,6,1
2011-02-19 15,15,16690,6,1
2011-02-19 16,16,17177,6,1
2011-02-19 17,17,17531,6,1
2011-02-19 18,18,17849,6,1
2011-02-19 19,19,17734,6,1
2011-02-19 20,20,17643,6,1
2011-02-19 21,21,17566,6,1
2011-02-19 22,22,16636,6,1
2011-02-19 23,23,15476,6,1
2011-02-20 00,0,14036,7,1
2011-02-20 01,1,13106,7,1
2011-02-20 02,2,12529,7,1
2011-02-20 03,3,12185,7,1
2011-02-20 04,4,12005,7,1
2011-02-20 05,5,12224,7,1
2011-02-20 06,6,12304,7,1
2011-02-20 07,7,13340,7,1
2011-02-20 08,8,14784,7,1
2011-02-20 09,9,15394,7,1
2011-02-20 10,10,15699,7,1
2011-02-20 11,11,15377,7,1
2011-02-20 12,12,15341,7,1
2011-02-20 13,13,15428,7,1
2011-02-20 14,14,15266,7,1
2011-02-20 15,15,15382,7,1
2011-02-20 16,16,15857,7,1
2011-02-20 17,17,16115,7,1
2011-02-20 18,18,16527,7,1
2011-02-20 19,19,16628,7,1
2011-02-20 20,20,16814,7,1
2011-02-20 21,21,16554,7,1
2011-02-20 22,22,15773,7,1
2011-02-20 23,23,14576,7,1
2011-02-21 00,0,13293,1,0
2011-02-21 01,1,12568,1,0
2011-02-21 02,2,11840,1,0
2011-02-21 03,3,11608,1,0
2011-02-21 04,4,11759,1,0
2011-02-21 05,5,12195,1,0
2011-02-21 06,6,13066,1,0
2011-02-21 07,7,15228,1,0
2011-02-21 08,8,17641,1,0
2011-02-21 09,9,18556,1,0
2011-02-21 10,10,18746,1,0
2011-02-21 11,11,18445,1,0
2011-02-21 12,12,17888,1,0
2011-02-21 13,13,17882,1,0
2011-02-21 14,14,17554,1,0
2011-02-21 15,15,17330,1,0
2011-02-21 16,16,17335,1,0
2011-02-21 17,17,16778,1,0
2011-02-21 18,18,17352,1,0
2011-02-21 19,19,17414,1,0
2011-02-21 20,20,17247,1,0
2011-02-21 21,21,17128,1,0
2011-02-21 22,22,16314,1,0
2011-02-21 23,23,14906,1,0
2011-02-22 00,0,13528,2,0
2011-02-22 01,1,12903,2,0
2011-02-22 02,2,12229,2,0
2011-02-22 03,3,12076,2,0
2011-02-22 04,4,11923,2,0
2011-02-22 05,5,12354,2,0
2011-02-22 06,6,13128,2,0
2011-02-22 07,7,14960,2,0
2011-02-22 08,8,17270,2,0
2011-02-22 09,9,18087,2,0
2011-02-22 10,10,17791,2,0
2011-02-22 11,11,17450,2,0
2011-02-22 12,12,16985,2,0
2011-02-22 13,13,17009,2,0
2011-02-22 14,14,16968,2,0
2011-02-22 15,15,16803,2,0
2011-02-22 16,16,16778,2,0
2011-02-22 17,17,16550,2,0
2011-02-22 18,18,16977,2,0
2011-02-22 19,19,17026,2,0
2011-02-22 20,20,17053,2,0
2011-02-22 21,21,16702,2,0
2011-02-22 22,22,15967,2,0
2011-02-22 23,23,14595,2,0
2011-02-23 00,0,13417,3,0
2011-02-23 01,1,12479,3,0
2011-02-23 02,2,12001,3,0
2011-02-23 03,3,11881,3,0
2011-02-23 04,4,11920,3,0
2011-02-23 05,5,12055,3,0
2011-02-23 06,6,12925,3,0
2011-02-23 07,7,14626,3,0
2011-02-23 08,8,16762,3,0
2011-02-23 09,9,17200,3,0
2011-02-23 10,10,17225,3,0
2011-02-23 11,11,16834,3,0
2011-02-23 12,12,16571,3,0
2011-02-23 13,13,16496,3,0
2011-02-23 14,14,16361,3,0
2011-02-23 15,15,16231,3,0
2011-02-23 16,16,16172,3,0
2011-02-23 17,17,15944,3,0
2011-02-23 18,18,16610,3,0
2011-02-23 19,19,16553,3,0
2011-02-23 20,20,16246,3,0
2011-02-23 21,21,15808,3,0
2011-02-23 22,22,14937,3,0
2011-02-23 23,23,13728,3,0
2011-02-24 00,0,12808,4,0
2011-02-24 01,1,12329,4,0
2011-02-24 02,2,11842,4,0
2011-02-24 03,3,11550,4,0
2011-02-24 04,4,11640,4,0
2011-02-24 05,5,12052,4,0
2011-02-24 06,6,12894,4,0
2011-02-24 07,7,14342,4,0
2011-02-24 08,8,16046,4,0
2011-02-24 09,9,16628,4,0
2011-02-24 10,10,16888,4,0
2011-02-24 11,11,16369,4,0
2011-02-24 12,12,15941,4,0
2011-02-24 13,13,15933,4,0
2011-02-24 14,14,15791,4,0
2011-02-24 15,15,15723,4,0
2011-02-24 16,16,15699,4,0
2011-02-24 17,17,15642,4,0
2011-02-24 18,18,16222,4,0
2011-02-24 19,19,16157,4,0
2011-02-24 20,20,16037,4,0
2011-02-24 21,21,15757,4,0
2011-02-24 22,22,14952,4,0
2011-02-24 23,23,13661,4,0
2011-02-25 00,0,12601,5,0
2011-02-25 01,1,12136,5,0
2011-02-25 02,2,11643,5,0
2011-02-25 03,3,11392,5,0
2011-02-25 04,4,11412,5,0
2011-02-25 05,5,11863,5,0
2011-02-25 06,6,12571,5,0
2011-02-25 07,7,13972,5,0
2011-02-25 08,8,16212,5,0
2011-02-25 09,9,17288,5,0
2011-02-25 10,10,17780,5,0
2011-02-25 11,11,17425,5,0
2011-02-25 12,12,16794,5,0
2011-02-25 13,13,16984,5,0
2011-02-25 14,14,16679,5,0
2011-02-25 15,15,16727,5,0
2011-02-25 16,16,16883,5,0
2011-02-25 17,17,16363,5,0
2011-02-25 18,18,17097,5,0
2011-02-25 19,19,17030,5,0
2011-02-25 20,20,16737,5,0
2011-02-25 21,21,16021,5,0
2011-02-25 22,22,15274,5,0
2011-02-25 23,23,14166,5,0
2011-02-26 00,0,12985,6,1
2011-02-26 01,1,12378,6,1
2011-02-26 02,2,11915,6,1
2011-02-26 03,3,12051,6,1
2011-02-26 04,4,11798,6,1
2011-02-26 05,5,11809,6,1
2011-02-26 06,6,12218,6,1
2011-02-26 07,7,13162,6,1
2011-02-26 08,8,14746,6,1
2011-02-26 09,9,15919,6,1
2011-02-26 10,10,16256,6,1
2011-02-26 11,11,15778,6,1
2011-02-26 12,12,15136,6,1
2011-02-26 13,13,15315,6,1
2011-02-26 14,14,14973,6,1
2011-02-26 15,15,15096,6,1
2011-02-26 16,16,15498,6,1
2011-02-26 17,17,15550,6,1
2011-02-26 18,18,15741,6,1
2011-02-26 19,19,15922,6,1
2011-02-26 20,20,15683,6,1
2011-02-26 21,21,15588,6,1
2011-02-26 22,22,14883,6,1
2011-02-26 23,23,13990,6,1
2011-02-27 00,0,12919,7,1
2011-02-27 01,1,11681,7,1
2011-02-27 02,2,11278,7,1
2011-02-27 03,3,11121,7,1
2011-02-27 04,4,11242,7,1
2011-02-27 05,5,11365,7,1
2011-02-27 06,6,11830,7,1
2011-02-27 07,7,12685,7,1
2011-02-27 08,8,13755,7,1
2011-02-27 09,9,14207,7,1
2011-02-27 10,10,14364,7,1
2011-02-27 11,11,14173,7,1
2011-02-27 12,12,14151,7,1
2011-02-27 13,13,14184,7,1
2011-02-27 14,14,14104,7,1
2011-02-27 15,15,14102,7,1
2011-02-27 16,16,14702,7,1
2011-02-27 17,17,14985,7,1
2011-02-27 18,18,15127,7,1
2011-02-27 19,19,15150,7,1
2011-02-27 20,20,15252,7,1
2011-02-27 21,21,15044,7,1
2011-02-27 22,22,14267,7,1
2011-02-27 23,23,13425,7,1
2011-02-28 00,0,12353,1,0
2011-02-28 01,1,11709,1,0
2011-02-28 02,2,11333,1,0
2011-02-28 03,3,10961,1,0
2011-02-28 04,4,11038,1,0
2011-02-28 05,5,11810,1,0
2011-02-28 06,6,12541,1,0
2011-02-28 07,7,14641,1,0
2011-02-28 08,8,17273,1,0
2011-02-28 09,9,18271,1,0
2011-02-28 10,10,18655,1,0
2011-02-28 11,11,18378,1,0
2011-02-28 12,12,17812,1,0
2011-02-28 13,13,17841,1,0
2011-02-28 14,14,17915,1,0
2011-02-28 15,15,17941,1,0
2011-02-28 16,16,17946,1,0
2011-02-28 17,17,17511,1,0
2011-02-28 18,18,17820,1,0
2011-02-28 19,19,17671,1,0
2011-02-28 20,20,17386,1,0
2011-02-28 21,21,16905,1,0
2011-02-28 22,22,16067,1,0
2011-02-28 23,23,14914,1,0
2011-03-01 00,0,13644,2,0
2011-03-01 01,1,12351,2,0
2011-03-01 02,2,11844,2,0
2011-03-01 03,3,12011,2,0
2011-03-01 04,4,12016,2,0
2011-03-01 05,5,12258,2,0
2011-03-01 06,6,13033,2,0
2011-03-01 07,7,15020,2,0
2011-03-01 08,8,17583,2,0
2011-03-01 09,9,19196,2,0
2011-03-01 10,10,19727,2,0
2011-03-01 11,11,19350,2,0
2011-03-01 12,12,18756,2,0
2011-03-01 13,13,19070,2,0
2011-03-01 14,14,18937,2,0
2011-03-01 15,15,19035,2,0
2011-03-01 16,16,19078,2,0
2011-03-01 17,17,18596,2,0
2011-03-01 18,18,18879,2,0
2011-03-01 19,19,18814,2,0
2011-03-01 20,20,18497,2,0
2011-03-01 21,21,17643,2,0
2011-03-01 22,22,16613,2,0
2011-03-01 23,23,15447,2,0
2011-03-02 00,0,14302,3,0
2011-03-02 01,1,13133,3,0
2011-03-02 02,2,12705,3,0
2011-03-02 03,3,12539,3,0
2011-03-02 04,4,12558,3,0
2011-03-02 05,5,13020,3,0
2011-03-02 06,6,13661,3,0
2011-03-02 07,7,15360,3,0
2011-03-02 08,8,18097,3,0
2011-03-02 09,9,18864,3,0
2011-03-02 10,10,19129,3,0
2011-03-02 11,11,18711,3,0
2011-03-02 12,12,18435,3,0
2011-03-02 13,13,18554,3,0
2011-03-02 14,14,18358,3,0
2011-03-02 15,15,18322,3,0
2011-03-02 16,16,18237,3,0
2011-03-02 17,17,17985,3,0
2011-03-02 18,18,18309,3,0
2011-03-02 19,19,18305,3,0
2011-03-02 20,20,18367,3,0
2011-03-02 21,21,18027,3,0
2011-03-02 22,22,16962,3,0
2011-03-02 23,23,15635,3,0
2011-03-03 00,0,14248,4,0
2011-03-03 01,1,12959,4,0
2011-03-03 02,2,12407,4,0
2011-03-03 03,3,12467,4,0
2011-03-03 04,4,12536,4,0
2011-03-03 05,5,12791,4,0
2011-03-03 06,6,13561,4,0
2011-03-03 07,7,15592,4,0
2011-03-03 08,8,17607,4,0
2011-03-03 09,9,18369,4,0
2011-03-03 10,10,18637,4,0
2011-03-03 11,11,18150,4,0
2011-03-03 12,12,17799,4,0
2011-03-03 13,13,17946,4,0
2011-03-03 14,14,17758,4,0
2011-03-03 15,15,17662,4,0
2011-03-03 16,16,17765,4,0
2011-03-03 17,17,17525,4,0
2011-03-03 18,18,17904,4,0
2011-03-03 19,19,17922,4,0
2011-03-03 20,20,17743,4,0
2011-03-03 21,21,17198,4,0
2011-03-03 22,22,16552,4,0
2011-03-03 23,23,15356,4,0
2011-03-04 00,0,14123,5,0
2011-03-04 01,1,13015,5,0
2011-03-04 02,2,12557,5,0
2011-03-04 03,3,12275,5,0
2011-03-04 04,4,12329,5,0
2011-03-04 05,5,12873,5,0
2011-03-04 06,6,13680,5,0
2011-03-04 07,7,15423,5,0
2011-03-04 08,8,17657,5,0
2011-03-04 09,9,18491,5,0
2011-03-04 10,10,18556,5,0
2011-03-04 11,11,18124,5,0
2011-03-04 12,12,17627,5,0
2011-03-04 13,13,17768,5,0
2011-03-04 14,14,17558,5,0
2011-03-04 15,15,17498,5,0
2011-03-04 16,16,17411,5,0
2011-03-04 17,17,17163,5,0
2011-03-04 18,18,17740,5,0
2011-03-04 19,19,17946,5,0
2011-03-04 20,20,17713,5,0
2011-03-04 21,21,17293,5,0
2011-03-04 22,22,16258,5,0
2011-03-04 23,23,15219,5,0
2011-03-05 00,0,13869,6,1
2011-03-05 01,1,13175,6,1
2011-03-05 02,2,12569,6,1
2011-03-05 03,3,12442,6,1
2011-03-05 04,4,12307,6,1
2011-03-05 05,5,12421,6,1
2011-03-05 06,6,12637,6,1
2011-03-05 07,7,13897,6,1
2011-03-05 08,8,15598,6,1
2011-03-05 09,9,16118,6,1
2011-03-05 10,10,16559,6,1
2011-03-05 11,11,16124,6,1
2011-03-05 12,12,15964,6,1
2011-03-05 13,13,16052,6,1
2011-03-05 14,14,15867,6,1
2011-03-05 15,15,15918,6,1
2011-03-05 16,16,16105,6,1
2011-03-05 17,17,16416,6,1
2011-03-05 18,18,16852,6,1
2011-03-05 19,19,16823,6,1
2011-03-05 20,20,16549,6,1
2011-03-05 21,21,15983,6,1
2011-03-05 22,22,15232,6,1
2011-03-05 23,23,14325,6,1
2011-03-06 00,0,13389,7,1
2011-03-06 01,1,12858,7,1
2011-03-06 02,2,12397,7,1
2011-03-06 03,3,11825,7,1
2011-03-06 04,4,11654,7,1
2011-03-06 05,5,12218,7,1
2011-03-06 06,6,12190,7,1
2011-03-06 07,7,13142,7,1
2011-03-06 08,8,14678,7,1
2011-03-06 09,9,15250,7,1
2011-03-06 10,10,15732,7,1
2011-03-06 11,11,15793,7,1
2011-03-06 12,12,15690,7,1
2011-03-06 13,13,15873,7,1
2011-03-06 14,14,15701,7,1
2011-03-06 15,15,15985,7,1
2011-03-06 16,16,16443,7,1
2011-03-06 17,17,16609,7,1
2011-03-06 18,18,16572,7,1
2011-03-06 19,19,16542,7,1
2011-03-06 20,20,16522,7,1
2011-03-06 21,21,16252,7,1
2011-03-06 22,22,15348,7,1
2011-03-06 23,23,14153,7,1
2011-03-07 00,0,13063,1,0
2011-03-07 01,1,12234,1,0
2011-03-07 02,2,11776,1,0
2011-03-07 03,3,11361,1,0
2011-03-07 04,4,11512,1,0
2011-03-07 05,5,11996,1,0
2011-03-07 06,6,13280,1,0
2011-03-07 07,7,15028,1,0
2011-03-07 08,8,17614,1,0
2011-03-07 09,9,18158,1,0
2011-03-07 10,10,18442,1,0
2011-03-07 11,11,18106,1,0
2011-03-07 12,12,17603,1,0
2011-03-07 13,13,17768,1,0
2011-03-07 14,14,17481,1,0
2011-03-07 15,15,17511,1,0
2011-03-07 16,16,17408,1,0
2011-03-07 17,17,17124,1,0
2011-03-07 18,18,17366,1,0
2011-03-07 19,19,17363,1,0
2011-03-07 20,20,17536,1,0
2011-03-07 21,21,17276,1,0
2011-03-07 22,22,16258,1,0
2011-03-07 23,23,14863,1,0
2011-03-08 00,0,13645,2,0
2011-03-08 01,1,13142,2,0
2011-03-08 02,2,12749,2,0
2011-03-08 03,3,12090,2,0
2011-03-08 04,4,12105,2,0
2011-03-08 05,5,12835,2,0
2011-03-08 06,6,13246,2,0
2011-03-08 07,7,14988,2,0
2011-03-08 08,8,17178,2,0
2011-03-08 09,9,17691,2,0
2011-03-08 10,10,17812,2,0
2011-03-08 11,11,17171,2,0
2011-03-08 12,12,16813,2,0
2011-03-08 13,13,16810,2,0
2011-03-08 14,14,16773,2,0
2011-03-08 15,15,16560,2,0
2011-03-08 16,16,16580,2,0
2011-03-08 17,17,16505,2,0
2011-03-08 18,18,17114,2,0
2011-03-08 19,19,16874,2,0
2011-03-08 20,20,16970,2,0
2011-03-08 21,21,16642,2,0
2011-03-08 22,22,15783,2,0
2011-03-08 23,23,14498,2,0
2011-03-09 00,0,13349,3,0
2011-03-09 01,1,12558,3,0
2011-03-09 02,2,12039,3,0
2011-03-09 03,3,11993,3,0
2011-03-09 04,4,11919,3,0
2011-03-09 05,5,12283,3,0
2011-03-09 06,6,13108,3,0
2011-03-09 07,7,14862,3,0
2011-03-09 08,8,16723,3,0
2011-03-09 09,9,17606,3,0
2011-03-09 10,10,17873,3,0
2011-03-09 11,11,17510,3,0
2011-03-09 12,12,16595,3,0
2011-03-09 13,13,16772,3,0
2011-03-09 14,14,16510,3,0
2011-03-09 15,15,16451,3,0
2011-03-09 16,16,16564,3,0
2011-03-09 17,17,16311,3,0
2011-03-09 18,18,17110,3,0
2011-03-09 19,19,17000,3,0
2011-03-09 20,20,16856,3,0
2011-03-09 21,21,16326,3,0
2011-03-09 22,22,15378,3,0
2011-03-09 23,23,14176,3,0
2011-03-10 00,0,13202,4,0
2011-03-10 01,1,12803,4,0
2011-03-10 02,2,12236,4,0
2011-03-10 03,3,12125,4,0
2011-03-10 04,4,12025,4,0
2011-03-10 05,5,12452,4,0
2011-03-10 06,6,13310,4,0
2011-03-10 07,7,14836,4,0
2011-03-10 08,8,16882,4,0
2011-03-10 09,9,17334,4,0
2011-03-10 10,10,17420,4,0
2011-03-10 11,11,17083,4,0
2011-03-10 12,12,16744,4,0
2011-03-10 13,13,16983,4,0
2011-03-10 14,14,16764,4,0
2011-03-10 15,15,16762,4,0
2011-03-10 16,16,16824,4,0
2011-03-10 17,17,16456,4,0
2011-03-10 18,18,17082,4,0
2011-03-10 19,19,17050,4,0
2011-03-10 20,20,16915,4,0
2011-03-10 21,21,16498,4,0
2011-03-10 22,22,15806,4,0
2011-03-10 23,23,14722,4,0
2011-03-11 00,0,13435,5,0
2011-03-11 01,1,12601,5,0
2011-03-11 02,2,12143,5,0
2011-03-11 03,3,12020,5,0
2011-03-11 04,4,11863,5,0
2011-03-11 05,5,12274,5,0
2011-03-11 06,6,13192,5,0
2011-03-11 07,7,14658,5,0
2011-03-11 08,8,16536,5,0
2011-03-11 09,9,17116,5,0
2011-03-11 10,10,17235,5,0
2011-03-11 11,11,16931,5,0
2011-03-11 12,12,16200,5,0
2011-03-11 13,13,16345,5,0
2011-03-11 14,14,16259,5,0
2011-03-11 15,15,16104,5,0
2011-03-11 16,16,16252,5,0
2011-03-11 17,17,15949,5,0
2011-03-11 18,18,16795,5,0
2011-03-11 19,19,16761,5,0
2011-03-11 20,20,16495,5,0
2011-03-11 21,21,16122,5,0
2011-03-11 22,22,15318,5,0
2011-03-11 23,23,14147,5,0
2011-03-12 00,0,13455,6,1
2011-03-12 01,1,12990,6,1
2011-03-12 02,2,12486,6,1
2011-03-12 03,3,11881,6,1
2011-03-12 04,4,11743,6,1
2011-03-12 05,5,12189,6,1
2011-03-12 06,6,12432,6,1
2011-03-12 07,7,13400,6,1
2011-03-12 08,8,14772,6,1
2011-03-12 09,9,15569,6,1
2011-03-12 10,10,15930,6,1
2011-03-12 11,11,15530,6,1
2011-03-12 12,12,14977,6,1
2011-03-12 13,13,15183,6,1
2011-03-12 14,14,15200,6,1
2011-03-12 15,15,15286,6,1
2011-03-12 16,16,15410,6,1
2011-03-12 17,17,15517,6,1
2011-03-12 18,18,16029,6,1
2011-03-12 19,19,15907,6,1
2011-03-12 20,20,15719,6,1
2011-03-12 21,21,15615,6,1
2011-03-12 22,22,14851,6,1
2011-03-12 23,23,13810,6,1
2011-03-13 00,0,12660,7,1
2011-03-13 01,1,11969,7,1
2011-03-13 02,2,11524,7,1
2011-03-13 03,3,11508,7,1
2011-03-13 04,4,11264,7,1
2011-03-13 05,5,11453,7,1
2011-03-13 06,6,11756,7,1
2011-03-13 07,7,12751,7,1
2011-03-13 08,8,14025,7,1
2011-03-13 09,9,14541,7,1
2011-03-13 10,10,14707,7,1
2011-03-13 11,11,14540,7,1
2011-03-13 12,12,14127,7,1
2011-03-13 13,13,14189,7,1
2011-03-13 14,14,14086,7,1
2011-03-13 15,15,14027,7,1
2011-03-13 16,16,14515,7,1
2011-03-13 17,17,14755,7,1
2011-03-13 18,18,15165,7,1
2011-03-13 19,19,15011,7,1
2011-03-13 20,20,14924,7,1
2011-03-13 21,21,14536,7,1
2011-03-13 22,22,13914,7,1
2011-03-13 23,23,13038,7,1
2011-03-14 00,0,12230,1,0
2011-03-14 01,1,11794,1,0
2011-03-14 02,2,11317,1,0
2011-03-14 03,3,10908,1,0
2011-03-14 04,4,10839,1,0
2011-03-14 05,5,11634,1,0
2011-03-14 06,6,12550,1,0
2011-03-14 07,7,14303,1,0
2011-03-14 08,8,16679,1,0
2011-03-14 09,9,17390,1,0
2011-03-14 10,10,17657,1,0
2011-03-14 11,11,17131,1,0
2011-03-14 12,12,16554,1,0
2011-03-14 13,13,16593,1,0
2011-03-14 14,14,16458,1,0
2011-03-14 15,15,16458,1,0
2011-03-14 16,16,16512,1,0
2011-03-14 17,17,16442,1,0
2011-03-14 18,18,16863,1,0
2011-03-14 19,19,16780,1,0
2011-03-14 20,20,16572,1,0
2011-03-14 21,21,16306,1,0
2011-03-14 22,22,15414,1,0
2011-03-14 23,23,14196,1,0
2011-03-15 00,0,12987,2,0
2011-03-15 01,1,12388,2,0
2011-03-15 02,2,11769,2,0
2011-03-15 03,3,11838,2,0
2011-03-15 04,4,11849,2,0
2011-03-15 05,5,12213,2,0
2011-03-15 06,6,13205,2,0
2011-03-15 07,7,15036,2,0
2011-03-15 08,8,17028,2,0
2011-03-15 09,9,18174,2,0
2011-03-15 10,10,18450,2,0
2011-03-15 11,11,18255,2,0
2011-03-15 12,12,16952,2,0
2011-03-15 13,13,17029,2,0
2011-03-15 14,14,17088,2,0
2011-03-15 15,15,16736,2,0
2011-03-15 16,16,16718,2,0
2011-03-15 17,17,16381,2,0
2011-03-15 18,18,17553,2,0
2011-03-15 19,19,17568,2,0
2011-03-15 20,20,17174,2,0
2011-03-15 21,21,16506,2,0
2011-03-15 22,22,15614,2,0
2011-03-15 23,23,14396,2,0
2011-03-16 00,0,13175,3,0
2011-03-16 01,1,12877,3,0
2011-03-16 02,2,12397,3,0
2011-03-16 03,3,12214,3,0
2011-03-16 04,4,12312,3,0
2011-03-16 05,5,12700,3,0
2011-03-16 06,6,13333,3,0
2011-03-16 07,7,14867,3,0
2011-03-16 08,8,17207,3,0
2011-03-16 09,9,17664,3,0
2011-03-16 10,10,17776,3,0
2011-03-16 11,11,17927,3,0
2011-03-16 12,12,17277,3,0
2011-03-16 13,13,17273,3,0
2011-03-16 14,14,17029,3,0
2011-03-16 15,15,17113,3,0
2011-03-16 16,16,17140,3,0
2011-03-16 17,17,16822,3,0
2011-03-16 18,18,16950,3,0
2011-03-16 19,19,17119,3,0
2011-03-16 20,20,17049,3,0
2011-03-16 21,21,16822,3,0
2011-03-16 22,22,15854,3,0
2011-03-16 23,23,14568,3,0
2011-03-17 00,0,13465,4,0
2011-03-17 01,1,12538,4,0
2011-03-17 02,2,12122,4,0
2011-03-17 03,3,11902,4,0
2011-03-17 04,4,12027,4,0
2011-03-17 05,5,12399,4,0
2011-03-17 06,6,12983,4,0
2011-03-17 07,7,14612,4,0
2011-03-17 08,8,16371,4,0
2011-03-17 09,9,16882,4,0
2011-03-17 10,10,16811,4,0
2011-03-17 11,11,16792,4,0
2011-03-17 12,12,16371,4,0
2011-03-17 13,13,16679,4,0
2011-03-17 14,14,16510,4,0
2011-03-17 15,15,16562,4,0
2011-03-17 16,16,16623,4,0
2011-03-17 17,17,16503,4,0
2011-03-17 18,18,16852,4,0
2011-03-17 19,19,16838,4,0
2011-03-17 20,20,16787,4,0
2011-03-17 21,21,16523,4,0
2011-03-17 22,22,15709,4,0
2011-03-17 23,23,14600,4,0
2011-03-18 00,0,13425,5,0
2011-03-18 01,1,12591,5,0
2011-03-18 02,2,12079,5,0
2011-03-18 03,3,11819,5,0
2011-03-18 04,4,11832,5,0
2011-03-18 05,5,12419,5,0
2011-03-18 06,6,13038,5,0
2011-03-18 07,7,14573,5,0
2011-03-18 08,8,16139,5,0
2011-03-18 09,9,17230,5,0
2011-03-18 10,10,17486,5,0
2011-03-18 11,11,17170,5,0
2011-03-18 12,12,16527,5,0
2011-03-18 13,13,16706,5,0
2011-03-18 14,14,16675,5,0
2011-03-18 15,15,16738,5,0
2011-03-18 16,16,16833,5,0
2011-03-18 17,17,16349,5,0
2011-03-18 18,18,17003,5,0
2011-03-18 19,19,16866,5,0
2011-03-18 20,20,16427,5,0
2011-03-18 21,21,16083,5,0
2011-03-18 22,22,15137,5,0
2011-03-18 23,23,14072,5,0
2011-03-19 00,0,13062,6,1
2011-03-19 01,1,12483,6,1
2011-03-19 02,2,11986,6,1
2011-03-19 03,3,11903,6,1
2011-03-19 04,4,11795,6,1
2011-03-19 05,5,12014,6,1
2011-03-19 06,6,12134,6,1
2011-03-19 07,7,13299,6,1
2011-03-19 08,8,15018,6,1
2011-03-19 09,9,15612,6,1
2011-03-19 10,10,15959,6,1
2011-03-19 11,11,15665,6,1
2011-03-19 12,12,15377,6,1
2011-03-19 13,13,15432,6,1
2011-03-19 14,14,15245,6,1
2011-03-19 15,15,15330,6,1
2011-03-19 16,16,15507,6,1
2011-03-19 17,17,15453,6,1
2011-03-19 18,18,16009,6,1
2011-03-19 19,19,15777,6,1
2011-03-19 20,20,15705,6,1
2011-03-19 21,21,15238,6,1
2011-03-19 22,22,14553,6,1
2011-03-19 23,23,13737,6,1
2011-03-20 00,0,12555,7,1
2011-03-20 01,1,12013,7,1
2011-03-20 02,2,11548,7,1
2011-03-20 03,3,11328,7,1
2011-03-20 04,4,11311,7,1
2011-03-20 05,5,11418,7,1
2011-03-20 06,6,11541,7,1
2011-03-20 07,7,12386,7,1
2011-03-20 08,8,13252,7,1
2011-03-20 09,9,14436,7,1
2011-03-20 10,10,14778,7,1
2011-03-20 11,11,14567,7,1
2011-03-20 12,12,14017,7,1
2011-03-20 13,13,13939,7,1
2011-03-20 14,14,14075,7,1
2011-03-20 15,15,14362,7,1
2011-03-20 16,16,14823,7,1
2011-03-20 17,17,14898,7,1
2011-03-20 18,18,15469,7,1
2011-03-20 19,19,15457,7,1
2011-03-20 20,20,15126,7,1
2011-03-20 21,21,14577,7,1
2011-03-20 22,22,14074,7,1
2011-03-20 23,23,13029,7,1
2011-03-21 00,0,12113,1,0
2011-03-21 01,1,11724,1,0
2011-03-21 02,2,11320,1,0
2011-03-21 03,3,11184,1,0
2011-03-21 04,4,11208,1,0
2011-03-21 05,5,11708,1,0
2011-03-21 06,6,12529,1,0
2011-03-21 07,7,14490,1,0
2011-03-21 08,8,17226,1,0
2011-03-21 09,9,18009,1,0
2011-03-21 10,10,18532,1,0
2011-03-21 11,11,18513,1,0
2011-03-21 12,12,18309,1,0
2011-03-21 13,13,18410,1,0
2011-03-21 14,14,18183,1,0
2011-03-21 15,15,18058,1,0
2011-03-21 16,16,18228,1,0
2011-03-21 17,17,17657,1,0
2011-03-21 18,18,17937,1,0
2011-03-21 19,19,17825,1,0
2011-03-21 20,20,17396,1,0
2011-03-21 21,21,16726,1,0
2011-03-21 22,22,15962,1,0
2011-03-21 23,23,14628,1,0
2011-03-22 00,0,13432,2,0
2011-03-22 01,1,12620,2,0
2011-03-22 02,2,12120,2,0
2011-03-22 03,3,12079,2,0
2011-03-22 04,4,12137,2,0
2011-03-22 05,5,12340,2,0
2011-03-22 06,6,13066,2,0
2011-03-22 07,7,14769,2,0
2011-03-22 08,8,17235,2,0
2011-03-22 09,9,18657,2,0
2011-03-22 10,10,18891,2,0
2011-03-22 11,11,18403,2,0
2011-03-22 12,12,17709,2,0
2011-03-22 13,13,17898,2,0
2011-03-22 14,14,17867,2,0
2011-03-22 15,15,17764,2,0
2011-03-22 16,16,17854,2,0
2011-03-22 17,17,17100,2,0
2011-03-22 18,18,17542,2,0
2011-03-22 19,19,17790,2,0
2011-03-22 20,20,17376,2,0
2011-03-22 21,21,16881,2,0
2011-03-22 22,22,16162,2,0
2011-03-22 23,23,14875,2,0
2011-03-23 00,0,13732,3,0
2011-03-23 01,1,13061,3,0
2011-03-23 02,2,12614,3,0
2011-03-23 03,3,12342,3,0
2011-03-23 04,4,12155,3,0
2011-03-23 05,5,12750,3,0
2011-03-23 06,6,13564,3,0
2011-03-23 07,7,15039,3,0
2011-03-23 08,8,17188,3,0
2011-03-23 09,9,17727,3,0
2011-03-23 10,10,17850,3,0
2011-03-23 11,11,17481,3,0
2011-03-23 12,12,17184,3,0
2011-03-23 13,13,17403,3,0
2011-03-23 14,14,16987,3,0
2011-03-23 15,15,17140,3,0
2011-03-23 16,16,17221,3,0
2011-03-23 17,17,17010,3,0
2011-03-23 18,18,17337,3,0
2011-03-23 19,19,17451,3,0
2011-03-23 20,20,17406,3,0
2011-03-23 21,21,17140,3,0
2011-03-23 22,22,16120,3,0
2011-03-23 23,23,14854,3,0
2011-03-24 00,0,13833,4,0
2011-03-24 01,1,12553,4,0
2011-03-24 02,2,12054,4,0
2011-03-24 03,3,12178,4,0
2011-03-24 04,4,12088,4,0
2011-03-24 05,5,12385,4,0
2011-03-24 06,6,12995,4,0
2011-03-24 07,7,14754,4,0
2011-03-24 08,8,16572,4,0
2011-03-24 09,9,17135,4,0
2011-03-24 10,10,17159,4,0
2011-03-24 11,11,16901,4,0
2011-03-24 12,12,16390,4,0
2011-03-24 13,13,16647,4,0
2011-03-24 14,14,16616,4,0
2011-03-24 15,15,16516,4,0
2011-03-24 16,16,16481,4,0
2011-03-24 17,17,16370,4,0
2011-03-24 18,18,16723,4,0
2011-03-24 19,19,16800,4,0
2011-03-24 20,20,16587,4,0
2011-03-24 21,21,16109,4,0
2011-03-24 22,22,15418,4,0
2011-03-24 23,23,14363,4,0
2011-03-25 00,0,13266,5,0
2011-03-25 01,1,12731,5,0
2011-03-25 02,2,12226,5,0
2011-03-25 03,3,11839,5,0
2011-03-25 04,4,11954,5,0
2011-03-25 05,5,12565,5,0
2011-03-25 06,6,13270,5,0
2011-03-25 07,7,14803,5,0
2011-03-25 08,8,16348,5,0
2011-03-25 09,9,17225,5,0
2011-03-25 10,10,17392,5,0
2011-03-25 11,11,16869,5,0
2011-03-25 12,12,16251,5,0
2011-03-25 13,13,16476,5,0
2011-03-25 14,14,16246,5,0
2011-03-25 15,15,16346,5,0
2011-03-25 16,16,16393,5,0
2011-03-25 17,17,16159,5,0
2011-03-25 18,18,17018,5,0
2011-03-25 19,19,16820,5,0
2011-03-25 20,20,16605,5,0
2011-03-25 21,21,16323,5,0
2011-03-25 22,22,15404,5,0
2011-03-25 23,23,14176,5,0
2011-03-26 00,0,13184,6,1
2011-03-26 01,1,12506,6,1
2011-03-26 02,2,12096,6,1
2011-03-26 03,3,11866,6,1
2011-03-26 04,4,11943,6,1
2011-03-26 05,5,11977,6,1
2011-03-26 06,6,12309,6,1
2011-03-26 07,7,13320,6,1
2011-03-26 08,8,14742,6,1
2011-03-26 09,9,15449,6,1
2011-03-26 10,10,15774,6,1
2011-03-26 11,11,15379,6,1
2011-03-26 12,12,15111,6,1
2011-03-26 13,13,15206,6,1
2011-03-26 14,14,15127,6,1
2011-03-26 15,15,15238,6,1
2011-03-26 16,16,15395,6,1
2011-03-26 17,17,15245,6,1
2011-03-26 18,18,15830,6,1
2011-03-26 19,19,15913,6,1
2011-03-26 20,20,15572,6,1
2011-03-26 21,21,15315,6,1
2011-03-26 22,22,14593,6,1
2011-03-26 23,23,13635,6,1
2011-03-27 00,0,12725,7,1
2011-03-27 01,1,12169,7,1
2011-03-27 02,2,11724,7,1
2011-03-27 03,3,11376,7,1
2011-03-27 04,4,11377,7,1
2011-03-27 05,5,11453,7,1
2011-03-27 06,6,11718,7,1
2011-03-27 07,7,12375,7,1
2011-03-27 08,8,13216,7,1
2011-03-27 09,9,14138,7,1
2011-03-27 10,10,14436,7,1
2011-03-27 11,11,14156,7,1
2011-03-27 12,12,13606,7,1
2011-03-27 13,13,13686,7,1
2011-03-27 14,14,13600,7,1
2011-03-27 15,15,13766,7,1
2011-03-27 16,16,14399,7,1
2011-03-27 17,17,14427,7,1
2011-03-27 18,18,15103,7,1
2011-03-27 19,19,15045,7,1
2011-03-27 20,20,15049,7,1
2011-03-27 21,21,14488,7,1
2011-03-27 22,22,13670,7,1
2011-03-27 23,23,12677,7,1
2011-03-28 00,0,12158,1,0
2011-03-28 01,1,11749,1,0
2011-03-28 02,2,11250,1,0
2011-03-28 03,3,10954,1,0
2011-03-28 04,4,11056,1,0
2011-03-28 05,5,11879,1,0
2011-03-28 06,6,12688,1,0
2011-03-28 07,7,14086,1,0
2011-03-28 08,8,16000,1,0
2011-03-28 09,9,16646,1,0
2011-03-28 10,10,16688,1,0
2011-03-28 11,11,16530,1,0
2011-03-28 12,12,16006,1,0
2011-03-28 13,13,16256,1,0
2011-03-28 14,14,16262,1,0
2011-03-28 15,15,16327,1,0
2011-03-28 16,16,16334,1,0
2011-03-28 17,17,16124,1,0
2011-03-28 18,18,16140,1,0
2011-03-28 19,19,16335,1,0
2011-03-28 20,20,16138,1,0
2011-03-28 21,21,15935,1,0
2011-03-28 22,22,14980,1,0
2011-03-28 23,23,14023,1,0
2011-03-29 00,0,13001,2,0
2011-03-29 01,1,12178,2,0
2011-03-29 02,2,11720,2,0
2011-03-29 03,3,11413,2,0
2011-03-29 04,4,11592,2,0
2011-03-29 05,5,12128,2,0
2011-03-29 06,6,12630,2,0
2011-03-29 07,7,14045,2,0
2011-03-29 08,8,15938,2,0
2011-03-29 09,9,16382,2,0
2011-03-29 10,10,16558,2,0
2011-03-29 11,11,16385,2,0
2011-03-29 12,12,15993,2,0
2011-03-29 13,13,16159,2,0
2011-03-29 14,14,16056,2,0
2011-03-29 15,15,16103,2,0
2011-03-29 16,16,16170,2,0
2011-03-29 17,17,15842,2,0
2011-03-29 18,18,16744,2,0
2011-03-29 19,19,16766,2,0
2011-03-29 20,20,16337,2,0
2011-03-29 21,21,16141,2,0
2011-03-29 22,22,15296,2,0
2011-03-29 23,23,14217,2,0
2011-03-30 00,0,13234,3,0
2011-03-30 01,1,12231,3,0
2011-03-30 02,2,11835,3,0
2011-03-30 03,3,11755,3,0
2011-03-30 04,4,11714,3,0
2011-03-30 05,5,12037,3,0
2011-03-30 06,6,12428,3,0
2011-03-30 07,7,14046,3,0
2011-03-30 08,8,15609,3,0
2011-03-30 09,9,16390,3,0
2011-03-30 10,10,16793,3,0
2011-03-30 11,11,16413,3,0
2011-03-30 12,12,15887,3,0
2011-03-30 13,13,15935,3,0
2011-03-30 14,14,15938,3,0
2011-03-30 15,15,15987,3,0
2011-03-30 16,16,16127,3,0
2011-03-30 17,17,15977,3,0
2011-03-30 18,18,16486,3,0
2011-03-30 19,19,16361,3,0
2011-03-30 20,20,16218,3,0
2011-03-30 21,21,15925,3,0
2011-03-30 22,22,15038,3,0
2011-03-30 23,23,14033,3,0
2011-03-31 00,0,12989,4,0
2011-03-31 01,1,12127,4,0
2011-03-31 02,2,11735,4,0
2011-03-31 03,3,11678,4,0
2011-03-31 04,4,11660,4,0
2011-03-31 05,5,11942,4,0
2011-03-31 06,6,12422,4,0
2011-03-31 07,7,14055,4,0
2011-03-31 08,8,15409,4,0
2011-03-31 09,9,16190,4,0
2011-03-31 10,10,16484,4,0
2011-03-31 11,11,16064,4,0
2011-03-31 12,12,15381,4,0
2011-03-31 13,13,15514,4,0
2011-03-31 14,14,15504,4,0
2011-03-31 15,15,15619,4,0
2011-03-31 16,16,15648,4,0
2011-03-31 17,17,15540,4,0
2011-03-31 18,18,16166,4,0
2011-03-31 19,19,16114,4,0
2011-03-31 20,20,15948,4,0
2011-03-31 21,21,15555,4,0
2011-03-31 22,22,14672,4,0
2011-03-31 23,23,13563,4,0
2011-04-01 00,0,12619,5,0
2011-04-01 01,1,12131,5,0
2011-04-01 02,2,11735,5,0
2011-04-01 03,3,11357,5,0
2011-04-01 04,4,11385,5,0
2011-04-01 05,5,11942,5,0
2011-04-01 06,6,12427,5,0
2011-04-01 07,7,13956,5,0
2011-04-01 08,8,15311,5,0
2011-04-01 09,9,15980,5,0
2011-04-01 10,10,16218,5,0
2011-04-01 11,11,15664,5,0
2011-04-01 12,12,15081,5,0
2011-04-01 13,13,15215,5,0
2011-04-01 14,14,15200,5,0
2011-04-01 15,15,15329,5,0
2011-04-01 16,16,15391,5,0
2011-04-01 17,17,15234,5,0
2011-04-01 18,18,15874,5,0
2011-04-01 19,19,15867,5,0
2011-04-01 20,20,15649,5,0
2011-04-01 21,21,15255,5,0
2011-04-01 22,22,14368,5,0
2011-04-01 23,23,13263,5,0
2011-04-02 00,0,12319,6,0
2011-04-02 01,1,12053,6,0
2011-04-02 02,2,11642,6,0
2011-04-02 03,3,11281,6,0
2011-04-02 04,4,11273,6,0
2011-04-02 05,5,11913,6,0
2011-04-02 06,6,12387,6,0
2011-04-02 07,7,13723,6,0
2011-04-02 08,8,15325,6,0
2011-04-02 09,9,16026,6,0
2011-04-02 10,10,16321,6,0
2011-04-02 11,11,15992,6,0
2011-04-02 12,12,15704,6,0
2011-04-02 13,13,15932,6,0
2011-04-02 14,14,15951,6,0
2011-04-02 15,15,16030,6,0
2011-04-02 16,16,16191,6,0
2011-04-02 17,17,15995,6,0
2011-04-02 18,18,16006,6,0
2011-04-02 19,19,15904,6,0
2011-04-02 20,20,15868,6,0
2011-04-02 21,21,15522,6,0
2011-04-02 22,22,14812,6,0
2011-04-02 23,23,13764,6,0
2011-04-03 00,0,12843,7,1
2011-04-03 01,1,11647,7,1
2011-04-03 02,2,11256,7,1
2011-04-03 03,3,11433,7,1
2011-04-03 04,4,11358,7,1
2011-04-03 05,5,11406,7,1
2011-04-03 06,6,11763,7,1
2011-04-03 07,7,12804,7,1
2011-04-03 08,8,14096,7,1
2011-04-03 09,9,14758,7,1
2011-04-03 10,10,15298,7,1
2011-04-03 11,11,14858,7,1
2011-04-03 12,12,14400,7,1
2011-04-03 13,13,14513,7,1
2011-04-03 14,14,14356,7,1
2011-04-03 15,15,14383,7,1
2011-04-03 16,16,14526,7,1
2011-04-03 17,17,14526,7,1
2011-04-03 18,18,15142,7,1
2011-04-03 19,19,15230,7,1
2011-04-03 20,20,15023,7,1
2011-04-03 21,21,14763,7,1
2011-04-03 22,22,14297,7,1
2011-04-03 23,23,13214,7,1
2011-04-04 00,0,12329,1,1
2011-04-04 01,1,11407,1,1
2011-04-04 02,2,10910,1,1
2011-04-04 03,3,11027,1,1
2011-04-04 04,4,10960,1,1
2011-04-04 05,5,11143,1,1
2011-04-04 06,6,11365,1,1
2011-04-04 07,7,12170,1,1
2011-04-04 08,8,13445,1,1
2011-04-04 09,9,13812,1,1
2011-04-04 10,10,14056,1,1
2011-04-04 11,11,13870,1,1
2011-04-04 12,12,13349,1,1
2011-04-04 13,13,13375,1,1
2011-04-04 14,14,13192,1,1
2011-04-04 15,15,13237,1,1
2011-04-04 16,16,13734,1,1
2011-04-04 17,17,13769,1,1
2011-04-04 18,18,14365,1,1
2011-04-04 19,19,14435,1,1
2011-04-04 20,20,14331,1,1
2011-04-04 21,21,14209,1,1
2011-04-04 22,22,13542,1,1
2011-04-04 23,23,12452,1,1
2011-04-05 00,0,11663,2,-1
2011-04-05 01,1,11195,2,-1
2011-04-05 02,2,10709,2,-1
2011-04-05 03,3,10383,2,-1
2011-04-05 04,4,10494,2,-1
2011-04-05 05,5,10912,2,-1
2011-04-05 06,6,11061,2,-1
2011-04-05 07,7,11321,2,-1
2011-04-05 08,8,11949,2,-1
2011-04-05 09,9,12437,2,-1
2011-04-05 10,10,12498,2,-1
2011-04-05 11,11,12853,2,-1
2011-04-05 12,12,12437,2,-1
2011-04-05 13,13,12349,2,-1
2011-04-05 14,14,12285,2,-1
2011-04-05 15,15,12486,2,-1
2011-04-05 16,16,13068,2,-1
2011-04-05 17,17,13157,2,-1
2011-04-05 18,18,13361,2,-1
2011-04-05 19,19,13700,2,-1
2011-04-05 20,20,13811,2,-1
2011-04-05 21,21,13667,2,-1
2011-04-05 22,22,12838,2,-1
2011-04-05 23,23,11900,2,-1
2011-04-06 00,0,10979,3,0
2011-04-06 01,1,10197,3,0
2011-04-06 02,2,9853,3,0
2011-04-06 03,3,9910,3,0
2011-04-06 04,4,10026,3,0
2011-04-06 05,5,10384,3,0
2011-04-06 06,6,11506,3,0
2011-04-06 07,7,13075,3,0
2011-04-06 08,8,14966,3,0
2011-04-06 09,9,16175,3,0
2011-04-06 10,10,16330,3,0
2011-04-06 11,11,15429,3,0
2011-04-06 12,12,15118,3,0
2011-04-06 13,13,15040,3,0
2011-04-06 14,14,15027,3,0
2011-04-06 15,15,15335,3,0
2011-04-06 16,16,15493,3,0
2011-04-06 17,17,15491,3,0
2011-04-06 18,18,16133,3,0
2011-04-06 19,19,16363,3,0
2011-04-06 20,20,15115,3,0
2011-04-06 21,21,14627,3,0
2011-04-06 22,22,13854,3,0
2011-04-06 23,23,12735,3,0
2011-04-07 00,0,12313,4,0
2011-04-07 01,1,12075,4,0
2011-04-07 02,2,11677,4,0
2011-04-07 03,3,11468,4,0
2011-04-07 04,4,11450,4,0
2011-04-07 05,5,11840,4,0
2011-04-07 06,6,12384,4,0
2011-04-07 07,7,13724,4,0
2011-04-07 08,8,15563,4,0
2011-04-07 09,9,16703,4,0
2011-04-07 10,10,16990,4,0
2011-04-07 11,11,16067,4,0
2011-04-07 12,12,15645,4,0
2011-04-07 13,13,15706,4,0
2011-04-07 14,14,15611,4,0
2011-04-07 15,15,15867,4,0
2011-04-07 16,16,15811,4,0
2011-04-07 17,17,15636,4,0
2011-04-07 18,18,16461,4,0
2011-04-07 19,19,16386,4,0
2011-04-07 20,20,15634,4,0
2011-04-07 21,21,15312,4,0
2011-04-07 22,22,14472,4,0
2011-04-07 23,23,13408,4,0
2011-04-08 00,0,12491,5,0
2011-04-08 01,1,12071,5,0
2011-04-08 02,2,11670,5,0
2011-04-08 03,3,11584,5,0
2011-04-08 04,4,11626,5,0
2011-04-08 05,5,11856,5,0
2011-04-08 06,6,12423,5,0
2011-04-08 07,7,13763,5,0
2011-04-08 08,8,15537,5,0
2011-04-08 09,9,16153,5,0
2011-04-08 10,10,16344,5,0
2011-04-08 11,11,16016,5,0
2011-04-08 12,12,15234,5,0
2011-04-08 13,13,15415,5,0
2011-04-08 14,14,15383,5,0
2011-04-08 15,15,15524,5,0
2011-04-08 16,16,15588,5,0
2011-04-08 17,17,15592,5,0
2011-04-08 18,18,16074,5,0
2011-04-08 19,19,16064,5,0
2011-04-08 20,20,15665,5,0
2011-04-08 21,21,15262,5,0
2011-04-08 22,22,14456,5,0
2011-04-08 23,23,13403,5,0
2011-04-09 00,0,12527,6,1
2011-04-09 01,1,12155,6,1
2011-04-09 02,2,11867,6,1
2011-04-09 03,3,11437,6,1
2011-04-09 04,4,11520,6,1
2011-04-09 05,5,11814,6,1
2011-04-09 06,6,12021,6,1
2011-04-09 07,7,12655,6,1
2011-04-09 08,8,13770,6,1
2011-04-09 09,9,14983,6,1
2011-04-09 10,10,15323,6,1
2011-04-09 11,11,14617,6,1
2011-04-09 12,12,14120,6,1
2011-04-09 13,13,14236,6,1
2011-04-09 14,14,14149,6,1
2011-04-09 15,15,14492,6,1
2011-04-09 16,16,14608,6,1
2011-04-09 17,17,14568,6,1
2011-04-09 18,18,15036,6,1
2011-04-09 19,19,15233,6,1
2011-04-09 20,20,14644,6,1
2011-04-09 21,21,14311,6,1
2011-04-09 22,22,13593,6,1
2011-04-09 23,23,12635,6,1
2011-04-10 00,0,12249,7,1
2011-04-10 01,1,11798,7,1
2011-04-10 02,2,11473,7,1
2011-04-10 03,3,11065,7,1
2011-04-10 04,4,10959,7,1
2011-04-10 05,5,11390,7,1
2011-04-10 06,6,11444,7,1
2011-04-10 07,7,12021,7,1
2011-04-10 08,8,13120,7,1
2011-04-10 09,9,13797,7,1
2011-04-10 10,10,14324,7,1
2011-04-10 11,11,13704,7,1
2011-04-10 12,12,13252,7,1
2011-04-10 13,13,13186,7,1
2011-04-10 14,14,13134,7,1
2011-04-10 15,15,13204,7,1
2011-04-10 16,16,13324,7,1
2011-04-10 17,17,13597,7,1
2011-04-10 18,18,14357,7,1
2011-04-10 19,19,14454,7,1
2011-04-10 20,20,14198,7,1
2011-04-10 21,21,14079,7,1
2011-04-10 22,22,13351,7,1
2011-04-10 23,23,12446,7,1
2011-04-11 00,0,11680,1,0
2011-04-11 01,1,11334,1,0
2011-04-11 02,2,10971,1,0
2011-04-11 03,3,10530,1,0
2011-04-11 04,4,10559,1,0
2011-04-11 05,5,11268,1,0
2011-04-11 06,6,12188,1,0
2011-04-11 07,7,13602,1,0
2011-04-11 08,8,15355,1,0
2011-04-11 09,9,16008,1,0
2011-04-11 10,10,16396,1,0
2011-04-11 11,11,15817,1,0
2011-04-11 12,12,15171,1,0
2011-04-11 13,13,15331,1,0
2011-04-11 14,14,15338,1,0
2011-04-11 15,15,15341,1,0
2011-04-11 16,16,15429,1,0
2011-04-11 17,17,15345,1,0
2011-04-11 18,18,15909,1,0
2011-04-11 19,19,15903,1,0
2011-04-11 20,20,15730,1,0
2011-04-11 21,21,15263,1,0
2011-04-11 22,22,14428,1,0
2011-04-11 23,23,13385,1,0
2011-04-12 00,0,12427,2,0
2011-04-12 01,1,12079,2,0
2011-04-12 02,2,11776,2,0
2011-04-12 03,3,11341,2,0
2011-04-12 04,4,11364,2,0
2011-04-12 05,5,11921,2,0
2011-04-12 06,6,12235,2,0
2011-04-12 07,7,13669,2,0
2011-04-12 08,8,15144,2,0
2011-04-12 09,9,15894,2,0
2011-04-12 10,10,16132,2,0
2011-04-12 11,11,15678,2,0
2011-04-12 12,12,15094,2,0
2011-04-12 13,13,15197,2,0
2011-04-12 14,14,15271,2,0
2011-04-12 15,15,15307,2,0
2011-04-12 16,16,15353,2,0
2011-04-12 17,17,15211,2,0
2011-04-12 18,18,15843,2,0
2011-04-12 19,19,15858,2,0
2011-04-12 20,20,15465,2,0
2011-04-12 21,21,15059,2,0
2011-04-12 22,22,14366,2,0
2011-04-12 23,23,13369,2,0
2011-04-13 00,0,12394,3,0
2011-04-13 01,1,11748,3,0
2011-04-13 02,2,11460,3,0
2011-04-13 03,3,11254,3,0
2011-04-13 04,4,11218,3,0
2011-04-13 05,5,11704,3,0
2011-04-13 06,6,12114,3,0
2011-04-13 07,7,13355,3,0
2011-04-13 08,8,15033,3,0
2011-04-13 09,9,16166,3,0
2011-04-13 10,10,16241,3,0
2011-04-13 11,11,15667,3,0
2011-04-13 12,12,15024,3,0
2011-04-13 13,13,15154,3,0
2011-04-13 14,14,15108,3,0
2011-04-13 15,15,15153,3,0
2011-04-13 16,16,15202,3,0
2011-04-13 17,17,14994,3,0
2011-04-13 18,18,15940,3,0
2011-04-13 19,19,15942,3,0
2011-04-13 20,20,15258,3,0
2011-04-13 21,21,14848,3,0
2011-04-13 22,22,14174,3,0
2011-04-13 23,23,13175,3,0
2011-04-14 00,0,12191,4,0
2011-04-14 01,1,11833,4,0
2011-04-14 02,2,11357,4,0
2011-04-14 03,3,11278,4,0
2011-04-14 04,4,11167,4,0
2011-04-14 05,5,11658,4,0
2011-04-14 06,6,12010,4,0
2011-04-14 07,7,13490,4,0
2011-04-14 08,8,15215,4,0
2011-04-14 09,9,15988,4,0
2011-04-14 10,10,16194,4,0
2011-04-14 11,11,15923,4,0
2011-04-14 12,12,15198,4,0
2011-04-14 13,13,15396,4,0
2011-04-14 14,14,15366,4,0
2011-04-14 15,15,15337,4,0
2011-04-14 16,16,15456,4,0
2011-04-14 17,17,15155,4,0
2011-04-14 18,18,15834,4,0
2011-04-14 19,19,16034,4,0
2011-04-14 20,20,15596,4,0
2011-04-14 21,21,14960,4,0
2011-04-14 22,22,14175,4,0
2011-04-14 23,23,13048,4,0
2011-04-15 00,0,12221,5,0
2011-04-15 01,1,11833,5,0
2011-04-15 02,2,11357,5,0
2011-04-15 03,3,11214,5,0
2011-04-15 04,4,11169,5,0
2011-04-15 05,5,11663,5,0
2011-04-15 06,6,12010,5,0
2011-04-15 07,7,13490,5,0
2011-04-15 08,8,15215,5,0
2011-04-15 09,9,16065,5,0
2011-04-15 10,10,16457,5,0
2011-04-15 11,11,15823,5,0
2011-04-15 12,12,15198,5,0
2011-04-15 13,13,15561,5,0
2011-04-15 14,14,15474,5,0
2011-04-15 15,15,15604,5,0
2011-04-15 16,16,15763,5,0
2011-04-15 17,17,15495,5,0
2011-04-15 18,18,16009,5,0
2011-04-15 19,19,16064,5,0
2011-04-15 20,20,15629,5,0
2011-04-15 21,21,14960,5,0
2011-04-15 22,22,14175,5,0
2011-04-15 23,23,13048,5,0
2011-04-16 00,0,12331,6,1
2011-04-16 01,1,12008,6,1
2011-04-16 02,2,11662,6,1
2011-04-16 03,3,11304,6,1
2011-04-16 04,4,11198,6,1
2011-04-16 05,5,11766,6,1
2011-04-16 06,6,11869,6,1
2011-04-16 07,7,12870,6,1
2011-04-16 08,8,14522,6,1
2011-04-16 09,9,14989,6,1
2011-04-16 10,10,15307,6,1
2011-04-16 11,11,15174,6,1
2011-04-16 12,12,14855,6,1
2011-04-16 13,13,14934,6,1
2011-04-16 14,14,14803,6,1
2011-04-16 15,15,14772,6,1
2011-04-16 16,16,14958,6,1
2011-04-16 17,17,14879,6,1
2011-04-16 18,18,14815,6,1
2011-04-16 19,19,15256,6,1
2011-04-16 20,20,15135,6,1
2011-04-16 21,21,14941,6,1
2011-04-16 22,22,14342,6,1
2011-04-16 23,23,13438,6,1
2011-04-17 00,0,12224,7,1
2011-04-17 01,1,11722,7,1
2011-04-17 02,2,11370,7,1
2011-04-17 03,3,10856,7,1
2011-04-17 04,4,10781,7,1
2011-04-17 05,5,11242,7,1
2011-04-17 06,6,11196,7,1
2011-04-17 07,7,12113,7,1
2011-04-17 08,8,13030,7,1
2011-04-17 09,9,13695,7,1
2011-04-17 10,10,14057,7,1
2011-04-17 11,11,13887,7,1
2011-04-17 12,12,13384,7,1
2011-04-17 13,13,13453,7,1
2011-04-17 14,14,13315,7,1
2011-04-17 15,15,13369,7,1
2011-04-17 16,16,13588,7,1
2011-04-17 17,17,13794,7,1
2011-04-17 18,18,14081,7,1
2011-04-17 19,19,14262,7,1
2011-04-17 20,20,14142,7,1
2011-04-17 21,21,13925,7,1
2011-04-17 22,22,13244,7,1
2011-04-17 23,23,12206,7,1
2011-04-18 00,0,11317,1,0
2011-04-18 01,1,10662,1,0
2011-04-18 02,2,10365,1,0
2011-04-18 03,3,10517,1,0
2011-04-18 04,4,10486,1,0
2011-04-18 05,5,11116,1,0
2011-04-18 06,6,12092,1,0
2011-04-18 07,7,13596,1,0
2011-04-18 08,8,15139,1,0
2011-04-18 09,9,15792,1,0
2011-04-18 10,10,15979,1,0
2011-04-18 11,11,15576,1,0
2011-04-18 12,12,15093,1,0
2011-04-18 13,13,15240,1,0
2011-04-18 14,14,15262,1,0
2011-04-18 15,15,15281,1,0
2011-04-18 16,16,15315,1,0
2011-04-18 17,17,15050,1,0
2011-04-18 18,18,15832,1,0
2011-04-18 19,19,15754,1,0
2011-04-18 20,20,15539,1,0
2011-04-18 21,21,15020,1,0
2011-04-18 22,22,14256,1,0
2011-04-18 23,23,13099,1,0
2011-04-19 00,0,12400,2,0
2011-04-19 01,1,11644,2,0
2011-04-19 02,2,11360,2,0
2011-04-19 03,3,11060,2,0
2011-04-19 04,4,11172,2,0
2011-04-19 05,5,11526,2,0
2011-04-19 06,6,12048,2,0
2011-04-19 07,7,13215,2,0
2011-04-19 08,8,14869,2,0
2011-04-19 09,9,15736,2,0
2011-04-19 10,10,16039,2,0
2011-04-19 11,11,15459,2,0
2011-04-19 12,12,14932,2,0
2011-04-19 13,13,15232,2,0
2011-04-19 14,14,15277,2,0
2011-04-19 15,15,15261,2,0
2011-04-19 16,16,15348,2,0
2011-04-19 17,17,15200,2,0
2011-04-19 18,18,15608,2,0
2011-04-19 19,19,15824,2,0
2011-04-19 20,20,15515,2,0
2011-04-19 21,21,14970,2,0
2011-04-19 22,22,14185,2,0
2011-04-19 23,23,12958,2,0
2011-04-20 00,0,12131,3,0
2011-04-20 01,1,11556,3,0
2011-04-20 02,2,11343,3,0
2011-04-20 03,3,11324,3,0
2011-04-20 04,4,11308,3,0
2011-04-20 05,5,11634,3,0
2011-04-20 06,6,12049,3,0
2011-04-20 07,7,13320,3,0
2011-04-20 08,8,14888,3,0
2011-04-20 09,9,15837,3,0
2011-04-20 10,10,16028,3,0
2011-04-20 11,11,15388,3,0
2011-04-20 12,12,14855,3,0
2011-04-20 13,13,15141,3,0
2011-04-20 14,14,15068,3,0
2011-04-20 15,15,15145,3,0
2011-04-20 16,16,15288,3,0
2011-04-20 17,17,15057,3,0
2011-04-20 18,18,15632,3,0
2011-04-20 19,19,15595,3,0
2011-04-20 20,20,15211,3,0
2011-04-20 21,21,14833,3,0
2011-04-20 22,22,13982,3,0
2011-04-20 23,23,12881,3,0
2011-04-21 00,0,12108,4,0
2011-04-21 01,1,11750,4,0
2011-04-21 02,2,11490,4,0
2011-04-21 03,3,11240,4,0
2011-04-21 04,4,11151,4,0
2011-04-21 05,5,11728,4,0
2011-04-21 06,6,11959,4,0
2011-04-21 07,7,13219,4,0
2011-04-21 08,8,14788,4,0
2011-04-21 09,9,15916,4,0
2011-04-21 10,10,16288,4,0
2011-04-21 11,11,15529,4,0
2011-04-21 12,12,14916,4,0
2011-04-21 13,13,15129,4,0
2011-04-21 14,14,15279,4,0
2011-04-21 15,15,15057,4,0
2011-04-21 16,16,15145,4,0
2011-04-21 17,17,14870,4,0
2011-04-21 18,18,15744,4,0
2011-04-21 19,19,15886,4,0
2011-04-21 20,20,15183,4,0
2011-04-21 21,21,14632,4,0
2011-04-21 22,22,13824,4,0
2011-04-21 23,23,12728,4,0
2011-04-22 00,0,11891,5,0
2011-04-22 01,1,11736,5,0
2011-04-22 02,2,11444,5,0
2011-04-22 03,3,11293,5,0
2011-04-22 04,4,11287,5,0
2011-04-22 05,5,11700,5,0
2011-04-22 06,6,11994,5,0
2011-04-22 07,7,13400,5,0
2011-04-22 08,8,15176,5,0
2011-04-22 09,9,16216,5,0
2011-04-22 10,10,16536,5,0
2011-04-22 11,11,15767,5,0
2011-04-22 12,12,15212,5,0
2011-04-22 13,13,15435,5,0
2011-04-22 14,14,15516,5,0
2011-04-22 15,15,15655,5,0
2011-04-22 16,16,15838,5,0
2011-04-22 17,17,15729,5,0
2011-04-22 18,18,15811,5,0
2011-04-22 19,19,16032,5,0
2011-04-22 20,20,15559,5,0
2011-04-22 21,21,15066,5,0
2011-04-22 22,22,14210,5,0
2011-04-22 23,23,13137,5,0
2011-04-23 00,0,12148,6,1
2011-04-23 01,1,11866,6,1
2011-04-23 02,2,11472,6,1
2011-04-23 03,3,11345,6,1
2011-04-23 04,4,11158,6,1
2011-04-23 05,5,11651,6,1
2011-04-23 06,6,11897,6,1
2011-04-23 07,7,12705,6,1
2011-04-23 08,8,14029,6,1
2011-04-23 09,9,14891,6,1
2011-04-23 10,10,15077,6,1
2011-04-23 11,11,14741,6,1
2011-04-23 12,12,14128,6,1
2011-04-23 13,13,14203,6,1
2011-04-23 14,14,14100,6,1
2011-04-23 15,15,14103,6,1
2011-04-23 16,16,14203,6,1
2011-04-23 17,17,14084,6,1
2011-04-23 18,18,15068,6,1
2011-04-23 19,19,14910,6,1
2011-04-23 20,20,14428,6,1
2011-04-23 21,21,14120,6,1
2011-04-23 22,22,13534,6,1
2011-04-23 23,23,12649,6,1
2011-04-24 00,0,11738,7,1
2011-04-24 01,1,11369,7,1
2011-04-24 02,2,11023,7,1
2011-04-24 03,3,10827,7,1
2011-04-24 04,4,10868,7,1
2011-04-24 05,5,11120,7,1
2011-04-24 06,6,11137,7,1
2011-04-24 07,7,11700,7,1
2011-04-24 08,8,12669,7,1
2011-04-24 09,9,13703,7,1
2011-04-24 10,10,14157,7,1
2011-04-24 11,11,13573,7,1
2011-04-24 12,12,12909,7,1
2011-04-24 13,13,12979,7,1
2011-04-24 14,14,12841,7,1
2011-04-24 15,15,12963,7,1
2011-04-24 16,16,13369,7,1
2011-04-24 17,17,13307,7,1
2011-04-24 18,18,14213,7,1
2011-04-24 19,19,14556,7,1
2011-04-24 20,20,13806,7,1
2011-04-24 21,21,13471,7,1
2011-04-24 22,22,12765,7,1
2011-04-24 23,23,11979,7,1
2011-04-25 00,0,11222,1,0
2011-04-25 01,1,10754,1,0
2011-04-25 02,2,10452,1,0
2011-04-25 03,3,10487,1,0
2011-04-25 04,4,10540,1,0
2011-04-25 05,5,11070,1,0
2011-04-25 06,6,11435,1,0
2011-04-25 07,7,13026,1,0
2011-04-25 08,8,14825,1,0
2011-04-25 09,9,16059,1,0
2011-04-25 10,10,16124,1,0
2011-04-25 11,11,15265,1,0
2011-04-25 12,12,14832,1,0
2011-04-25 13,13,15132,1,0
2011-04-25 14,14,15056,1,0
2011-04-25 15,15,15161,1,0
2011-04-25 16,16,15242,1,0
2011-04-25 17,17,14889,1,0
2011-04-25 18,18,15722,1,0
2011-04-25 19,19,15904,1,0
2011-04-25 20,20,15112,1,0
2011-04-25 21,21,14703,1,0
2011-04-25 22,22,13852,1,0
2011-04-25 23,23,12751,1,0
2011-04-26 00,0,12130,2,0
2011-04-26 01,1,11807,2,0
2011-04-26 02,2,11461,2,0
2011-04-26 03,3,11208,2,0
2011-04-26 04,4,11113,2,0
2011-04-26 05,5,11648,2,0
2011-04-26 06,6,12150,2,0
2011-04-26 07,7,13107,2,0
2011-04-26 08,8,14781,2,0
2011-04-26 09,9,16047,2,0
2011-04-26 10,10,16256,2,0
2011-04-26 11,11,15448,2,0
2011-04-26 12,12,14919,2,0
2011-04-26 13,13,15263,2,0
2011-04-26 14,14,15187,2,0
2011-04-26 15,15,15278,2,0
2011-04-26 16,16,15247,2,0
2011-04-26 17,17,15190,2,0
2011-04-26 18,18,16022,2,0
2011-04-26 19,19,16226,2,0
2011-04-26 20,20,15254,2,0
2011-04-26 21,21,14847,2,0
2011-04-26 22,22,13985,2,0
2011-04-26 23,23,13022,2,0
2011-04-27 00,0,12013,3,0
2011-04-27 01,1,11768,3,0
2011-04-27 02,2,11398,3,0
2011-04-27 03,3,11146,3,0
2011-04-27 04,4,11178,3,0
2011-04-27 05,5,11607,3,0
2011-04-27 06,6,12093,3,0
2011-04-27 07,7,13243,3,0
2011-04-27 08,8,14983,3,0
2011-04-27 09,9,15853,3,0
2011-04-27 10,10,16399,3,0
2011-04-27 11,11,15532,3,0
2011-04-27 12,12,14981,3,0
2011-04-27 13,13,15154,3,0
2011-04-27 14,14,15222,3,0
2011-04-27 15,15,15255,3,0
2011-04-27 16,16,15317,3,0
2011-04-27 17,17,15115,3,0
2011-04-27 18,18,15762,3,0
2011-04-27 19,19,15779,3,0
2011-04-27 20,20,15224,3,0
2011-04-27 21,21,14822,3,0
2011-04-27 22,22,13993,3,0
2011-04-27 23,23,12874,3,0
2011-04-28 00,0,12170,4,0
2011-04-28 01,1,11757,4,0
2011-04-28 02,2,11469,4,0
2011-04-28 03,3,11208,4,0
2011-04-28 04,4,11237,4,0
2011-04-28 05,5,11534,4,0
2011-04-28 06,6,11926,4,0
2011-04-28 07,7,13318,4,0
2011-04-28 08,8,15018,4,0
2011-04-28 09,9,15800,4,0
2011-04-28 10,10,15637,4,0
2011-04-28 11,11,15467,4,0
2011-04-28 12,12,15311,4,0
2011-04-28 13,13,15484,4,0
2011-04-28 14,14,15561,4,0
2011-04-28 15,15,15585,4,0
2011-04-28 16,16,15647,4,0
2011-04-28 17,17,15445,4,0
2011-04-28 18,18,15620,4,0
2011-04-28 19,19,15757,4,0
2011-04-28 20,20,15523,4,0
2011-04-28 21,21,15110,4,0
2011-04-28 22,22,14293,4,0
2011-04-28 23,23,12908,4,0
2011-04-29 00,0,12270,5,0
2011-04-29 01,1,11750,5,0
2011-04-29 02,2,11411,5,0
2011-04-29 03,3,11178,5,0
2011-04-29 04,4,11173,5,0
2011-04-29 05,5,11624,5,0
2011-04-29 06,6,12082,5,0
2011-04-29 07,7,13338,5,0
2011-04-29 08,8,14995,5,0
2011-04-29 09,9,15840,5,0
2011-04-29 10,10,16076,5,0
2011-04-29 11,11,15456,5,0
2011-04-29 12,12,14951,5,0
2011-04-29 13,13,15266,5,0
2011-04-29 14,14,15372,5,0
2011-04-29 15,15,15352,5,0
2011-04-29 16,16,15452,5,0
2011-04-29 17,17,15232,5,0
2011-04-29 18,18,15566,5,0
2011-04-29 19,19,15806,5,0
2011-04-29 20,20,15324,5,0
2011-04-29 21,21,14922,5,0
2011-04-29 22,22,14093,5,0
2011-04-29 23,23,12974,5,0
2011-04-30 00,0,12070,6,1
2011-04-30 01,1,11450,6,1
2011-04-30 02,2,11100,6,1
2011-04-30 03,3,11078,6,1
2011-04-30 04,4,11017,6,1
2011-04-30 05,5,11029,6,1
2011-04-30 06,6,11258,6,1
2011-04-30 07,7,12086,6,1
2011-04-30 08,8,13279,6,1
2011-04-30 09,9,14037,6,1
2011-04-30 10,10,14267,6,1
2011-04-30 11,11,14220,6,1
2011-04-30 12,12,13683,6,1
2011-04-30 13,13,13719,6,1
2011-04-30 14,14,13570,6,1
2011-04-30 15,15,13468,6,1
2011-04-30 16,16,13584,6,1
2011-04-30 17,17,13380,6,1
2011-04-30 18,18,14116,6,1
2011-04-30 19,19,14421,6,1
2011-04-30 20,20,13828,6,1
2011-04-30 21,21,13392,6,1
2011-04-30 22,22,13050,6,1
2011-04-30 23,23,12235,6,1
2011-05-01 00,0,11489,7,-1
2011-05-01 01,1,10542,7,-1
2011-05-01 02,2,10126,7,-1
2011-05-01 03,3,10013,7,-1
2011-05-01 04,4,9844,7,-1
2011-05-01 05,5,10214,7,-1
2011-05-01 06,6,9985,7,-1
2011-05-01 07,7,10175,7,-1
2011-05-01 08,8,10534,7,-1
2011-05-01 09,9,11123,7,-1
2011-05-01 10,10,11508,7,-1
2011-05-01 11,11,11238,7,-1
2011-05-01 12,12,10864,7,-1
2011-05-01 13,13,10709,7,-1
2011-05-01 14,14,10709,7,-1
2011-05-01 15,15,10776,7,-1
2011-05-01 16,16,11132,7,-1
2011-05-01 17,17,11422,7,-1
2011-05-01 18,18,11973,7,-1
2011-05-01 19,19,12289,7,-1
2011-05-01 20,20,11994,7,-1
2011-05-01 21,21,11725,7,-1
2011-05-01 22,22,11389,7,-1
2011-05-01 23,23,10631,7,-1
2011-05-02 00,0,9966,1,1
2011-05-02 01,1,9522,1,1
2011-05-02 02,2,9300,1,1
2011-05-02 03,3,8951,1,1
2011-05-02 04,4,9144,1,1
2011-05-02 05,5,9486,1,1
2011-05-02 06,6,9582,1,1
2011-05-02 07,7,10233,1,1
2011-05-02 08,8,11099,1,1
2011-05-02 09,9,12034,1,1
2011-05-02 10,10,12632,1,1
2011-05-02 11,11,12088,1,1
2011-05-02 12,12,11859,1,1
2011-05-02 13,13,11805,1,1
2011-05-02 14,14,11781,1,1
2011-05-02 15,15,11895,1,1
2011-05-02 16,16,12295,1,1
2011-05-02 17,17,12363,1,1
2011-05-02 18,18,13016,1,1
2011-05-02 19,19,13225,1,1
2011-05-02 20,20,12812,1,1
2011-05-02 21,21,12666,1,1
2011-05-02 22,22,12141,1,1
2011-05-02 23,23,11281,1,1
2011-05-03 00,0,10581,2,0
2011-05-03 01,1,9759,2,0
2011-05-03 02,2,9463,2,0
2011-05-03 03,3,9750,2,0
2011-05-03 04,4,9680,2,0
2011-05-03 05,5,10676,2,0
2011-05-03 06,6,11463,2,0
2011-05-03 07,7,12971,2,0
2011-05-03 08,8,14852,2,0
2011-05-03 09,9,15859,2,0
2011-05-03 10,10,16115,2,0
2011-05-03 11,11,15745,2,0
2011-05-03 12,12,15416,2,0
2011-05-03 13,13,15491,2,0
2011-05-03 14,14,15612,2,0
2011-05-03 15,15,15747,2,0
2011-05-03 16,16,15827,2,0
2011-05-03 17,17,15640,2,0
2011-05-03 18,18,15703,2,0
2011-05-03 19,19,15868,2,0
2011-05-03 20,20,15701,2,0
2011-05-03 21,21,15115,2,0
2011-05-03 22,22,14185,2,0
2011-05-03 23,23,13158,2,0
2011-05-04 00,0,11854,3,0
2011-05-04 01,1,10852,3,0
2011-05-04 02,2,10474,3,0
2011-05-04 03,3,10453,3,0
2011-05-04 04,4,10503,3,0
2011-05-04 05,5,10751,3,0
2011-05-04 06,6,11010,3,0
2011-05-04 07,7,12519,3,0
2011-05-04 08,8,14263,3,0
2011-05-04 09,9,15414,3,0
2011-05-04 10,10,15705,3,0
2011-05-04 11,11,15163,3,0
2011-05-04 12,12,14509,3,0
2011-05-04 13,13,14959,3,0
2011-05-04 14,14,14842,3,0
2011-05-04 15,15,14925,3,0
2011-05-04 16,16,15269,3,0
2011-05-04 17,17,14917,3,0
2011-05-04 18,18,15357,3,0
2011-05-04 19,19,15386,3,0
2011-05-04 20,20,14858,3,0
2011-05-04 21,21,14393,3,0
2011-05-04 22,22,13595,3,0
2011-05-04 23,23,12567,3,0
2011-05-05 00,0,11614,4,0
2011-05-05 01,1,11464,4,0
2011-05-05 02,2,11131,4,0
2011-05-05 03,3,10927,4,0
2011-05-05 04,4,10858,4,0
2011-05-05 05,5,11396,4,0
2011-05-05 06,6,11470,4,0
2011-05-05 07,7,12903,4,0
2011-05-05 08,8,14492,4,0
2011-05-05 09,9,15552,4,0
2011-05-05 10,10,15843,4,0
2011-05-05 11,11,15099,4,0
2011-05-05 12,12,14691,4,0
2011-05-05 13,13,14990,4,0
2011-05-05 14,14,14969,4,0
2011-05-05 15,15,15156,4,0
2011-05-05 16,16,15298,4,0
2011-05-05 17,17,15189,4,0
2011-05-05 18,18,15279,4,0
2011-05-05 19,19,15564,4,0
2011-05-05 20,20,15188,4,0
2011-05-05 21,21,14633,4,0
2011-05-05 22,22,13799,4,0
2011-05-05 23,23,12701,4,0
2011-05-06 00,0,11826,5,0
2011-05-06 01,1,11280,5,0
2011-05-06 02,2,11019,5,0
2011-05-06 03,3,11099,5,0
2011-05-06 04,4,11160,5,0
2011-05-06 05,5,11316,5,0
2011-05-06 06,6,11800,5,0
2011-05-06 07,7,13247,5,0
2011-05-06 08,8,14651,5,0
2011-05-06 09,9,15899,5,0
2011-05-06 10,10,16360,5,0
2011-05-06 11,11,15568,5,0
2011-05-06 12,12,14956,5,0
2011-05-06 13,13,15413,5,0
2011-05-06 14,14,15298,5,0
2011-05-06 15,15,15567,5,0
2011-05-06 16,16,15495,5,0
2011-05-06 17,17,15076,5,0
2011-05-06 18,18,15688,5,0
2011-05-06 19,19,15956,5,0
2011-05-06 20,20,15286,5,0
2011-05-06 21,21,14628,5,0
2011-05-06 22,22,13740,5,0
2011-05-06 23,23,12866,5,0
2011-05-07 00,0,12340,6,1
2011-05-07 01,1,11704,6,1
2011-05-07 02,2,11470,6,1
2011-05-07 03,3,11343,6,1
2011-05-07 04,4,11320,6,1
2011-05-07 05,5,11620,6,1
2011-05-07 06,6,11639,6,1
2011-05-07 07,7,12698,6,1
2011-05-07 08,8,13959,6,1
2011-05-07 09,9,15409,6,1
2011-05-07 10,10,15858,6,1
2011-05-07 11,11,15255,6,1
2011-05-07 12,12,14672,6,1
2011-05-07 13,13,14985,6,1
2011-05-07 14,14,14481,6,1
2011-05-07 15,15,14353,6,1
2011-05-07 16,16,14381,6,1
2011-05-07 17,17,14097,6,1
2011-05-07 18,18,15453,6,1
2011-05-07 19,19,15674,6,1
2011-05-07 20,20,14814,6,1
2011-05-07 21,21,14168,6,1
2011-05-07 22,22,13543,6,1
2011-05-07 23,23,12605,6,1
2011-05-08 00,0,12206,7,1
2011-05-08 01,1,11535,7,1
2011-05-08 02,2,11181,7,1
2011-05-08 03,3,11361,7,1
2011-05-08 04,4,11188,7,1
2011-05-08 05,5,11228,7,1
2011-05-08 06,6,11311,7,1
2011-05-08 07,7,12253,7,1
2011-05-08 08,8,13860,7,1
2011-05-08 09,9,14585,7,1
2011-05-08 10,10,15145,7,1
2011-05-08 11,11,14867,7,1
2011-05-08 12,12,14525,7,1
2011-05-08 13,13,14576,7,1
2011-05-08 14,14,14534,7,1
2011-05-08 15,15,14600,7,1
2011-05-08 16,16,14551,7,1
2011-05-08 17,17,14348,7,1
2011-05-08 18,18,15060,7,1
2011-05-08 19,19,15380,7,1
2011-05-08 20,20,14705,7,1
2011-05-08 21,21,14511,7,1
2011-05-08 22,22,13678,7,1
2011-05-08 23,23,12716,7,1
2011-05-09 00,0,12098,1,0
2011-05-09 01,1,11705,1,0
2011-05-09 02,2,11262,1,0
2011-05-09 03,3,10903,1,0
2011-05-09 04,4,11079,1,0
2011-05-09 05,5,11323,1,0
2011-05-09 06,6,11895,1,0
2011-05-09 07,7,13215,1,0
2011-05-09 08,8,15600,1,0
2011-05-09 09,9,17445,1,0
2011-05-09 10,10,17671,1,0
2011-05-09 11,11,17190,1,0
2011-05-09 12,12,16952,1,0
2011-05-09 13,13,17247,1,0
2011-05-09 14,14,17984,1,0
2011-05-09 15,15,18070,1,0
2011-05-09 16,16,17579,1,0
2011-05-09 17,17,17096,1,0
2011-05-09 18,18,17274,1,0
2011-05-09 19,19,17325,1,0
2011-05-09 20,20,16942,1,0
2011-05-09 21,21,15428,1,0
2011-05-09 22,22,14517,1,0
2011-05-09 23,23,13506,1,0
2011-05-10 00,0,12832,2,0
2011-05-10 01,1,12628,2,0
2011-05-10 02,2,12360,2,0
2011-05-10 03,3,12059,2,0
2011-05-10 04,4,11903,2,0
2011-05-10 05,5,12301,2,0
2011-05-10 06,6,12565,2,0
2011-05-10 07,7,14022,2,0
2011-05-10 08,8,16527,2,0
2011-05-10 09,9,17959,2,0
2011-05-10 10,10,18993,2,0
2011-05-10 11,11,18040,2,0
2011-05-10 12,12,17979,2,0
2011-05-10 13,13,19068,2,0
2011-05-10 14,14,19118,2,0
2011-05-10 15,15,19334,2,0
2011-05-10 16,16,19241,2,0
2011-05-10 17,17,17994,2,0
2011-05-10 18,18,16924,2,0
2011-05-10 19,19,17237,2,0
2011-05-10 20,20,17066,2,0
2011-05-10 21,21,16661,2,0
2011-05-10 22,22,15684,2,0
2011-05-10 23,23,14781,2,0
2011-05-11 00,0,13762,3,0
2011-05-11 01,1,12718,3,0
2011-05-11 02,2,12404,3,0
2011-05-11 03,3,12564,3,0
2011-05-11 04,4,12430,3,0
2011-05-11 05,5,12591,3,0
2011-05-11 06,6,12603,3,0
2011-05-11 07,7,13741,3,0
2011-05-11 08,8,15931,3,0
2011-05-11 09,9,16909,3,0
2011-05-11 10,10,17288,3,0
2011-05-11 11,11,16794,3,0
2011-05-11 12,12,16589,3,0
2011-05-11 13,13,16625,3,0
2011-05-11 14,14,16674,3,0
2011-05-11 15,15,16693,3,0
2011-05-11 16,16,16617,3,0
2011-05-11 17,17,16690,3,0
2011-05-11 18,18,16920,3,0
2011-05-11 19,19,16749,3,0
2011-05-11 20,20,16876,3,0
2011-05-11 21,21,16396,3,0
2011-05-11 22,22,15381,3,0
2011-05-11 23,23,14132,3,0
2011-05-12 00,0,12937,4,0
2011-05-12 01,1,12411,4,0
2011-05-12 02,2,11848,4,0
2011-05-12 03,3,11570,4,0
2011-05-12 04,4,11561,4,0
2011-05-12 05,5,11586,4,0
2011-05-12 06,6,11925,4,0
2011-05-12 07,7,13281,4,0
2011-05-12 08,8,15992,4,0
2011-05-12 09,9,16426,4,0
2011-05-12 10,10,16783,4,0
2011-05-12 11,11,16326,4,0
2011-05-12 12,12,16146,4,0
2011-05-12 13,13,16395,4,0
2011-05-12 14,14,16593,4,0
2011-05-12 15,15,16934,4,0
2011-05-12 16,16,16631,4,0
2011-05-12 17,17,16219,4,0
2011-05-12 18,18,16413,4,0
2011-05-12 19,19,16532,4,0
2011-05-12 20,20,16272,4,0
2011-05-12 21,21,15581,4,0
2011-05-12 22,22,14764,4,0
2011-05-12 23,23,13804,4,0
2011-05-13 00,0,12786,5,0
2011-05-13 01,1,12170,5,0
2011-05-13 02,2,11863,5,0
2011-05-13 03,3,11470,5,0
2011-05-13 04,4,11488,5,0
2011-05-13 05,5,11982,5,0
2011-05-13 06,6,12285,5,0
2011-05-13 07,7,13629,5,0
2011-05-13 08,8,15633,5,0
2011-05-13 09,9,16616,5,0
2011-05-13 10,10,16928,5,0
2011-05-13 11,11,16586,5,0
2011-05-13 12,12,16128,5,0
2011-05-13 13,13,16455,5,0
2011-05-13 14,14,16444,5,0
2011-05-13 15,15,16556,5,0
2011-05-13 16,16,16565,5,0
2011-05-13 17,17,16214,5,0
2011-05-13 18,18,15928,5,0
2011-05-13 19,19,16020,5,0
2011-05-13 20,20,15810,5,0
2011-05-13 21,21,15311,5,0
2011-05-13 22,22,14443,5,0
2011-05-13 23,23,13586,5,0
2011-05-14 00,0,12757,6,1
2011-05-14 01,1,12135,6,1
2011-05-14 02,2,11757,6,1
2011-05-14 03,3,11447,6,1
2011-05-14 04,4,11349,6,1
2011-05-14 05,5,11931,6,1
2011-05-14 06,6,11978,6,1
2011-05-14 07,7,13038,6,1
2011-05-14 08,8,14203,6,1
2011-05-14 09,9,15144,6,1
2011-05-14 10,10,15472,6,1
2011-05-14 11,11,15321,6,1
2011-05-14 12,12,14368,6,1
2011-05-14 13,13,14583,6,1
2011-05-14 14,14,14550,6,1
2011-05-14 15,15,14502,6,1
2011-05-14 16,16,14525,6,1
2011-05-14 17,17,14601,6,1
2011-05-14 18,18,14657,6,1
2011-05-14 19,19,14848,6,1
2011-05-14 20,20,14729,6,1
2011-05-14 21,21,14395,6,1
2011-05-14 22,22,13726,6,1
2011-05-14 23,23,12767,6,1
2011-05-15 00,0,12146,7,1
2011-05-15 01,1,11877,7,1
2011-05-15 02,2,11444,7,1
2011-05-15 03,3,11013,7,1
2011-05-15 04,4,10935,7,1
2011-05-15 05,5,11406,7,1
2011-05-15 06,6,11549,7,1
2011-05-15 07,7,12145,7,1
2011-05-15 08,8,13061,7,1
2011-05-15 09,9,13849,7,1
2011-05-15 10,10,14388,7,1
2011-05-15 11,11,14124,7,1
2011-05-15 12,12,13714,7,1
2011-05-15 13,13,14031,7,1
2011-05-15 14,14,14088,7,1
2011-05-15 15,15,14115,7,1
2011-05-15 16,16,14157,7,1
2011-05-15 17,17,14155,7,1
2011-05-15 18,18,14464,7,1
2011-05-15 19,19,14618,7,1
2011-05-15 20,20,14429,7,1
2011-05-15 21,21,14015,7,1
2011-05-15 22,22,13352,7,1
2011-05-15 23,23,12394,7,1
2011-05-16 00,0,11547,1,0
2011-05-16 01,1,11274,1,0
2011-05-16 02,2,10957,1,0
2011-05-16 03,3,10564,1,0
2011-05-16 04,4,10574,1,0
2011-05-16 05,5,11114,1,0
2011-05-16 06,6,12107,1,0
2011-05-16 07,7,13526,1,0
2011-05-16 08,8,15505,1,0
2011-05-16 09,9,16424,1,0
2011-05-16 10,10,17070,1,0
2011-05-16 11,11,16756,1,0
2011-05-16 12,12,15966,1,0
2011-05-16 13,13,16832,1,0
2011-05-16 14,14,16760,1,0
2011-05-16 15,15,16623,1,0
2011-05-16 16,16,16971,1,0
2011-05-16 17,17,16285,1,0
2011-05-16 18,18,15486,1,0
2011-05-16 19,19,15644,1,0
2011-05-16 20,20,15398,1,0
2011-05-16 21,21,14853,1,0
2011-05-16 22,22,14132,1,0
2011-05-16 23,23,13285,1,0
2011-05-17 00,0,12565,2,0
2011-05-17 01,1,12239,2,0
2011-05-17 02,2,11856,2,0
2011-05-17 03,3,11487,2,0
2011-05-17 04,4,11546,2,0
2011-05-17 05,5,11984,2,0
2011-05-17 06,6,12076,2,0
2011-05-17 07,7,13373,2,0
2011-05-17 08,8,15518,2,0
2011-05-17 09,9,17231,2,0
2011-05-17 10,10,17561,2,0
2011-05-17 11,11,17095,2,0
2011-05-17 12,12,17027,2,0
2011-05-17 13,13,17296,2,0
2011-05-17 14,14,17456,2,0
2011-05-17 15,15,17376,2,0
2011-05-17 16,16,17299,2,0
2011-05-17 17,17,16431,2,0
2011-05-17 18,18,16366,2,0
2011-05-17 19,19,16527,2,0
2011-05-17 20,20,16057,2,0
2011-05-17 21,21,15529,2,0
2011-05-17 22,22,14770,2,0
2011-05-17 23,23,13918,2,0
2011-05-18 00,0,12738,3,0
2011-05-18 01,1,12239,3,0
2011-05-18 02,2,11961,3,0
2011-05-18 03,3,11403,3,0
2011-05-18 04,4,11504,3,0
2011-05-18 05,5,12062,3,0
2011-05-18 06,6,12430,3,0
2011-05-18 07,7,13981,3,0
2011-05-18 08,8,16325,3,0
2011-05-18 09,9,17063,3,0
2011-05-18 10,10,17457,3,0
2011-05-18 11,11,17055,3,0
2011-05-18 12,12,16949,3,0
2011-05-18 13,13,17215,3,0
2011-05-18 14,14,17174,3,0
2011-05-18 15,15,17279,3,0
2011-05-18 16,16,17236,3,0
2011-05-18 17,17,16761,3,0
2011-05-18 18,18,16851,3,0
2011-05-18 19,19,16970,3,0
2011-05-18 20,20,16554,3,0
2011-05-18 21,21,15983,3,0
2011-05-18 22,22,15070,3,0
2011-05-18 23,23,13924,3,0
2011-05-19 00,0,12977,4,0
2011-05-19 01,1,12121,4,0
2011-05-19 02,2,11792,4,0
2011-05-19 03,3,11602,4,0
2011-05-19 04,4,11658,4,0
2011-05-19 05,5,11973,4,0
2011-05-19 06,6,12312,4,0
2011-05-19 07,7,13802,4,0
2011-05-19 08,8,16277,4,0
2011-05-19 09,9,17541,4,0
2011-05-19 10,10,17851,4,0
2011-05-19 11,11,17707,4,0
2011-05-19 12,12,17678,4,0
2011-05-19 13,13,18030,4,0
2011-05-19 14,14,17989,4,0
2011-05-19 15,15,18060,4,0
2011-05-19 16,16,17981,4,0
2011-05-19 17,17,17416,4,0
2011-05-19 18,18,16211,4,0
2011-05-19 19,19,16228,4,0
2011-05-19 20,20,15982,4,0
2011-05-19 21,21,15320,4,0
2011-05-19 22,22,14464,4,0
2011-05-19 23,23,13316,4,0
2011-05-20 00,0,12918,5,0
2011-05-20 01,1,12543,5,0
2011-05-20 02,2,12300,5,0
2011-05-20 03,3,11895,5,0
2011-05-20 04,4,11966,5,0
2011-05-20 05,5,12423,5,0
2011-05-20 06,6,12907,5,0
2011-05-20 07,7,14427,5,0
2011-05-20 08,8,16992,5,0
2011-05-20 09,9,18597,5,0
2011-05-20 10,10,18932,5,0
2011-05-20 11,11,18561,5,0
2011-05-20 12,12,18586,5,0
2011-05-20 13,13,19052,5,0
2011-05-20 14,14,19157,5,0
2011-05-20 15,15,19311,5,0
2011-05-20 16,16,19071,5,0
2011-05-20 17,17,18187,5,0
2011-05-20 18,18,17327,5,0
2011-05-20 19,19,17562,5,0
2011-05-20 20,20,17326,5,0
2011-05-20 21,21,16669,5,0
2011-05-20 22,22,15653,5,0
2011-05-20 23,23,14447,5,0
2011-05-21 00,0,13522,6,1
2011-05-21 01,1,12638,6,1
2011-05-21 02,2,12256,6,1
2011-05-21 03,3,12357,6,1
2011-05-21 04,4,12289,6,1
2011-05-21 05,5,12416,6,1
2011-05-21 06,6,12350,6,1
2011-05-21 07,7,13227,6,1
2011-05-21 08,8,14600,6,1
2011-05-21 09,9,15643,6,1
2011-05-21 10,10,16118,6,1
2011-05-21 11,11,15824,6,1
2011-05-21 12,12,15079,6,1
2011-05-21 13,13,15339,6,1
2011-05-21 14,14,15395,6,1
2011-05-21 15,15,15407,6,1
2011-05-21 16,16,15386,6,1
2011-05-21 17,17,15214,6,1
2011-05-21 18,18,14998,6,1
2011-05-21 19,19,15211,6,1
2011-05-21 20,20,15236,6,1
2011-05-21 21,21,15080,6,1
2011-05-21 22,22,13915,6,1
2011-05-21 23,23,13022,6,1
2011-05-22 00,0,12315,7,1
2011-05-22 01,1,11920,7,1
2011-05-22 02,2,11477,7,1
2011-05-22 03,3,11150,7,1
2011-05-22 04,4,11058,7,1
2011-05-22 05,5,11401,7,1
2011-05-22 06,6,11330,7,1
2011-05-22 07,7,11991,7,1
2011-05-22 08,8,13137,7,1
2011-05-22 09,9,13592,7,1
2011-05-22 10,10,14030,7,1
2011-05-22 11,11,13899,7,1
2011-05-22 12,12,13562,7,1
2011-05-22 13,13,13778,7,1
2011-05-22 14,14,13821,7,1
2011-05-22 15,15,13809,7,1
2011-05-22 16,16,13958,7,1
2011-05-22 17,17,13954,7,1
2011-05-22 18,18,14018,7,1
2011-05-22 19,19,14295,7,1
2011-05-22 20,20,14140,7,1
2011-05-22 21,21,13791,7,1
2011-05-22 22,22,13058,7,1
2011-05-22 23,23,12210,7,1
2011-05-23 00,0,11470,1,0
2011-05-23 01,1,10949,1,0
2011-05-23 02,2,10612,1,0
2011-05-23 03,3,10246,1,0
2011-05-23 04,4,10314,1,0
2011-05-23 05,5,11060,1,0
2011-05-23 06,6,11454,1,0
2011-05-23 07,7,13193,1,0
2011-05-23 08,8,14919,1,0
2011-05-23 09,9,15466,1,0
2011-05-23 10,10,15940,1,0
2011-05-23 11,11,15510,1,0
2011-05-23 12,12,15618,1,0
2011-05-23 13,13,15706,1,0
2011-05-23 14,14,15637,1,0
2011-05-23 15,15,15674,1,0
2011-05-23 16,16,15695,1,0
2011-05-23 17,17,15688,1,0
2011-05-23 18,18,15192,1,0
2011-05-23 19,19,15155,1,0
2011-05-23 20,20,15093,1,0
2011-05-23 21,21,14816,1,0
2011-05-23 22,22,13904,1,0
2011-05-23 23,23,12840,1,0
2011-05-24 00,0,11963,2,0
2011-05-24 01,1,11161,2,0
2011-05-24 02,2,10827,2,0
2011-05-24 03,3,10723,2,0
2011-05-24 04,4,10718,2,0
2011-05-24 05,5,11182,2,0
2011-05-24 06,6,11517,2,0
2011-05-24 07,7,12818,2,0
2011-05-24 08,8,14669,2,0
2011-05-24 09,9,15846,2,0
2011-05-24 10,10,15883,2,0
2011-05-24 11,11,15446,2,0
2011-05-24 12,12,14881,2,0
2011-05-24 13,13,15147,2,0
2011-05-24 14,14,15118,2,0
2011-05-24 15,15,15289,2,0
2011-05-24 16,16,15406,2,0
2011-05-24 17,17,15243,2,0
2011-05-24 18,18,14937,2,0
2011-05-24 19,19,15263,2,0
2011-05-24 20,20,14973,2,0
2011-05-24 21,21,14392,2,0
2011-05-24 22,22,13679,2,0
2011-05-24 23,23,12656,2,0
2011-05-25 00,0,11750,3,0
2011-05-25 01,1,11406,3,0
2011-05-25 02,2,10920,3,0
2011-05-25 03,3,10930,3,0
2011-05-25 04,4,10798,3,0
2011-05-25 05,5,11303,3,0
2011-05-25 06,6,11666,3,0
2011-05-25 07,7,13091,3,0
2011-05-25 08,8,14781,3,0
2011-05-25 09,9,15768,3,0
2011-05-25 10,10,16127,3,0
2011-05-25 11,11,15560,3,0
2011-05-25 12,12,14789,3,0
2011-05-25 13,13,15071,3,0
2011-05-25 14,14,15082,3,0
2011-05-25 15,15,15082,3,0
2011-05-25 16,16,15285,3,0
2011-05-25 17,17,15062,3,0
2011-05-25 18,18,15243,3,0
2011-05-25 19,19,15587,3,0
2011-05-25 20,20,15099,3,0
2011-05-25 21,21,14101,3,0
2011-05-25 22,22,13376,3,0
2011-05-25 23,23,12354,3,0
2011-05-26 00,0,11857,4,0
2011-05-26 01,1,11530,4,0
2011-05-26 02,2,11104,4,0
2011-05-26 03,3,11055,4,0
2011-05-26 04,4,11062,4,0
2011-05-26 05,5,11383,4,0
2011-05-26 06,6,11555,4,0
2011-05-26 07,7,12957,4,0
2011-05-26 08,8,14855,4,0
2011-05-26 09,9,15923,4,0
2011-05-26 10,10,16214,4,0
2011-05-26 11,11,15899,4,0
2011-05-26 12,12,15137,4,0
2011-05-26 13,13,15421,4,0
2011-05-26 14,14,15431,4,0
2011-05-26 15,15,15430,4,0
2011-05-26 16,16,15490,4,0
2011-05-26 17,17,15165,4,0
2011-05-26 18,18,15228,4,0
2011-05-26 19,19,15470,4,0
2011-05-26 20,20,15222,4,0
2011-05-26 21,21,14788,4,0
2011-05-26 22,22,13927,4,0
2011-05-26 23,23,12919,4,0
2011-05-27 00,0,11963,5,0
2011-05-27 01,1,11622,5,0
2011-05-27 02,2,11302,5,0
2011-05-27 03,3,11062,5,0
2011-05-27 04,4,11147,5,0
2011-05-27 05,5,11432,5,0
2011-05-27 06,6,11717,5,0
2011-05-27 07,7,13096,5,0
2011-05-27 08,8,14783,5,0
2011-05-27 09,9,15837,5,0
2011-05-27 10,10,16107,5,0
2011-05-27 11,11,15807,5,0
2011-05-27 12,12,15010,5,0
2011-05-27 13,13,15416,5,0
2011-05-27 14,14,15451,5,0
2011-05-27 15,15,15423,5,0
2011-05-27 16,16,15578,5,0
2011-05-27 17,17,15322,5,0
2011-05-27 18,18,15391,5,0
2011-05-27 19,19,15448,5,0
2011-05-27 20,20,15101,5,0
2011-05-27 21,21,14704,5,0
2011-05-27 22,22,13885,5,0
2011-05-27 23,23,12893,5,0
2011-05-28 00,0,11991,6,1
2011-05-28 01,1,11697,6,1
2011-05-28 02,2,11358,6,1
2011-05-28 03,3,10991,6,1
2011-05-28 04,4,10997,6,1
2011-05-28 05,5,11620,6,1
2011-05-28 06,6,11847,6,1
2011-05-28 07,7,12494,6,1
2011-05-28 08,8,13660,6,1
2011-05-28 09,9,14750,6,1
2011-05-28 10,10,15042,6,1
2011-05-28 11,11,14789,6,1
2011-05-28 12,12,13814,6,1
2011-05-28 13,13,14000,6,1
2011-05-28 14,14,13975,6,1
2011-05-28 15,15,13884,6,1
2011-05-28 16,16,13886,6,1
2011-05-28 17,17,13785,6,1
2011-05-28 18,18,14009,6,1
2011-05-28 19,19,14531,6,1
2011-05-28 20,20,14206,6,1
2011-05-28 21,21,13532,6,1
2011-05-28 22,22,12889,6,1
2011-05-28 23,23,12000,6,1
2011-05-29 00,0,11418,7,1
2011-05-29 01,1,11195,7,1
2011-05-29 02,2,10863,7,1
2011-05-29 03,3,10603,7,1
2011-05-29 04,4,10772,7,1
2011-05-29 05,5,10879,7,1
2011-05-29 06,6,11163,7,1
2011-05-29 07,7,11862,7,1
2011-05-29 08,8,12659,7,1
2011-05-29 09,9,13606,7,1
2011-05-29 10,10,13951,7,1
2011-05-29 11,11,13763,7,1
2011-05-29 12,12,13009,7,1
2011-05-29 13,13,13098,7,1
2011-05-29 14,14,13122,7,1
2011-05-29 15,15,13187,7,1
2011-05-29 16,16,13442,7,1
2011-05-29 17,17,13316,7,1
2011-05-29 18,18,13680,7,1
2011-05-29 19,19,14139,7,1
2011-05-29 20,20,13869,7,1
2011-05-29 21,21,13335,7,1
2011-05-29 22,22,12527,7,1
2011-05-29 23,23,11690,7,1
2011-05-30 00,0,11206,1,0
2011-05-30 01,1,10755,1,0
2011-05-30 02,2,10398,1,0
2011-05-30 03,3,10374,1,0
2011-05-30 04,4,10473,1,0
2011-05-30 05,5,10704,1,0
2011-05-30 06,6,11713,1,0
2011-05-30 07,7,13597,1,0
2011-05-30 08,8,15614,1,0
2011-05-30 09,9,16066,1,0
2011-05-30 10,10,16333,1,0
2011-05-30 11,11,16117,1,0
2011-05-30 12,12,15822,1,0
2011-05-30 13,13,16054,1,0
2011-05-30 14,14,16024,1,0
2011-05-30 15,15,16075,1,0
2011-05-30 16,16,16178,1,0
2011-05-30 17,17,15804,1,0
2011-05-30 18,18,15496,1,0
2011-05-30 19,19,15620,1,0
2011-05-30 20,20,15639,1,0
2011-05-30 21,21,15135,1,0
2011-05-30 22,22,14372,1,0
2011-05-30 23,23,13519,1,0
2011-05-31 00,0,12404,2,0
2011-05-31 01,1,11501,2,0
2011-05-31 02,2,11292,2,0
2011-05-31 03,3,11162,2,0
2011-05-31 04,4,11178,2,0
2011-05-31 05,5,11813,2,0
2011-05-31 06,6,12352,2,0
2011-05-31 07,7,13874,2,0
2011-05-31 08,8,15906,2,0
2011-05-31 09,9,16484,2,0
2011-05-31 10,10,16780,2,0
2011-05-31 11,11,16438,2,0
2011-05-31 12,12,16859,2,0
2011-05-31 13,13,16860,2,0
2011-05-31 14,14,16735,2,0
2011-05-31 15,15,16961,2,0
2011-05-31 16,16,16919,2,0
2011-05-31 17,17,16641,2,0
2011-05-31 18,18,16272,2,0
2011-05-31 19,19,16453,2,0
2011-05-31 20,20,16371,2,0
2011-05-31 21,21,15822,2,0
2011-05-31 22,22,14865,2,0
2011-05-31 23,23,13943,2,0
2011-06-01 00,0,12536,3,0
2011-06-01 01,1,12003,3,0
2011-06-01 02,2,11612,3,0
2011-06-01 03,3,11172,3,0
2011-06-01 04,4,11033,3,0
2011-06-01 05,5,11752,3,0
2011-06-01 06,6,12061,3,0
2011-06-01 07,7,13368,3,0
2011-06-01 08,8,15216,3,0
2011-06-01 09,9,16390,3,0
2011-06-01 10,10,16690,3,0
2011-06-01 11,11,16482,3,0
2011-06-01 12,12,15843,3,0
2011-06-01 13,13,16202,3,0
2011-06-01 14,14,16193,3,0
2011-06-01 15,15,16183,3,0
2011-06-01 16,16,16169,3,0
2011-06-01 17,17,15799,3,0
2011-06-01 18,18,15442,3,0
2011-06-01 19,19,15503,3,0
2011-06-01 20,20,15410,3,0
2011-06-01 21,21,14959,3,0
2011-06-01 22,22,14079,3,0
2011-06-01 23,23,13094,3,0
2011-06-02 00,0,12223,4,0
2011-06-02 01,1,11720,4,0
2011-06-02 02,2,11309,4,0
2011-06-02 03,3,11338,4,0
2011-06-02 04,4,11281,4,0
2011-06-02 05,5,11563,4,0
2011-06-02 06,6,12071,4,0
2011-06-02 07,7,13673,4,0
2011-06-02 08,8,15652,4,0
2011-06-02 09,9,17210,4,0
2011-06-02 10,10,17685,4,0
2011-06-02 11,11,17373,4,0
2011-06-02 12,12,16591,4,0
2011-06-02 13,13,16820,4,0
2011-06-02 14,14,16386,4,0
2011-06-02 15,15,16252,4,0
2011-06-02 16,16,16339,4,0
2011-06-02 17,17,15792,4,0
2011-06-02 18,18,15347,4,0
2011-06-02 19,19,15474,4,0
2011-06-02 20,20,15304,4,0
2011-06-02 21,21,14835,4,0
2011-06-02 22,22,14006,4,0
2011-06-02 23,23,12970,4,0
2011-06-03 00,0,12451,5,0
2011-06-03 01,1,12124,5,0
2011-06-03 02,2,11796,5,0
2011-06-03 03,3,11666,5,0
2011-06-03 04,4,11345,5,0
2011-06-03 05,5,12010,5,0
2011-06-03 06,6,12437,5,0
2011-06-03 07,7,13959,5,0
2011-06-03 08,8,15975,5,0
2011-06-03 09,9,17364,5,0
2011-06-03 10,10,17472,5,0
2011-06-03 11,11,16962,5,0
2011-06-03 12,12,16590,5,0
2011-06-03 13,13,16853,5,0
2011-06-03 14,14,16805,5,0
2011-06-03 15,15,16768,5,0
2011-06-03 16,16,16677,5,0
2011-06-03 17,17,16201,5,0
2011-06-03 18,18,15921,5,0
2011-06-03 19,19,16093,5,0
2011-06-03 20,20,15847,5,0
2011-06-03 21,21,15535,5,0
2011-06-03 22,22,14610,5,0
2011-06-03 23,23,13499,5,0
2011-06-04 00,0,12492,6,1
2011-06-04 01,1,11772,6,1
2011-06-04 02,2,11400,6,1
2011-06-04 03,3,11342,6,1
2011-06-04 04,4,11252,6,1
2011-06-04 05,5,11537,6,1
2011-06-04 06,6,11482,6,1
2011-06-04 07,7,12793,6,1
2011-06-04 08,8,14220,6,1
2011-06-04 09,9,14826,6,1
2011-06-04 10,10,15405,6,1
2011-06-04 11,11,15304,6,1
2011-06-04 12,12,14362,6,1
2011-06-04 13,13,14545,6,1
2011-06-04 14,14,14536,6,1
2011-06-04 15,15,14436,6,1
2011-06-04 16,16,14425,6,1
2011-06-04 17,17,14342,6,1
2011-06-04 18,18,14768,6,1
2011-06-04 19,19,15007,6,1
2011-06-04 20,20,14713,6,1
2011-06-04 21,21,14303,6,1
2011-06-04 22,22,13619,6,1
2011-06-04 23,23,12820,6,1
2011-06-05 00,0,12002,7,1
2011-06-05 01,1,11088,7,1
2011-06-05 02,2,10799,7,1
2011-06-05 03,3,10967,7,1
2011-06-05 04,4,10896,7,1
2011-06-05 05,5,10892,7,1
2011-06-05 06,6,10892,7,1
2011-06-05 07,7,11402,7,1
2011-06-05 08,8,12269,7,1
2011-06-05 09,9,13405,7,1
2011-06-05 10,10,13763,7,1
2011-06-05 11,11,13665,7,1
2011-06-05 12,12,12788,7,1
2011-06-05 13,13,13012,7,1
2011-06-05 14,14,12708,7,1
2011-06-05 15,15,12648,7,1
2011-06-05 16,16,12754,7,1
2011-06-05 17,17,12781,7,1
2011-06-05 18,18,13711,7,1
2011-06-05 19,19,13901,7,1
2011-06-05 20,20,13762,7,1
2011-06-05 21,21,12992,7,1
2011-06-05 22,22,12267,7,1
2011-06-05 23,23,11412,7,1
2011-06-06 00,0,11179,1,-1
2011-06-06 01,1,10956,1,-1
2011-06-06 02,2,10723,1,-1
2011-06-06 03,3,10189,1,-1
2011-06-06 04,4,10080,1,-1
2011-06-06 05,5,10580,1,-1
2011-06-06 06,6,10676,1,-1
2011-06-06 07,7,11044,1,-1
2011-06-06 08,8,11544,1,-1
2011-06-06 09,9,11900,1,-1
2011-06-06 10,10,12401,1,-1
2011-06-06 11,11,12376,1,-1
2011-06-06 12,12,12271,1,-1
2011-06-06 13,13,12131,1,-1
2011-06-06 14,14,11952,1,-1
2011-06-06 15,15,12066,1,-1
2011-06-06 16,16,12308,1,-1
2011-06-06 17,17,12520,1,-1
2011-06-06 18,18,12612,1,-1
2011-06-06 19,19,12590,1,-1
2011-06-06 20,20,12942,1,-1
2011-06-06 21,21,12893,1,-1
2011-06-06 22,22,12341,1,-1
2011-06-06 23,23,11576,1,-1
2011-06-07 00,0,10478,2,0
2011-06-07 01,1,9770,2,0
2011-06-07 02,2,9468,2,0
2011-06-07 03,3,9460,2,0
2011-06-07 04,4,9663,2,0
2011-06-07 05,5,9903,2,0
2011-06-07 06,6,10750,2,0
2011-06-07 07,7,13010,2,0
2011-06-07 08,8,14782,2,0
2011-06-07 09,9,15660,2,0
2011-06-07 10,10,16019,2,0
2011-06-07 11,11,15729,2,0
2011-06-07 12,12,15203,2,0
2011-06-07 13,13,15579,2,0
2011-06-07 14,14,15714,2,0
2011-06-07 15,15,15609,2,0
2011-06-07 16,16,15757,2,0
2011-06-07 17,17,15497,2,0
2011-06-07 18,18,15219,2,0
2011-06-07 19,19,15488,2,0
2011-06-07 20,20,15271,2,0
2011-06-07 21,21,14874,2,0
2011-06-07 22,22,14066,2,0
2011-06-07 23,23,13080,2,0
2011-06-08 00,0,12164,3,0
2011-06-08 01,1,11840,3,0
2011-06-08 02,2,11596,3,0
2011-06-08 03,3,11028,3,0
2011-06-08 04,4,11129,3,0
2011-06-08 05,5,11688,3,0
2011-06-08 06,6,12170,3,0
2011-06-08 07,7,13922,3,0
2011-06-08 08,8,16078,3,0
2011-06-08 09,9,16339,3,0
2011-06-08 10,10,16710,3,0
2011-06-08 11,11,16382,3,0
2011-06-08 12,12,16661,3,0
2011-06-08 13,13,17036,3,0
2011-06-08 14,14,17099,3,0
2011-06-08 15,15,17448,3,0
2011-06-08 16,16,17390,3,0
2011-06-08 17,17,16776,3,0
2011-06-08 18,18,16322,3,0
2011-06-08 19,19,16474,3,0
2011-06-08 20,20,16190,3,0
2011-06-08 21,21,15586,3,0
2011-06-08 22,22,14703,3,0
2011-06-08 23,23,13498,3,0
2011-06-09 00,0,12378,4,0
2011-06-09 01,1,12075,4,0
2011-06-09 02,2,11700,4,0
2011-06-09 03,3,11638,4,0
2011-06-09 04,4,11706,4,0
2011-06-09 05,5,11917,4,0
2011-06-09 06,6,12204,4,0
2011-06-09 07,7,13743,4,0
2011-06-09 08,8,16269,4,0
2011-06-09 09,9,18603,4,0
2011-06-09 10,10,19053,4,0
2011-06-09 11,11,18635,4,0
2011-06-09 12,12,18347,4,0
2011-06-09 13,13,19072,4,0
2011-06-09 14,14,19231,4,0
2011-06-09 15,15,19342,4,0
2011-06-09 16,16,19371,4,0
2011-06-09 17,17,18365,4,0
2011-06-09 18,18,17128,4,0
2011-06-09 19,19,17328,4,0
2011-06-09 20,20,16902,4,0
2011-06-09 21,21,16352,4,0
2011-06-09 22,22,15344,4,0
2011-06-09 23,23,14106,4,0
2011-06-10 00,0,13521,5,0
2011-06-10 01,1,13129,5,0
2011-06-10 02,2,12723,5,0
2011-06-10 03,3,11958,5,0
2011-06-10 04,4,12063,5,0
2011-06-10 05,5,12583,5,0
2011-06-10 06,6,12801,5,0
2011-06-10 07,7,14401,5,0
2011-06-10 08,8,16210,5,0
2011-06-10 09,9,17915,5,0
2011-06-10 10,10,18528,5,0
2011-06-10 11,11,18132,5,0
2011-06-10 12,12,17510,5,0
2011-06-10 13,13,18092,5,0
2011-06-10 14,14,17884,5,0
2011-06-10 15,15,17531,5,0
2011-06-10 16,16,16872,5,0
2011-06-10 17,17,16271,5,0
2011-06-10 18,18,16708,5,0
2011-06-10 19,19,16873,5,0
2011-06-10 20,20,16653,5,0
2011-06-10 21,21,15383,5,0
2011-06-10 22,22,14425,5,0
2011-06-10 23,23,13584,5,0
2011-06-11 00,0,13029,6,1
2011-06-11 01,1,12650,6,1
2011-06-11 02,2,12258,6,1
2011-06-11 03,3,12116,6,1
2011-06-11 04,4,12025,6,1
2011-06-11 05,5,12281,6,1
2011-06-11 06,6,12280,6,1
2011-06-11 07,7,13240,6,1
2011-06-11 08,8,14693,6,1
2011-06-11 09,9,15792,6,1
2011-06-11 10,10,16179,6,1
2011-06-11 11,11,15751,6,1
2011-06-11 12,12,14951,6,1
2011-06-11 13,13,14953,6,1
2011-06-11 14,14,14895,6,1
2011-06-11 15,15,14993,6,1
2011-06-11 16,16,15087,6,1
2011-06-11 17,17,14949,6,1
2011-06-11 18,18,15270,6,1
2011-06-11 19,19,15456,6,1
2011-06-11 20,20,15325,6,1
2011-06-11 21,21,14194,6,1
2011-06-11 22,22,13491,6,1
2011-06-11 23,23,12674,6,1
2011-06-12 00,0,12606,7,1
2011-06-12 01,1,12235,7,1
2011-06-12 02,2,11875,7,1
2011-06-12 03,3,11334,7,1
2011-06-12 04,4,11263,7,1
2011-06-12 05,5,11624,7,1
2011-06-12 06,6,11568,7,1
2011-06-12 07,7,12261,7,1
2011-06-12 08,8,13429,7,1
2011-06-12 09,9,14108,7,1
2011-06-12 10,10,14654,7,1
2011-06-12 11,11,14482,7,1
2011-06-12 12,12,13944,7,1
2011-06-12 13,13,14020,7,1
2011-06-12 14,14,14060,7,1
2011-06-12 15,15,14133,7,1
2011-06-12 16,16,14312,7,1
2011-06-12 17,17,14234,7,1
2011-06-12 18,18,14306,7,1
2011-06-12 19,19,14700,7,1
2011-06-12 20,20,14647,7,1
2011-06-12 21,21,14255,7,1
2011-06-12 22,22,13457,7,1
2011-06-12 23,23,12630,7,1
2011-06-13 00,0,11745,1,0
2011-06-13 01,1,11365,1,0
2011-06-13 02,2,11114,1,0
2011-06-13 03,3,10949,1,0
2011-06-13 04,4,10852,1,0
2011-06-13 05,5,11413,1,0
2011-06-13 06,6,11799,1,0
2011-06-13 07,7,13255,1,0
2011-06-13 08,8,15618,1,0
2011-06-13 09,9,17487,1,0
2011-06-13 10,10,17954,1,0
2011-06-13 11,11,17753,1,0
2011-06-13 12,12,17083,1,0
2011-06-13 13,13,17444,1,0
2011-06-13 14,14,17205,1,0
2011-06-13 15,15,17152,1,0
2011-06-13 16,16,17213,1,0
2011-06-13 17,17,16387,1,0
2011-06-13 18,18,15615,1,0
2011-06-13 19,19,16042,1,0
2011-06-13 20,20,15756,1,0
2011-06-13 21,21,14941,1,0
2011-06-13 22,22,14124,1,0
2011-06-13 23,23,13088,1,0
2011-06-14 00,0,12357,2,0
2011-06-14 01,1,11896,2,0
2011-06-14 02,2,11525,2,0
2011-06-14 03,3,11680,2,0
2011-06-14 04,4,11571,2,0
2011-06-14 05,5,11738,2,0
2011-06-14 06,6,11806,2,0
2011-06-14 07,7,13279,2,0
2011-06-14 08,8,15779,2,0
2011-06-14 09,9,16784,2,0
2011-06-14 10,10,16953,2,0
2011-06-14 11,11,16693,2,0
2011-06-14 12,12,16718,2,0
2011-06-14 13,13,16893,2,0
2011-06-14 14,14,16722,2,0
2011-06-14 15,15,16785,2,0
2011-06-14 16,16,16857,2,0
2011-06-14 17,17,16644,2,0
2011-06-14 18,18,16243,2,0
2011-06-14 19,19,16361,2,0
2011-06-14 20,20,16069,2,0
2011-06-14 21,21,15271,2,0
2011-06-14 22,22,14474,2,0
2011-06-14 23,23,13438,2,0
2011-06-15 00,0,12437,3,0
2011-06-15 01,1,11964,3,0
2011-06-15 02,2,11606,3,0
2011-06-15 03,3,11243,3,0
2011-06-15 04,4,11230,3,0
2011-06-15 05,5,11640,3,0
2011-06-15 06,6,12112,3,0
2011-06-15 07,7,13794,3,0
2011-06-15 08,8,15774,3,0
2011-06-15 09,9,16324,3,0
2011-06-15 10,10,16547,3,0
2011-06-15 11,11,16126,3,0
2011-06-15 12,12,15968,3,0
2011-06-15 13,13,16322,3,0
2011-06-15 14,14,16373,3,0
2011-06-15 15,15,16477,3,0
2011-06-15 16,16,16424,3,0
2011-06-15 17,17,16004,3,0
2011-06-15 18,18,15342,3,0
2011-06-15 19,19,15508,3,0
2011-06-15 20,20,15333,3,0
2011-06-15 21,21,14784,3,0
2011-06-15 22,22,13898,3,0
2011-06-15 23,23,12785,3,0
2011-06-16 00,0,11954,4,0
2011-06-16 01,1,11566,4,0
2011-06-16 02,2,11351,4,0
2011-06-16 03,3,11220,4,0
2011-06-16 04,4,11372,4,0
2011-06-16 05,5,11479,4,0
2011-06-16 06,6,11842,4,0
2011-06-16 07,7,13672,4,0
2011-06-16 08,8,15905,4,0
2011-06-16 09,9,16331,4,0
2011-06-16 10,10,16512,4,0
2011-06-16 11,11,16099,4,0
2011-06-16 12,12,16327,4,0
2011-06-16 13,13,16647,4,0
2011-06-16 14,14,16380,4,0
2011-06-16 15,15,16371,4,0
2011-06-16 16,16,16434,4,0
2011-06-16 17,17,16479,4,0
2011-06-16 18,18,15817,4,0
2011-06-16 19,19,16010,4,0
2011-06-16 20,20,15842,4,0
2011-06-16 21,21,15317,4,0
2011-06-16 22,22,14196,4,0
2011-06-16 23,23,13130,4,0
2011-06-17 00,0,12303,5,0
2011-06-17 01,1,12037,5,0
2011-06-17 02,2,11785,5,0
2011-06-17 03,3,11417,5,0
2011-06-17 04,4,11432,5,0
2011-06-17 05,5,11780,5,0
2011-06-17 06,6,12153,5,0
2011-06-17 07,7,13611,5,0
2011-06-17 08,8,15338,5,0
2011-06-17 09,9,16520,5,0
2011-06-17 10,10,16785,5,0
2011-06-17 11,11,16367,5,0
2011-06-17 12,12,15858,5,0
2011-06-17 13,13,16079,5,0
2011-06-17 14,14,16100,5,0
2011-06-17 15,15,16626,5,0
2011-06-17 16,16,16798,5,0
2011-06-17 17,17,16174,5,0
2011-06-17 18,18,15814,5,0
2011-06-17 19,19,16181,5,0
2011-06-17 20,20,15816,5,0
2011-06-17 21,21,14927,5,0
2011-06-17 22,22,14209,5,0
2011-06-17 23,23,13109,5,0
2011-06-18 00,0,12423,6,1
2011-06-18 01,1,11825,6,1
2011-06-18 02,2,11493,6,1
2011-06-18 03,3,11516,6,1
2011-06-18 04,4,11545,6,1
2011-06-18 05,5,11574,6,1
2011-06-18 06,6,11654,6,1
2011-06-18 07,7,12575,6,1
2011-06-18 08,8,13893,6,1
2011-06-18 09,9,15330,6,1
2011-06-18 10,10,15764,6,1
2011-06-18 11,11,15682,6,1
2011-06-18 12,12,14685,6,1
2011-06-18 13,13,14740,6,1
2011-06-18 14,14,14608,6,1
2011-06-18 15,15,14717,6,1
2011-06-18 16,16,14714,6,1
2011-06-18 17,17,14708,6,1
2011-06-18 18,18,14669,6,1
2011-06-18 19,19,15321,6,1
2011-06-18 20,20,15115,6,1
2011-06-18 21,21,14279,6,1
2011-06-18 22,22,13509,6,1
2011-06-18 23,23,12593,6,1
2011-06-19 00,0,11797,7,1
2011-06-19 01,1,11646,7,1
2011-06-19 02,2,11380,7,1
2011-06-19 03,3,10946,7,1
2011-06-19 04,4,10828,7,1
2011-06-19 05,5,11258,7,1
2011-06-19 06,6,11319,7,1
2011-06-19 07,7,12053,7,1
2011-06-19 08,8,13062,7,1
2011-06-19 09,9,13581,7,1
2011-06-19 10,10,14077,7,1
2011-06-19 11,11,13956,7,1
2011-06-19 12,12,13571,7,1
2011-06-19 13,13,13708,7,1
2011-06-19 14,14,13685,7,1
2011-06-19 15,15,13724,7,1
2011-06-19 16,16,13778,7,1
2011-06-19 17,17,13812,7,1
2011-06-19 18,18,13910,7,1
2011-06-19 19,19,14031,7,1
2011-06-19 20,20,14181,7,1
2011-06-19 21,21,13966,7,1
2011-06-19 22,22,13260,7,1
2011-06-19 23,23,12360,7,1
2011-06-20 00,0,11432,1,0
2011-06-20 01,1,11118,1,0
2011-06-20 02,2,10748,1,0
2011-06-20 03,3,10570,1,0
2011-06-20 04,4,10391,1,0
2011-06-20 05,5,10766,1,0
2011-06-20 06,6,11935,1,0
2011-06-20 07,7,13601,1,0
2011-06-20 08,8,15367,1,0
2011-06-20 09,9,16251,1,0
2011-06-20 10,10,16683,1,0
2011-06-20 11,11,16611,1,0
2011-06-20 12,12,15864,1,0
2011-06-20 13,13,16279,1,0
2011-06-20 14,14,16306,1,0
2011-06-20 15,15,16386,1,0
2011-06-20 16,16,16494,1,0
2011-06-20 17,17,16115,1,0
2011-06-20 18,18,15686,1,0
2011-06-20 19,19,15843,1,0
2011-06-20 20,20,15894,1,0
2011-06-20 21,21,15217,1,0
2011-06-20 22,22,14267,1,0
2011-06-20 23,23,13459,1,0
2011-06-21 00,0,12293,2,0
2011-06-21 01,1,11755,2,0
2011-06-21 02,2,11423,2,0
2011-06-21 03,3,11392,2,0
2011-06-21 04,4,11372,2,0
2011-06-21 05,5,11709,2,0
2011-06-21 06,6,11843,2,0
2011-06-21 07,7,13800,2,0
2011-06-21 08,8,16551,2,0
2011-06-21 09,9,16905,2,0
2011-06-21 10,10,17231,2,0
2011-06-21 11,11,16911,2,0
2011-06-21 12,12,16832,2,0
2011-06-21 13,13,17075,2,0
2011-06-21 14,14,17201,2,0
2011-06-21 15,15,17516,2,0
2011-06-21 16,16,17484,2,0
2011-06-21 17,17,16993,2,0
2011-06-21 18,18,16836,2,0
2011-06-21 19,19,17036,2,0
2011-06-21 20,20,16850,2,0
2011-06-21 21,21,16314,2,0
2011-06-21 22,22,15400,2,0
2011-06-21 23,23,14262,2,0
2011-06-22 00,0,13159,3,0
2011-06-22 01,1,12250,3,0
2011-06-22 02,2,11833,3,0
2011-06-22 03,3,11682,3,0
2011-06-22 04,4,11738,3,0
2011-06-22 05,5,11840,3,0
2011-06-22 06,6,12052,3,0
2011-06-22 07,7,14018,3,0
2011-06-22 08,8,16854,3,0
2011-06-22 09,9,18922,3,0
2011-06-22 10,10,19499,3,0
2011-06-22 11,11,19485,3,0
2011-06-22 12,12,19101,3,0
2011-06-22 13,13,19881,3,0
2011-06-22 14,14,19934,3,0
2011-06-22 15,15,19917,3,0
2011-06-22 16,16,19885,3,0
2011-06-22 17,17,18725,3,0
2011-06-22 18,18,17793,3,0
2011-06-22 19,19,18244,3,0
2011-06-22 20,20,18121,3,0
2011-06-22 21,21,16675,3,0
2011-06-22 22,22,15243,3,0
2011-06-22 23,23,14300,3,0
2011-06-23 00,0,13704,4,0
2011-06-23 01,1,13154,4,0
2011-06-23 02,2,12674,4,0
2011-06-23 03,3,12433,4,0
2011-06-23 04,4,12394,4,0
2011-06-23 05,5,12734,4,0
2011-06-23 06,6,12820,4,0
2011-06-23 07,7,14883,4,0
2011-06-23 08,8,17605,4,0
2011-06-23 09,9,19421,4,0
2011-06-23 10,10,19965,4,0
2011-06-23 11,11,19661,4,0
2011-06-23 12,12,20112,4,0
2011-06-23 13,13,20469,4,0
2011-06-23 14,14,20597,4,0
2011-06-23 15,15,20696,4,0
2011-06-23 16,16,20688,4,0
2011-06-23 17,17,19772,4,0
2011-06-23 18,18,19129,4,0
2011-06-23 19,19,19060,4,0
2011-06-23 20,20,18924,4,0
2011-06-23 21,21,17959,4,0
2011-06-23 22,22,16920,4,0
2011-06-23 23,23,15727,4,0
2011-06-24 00,0,14683,5,0
2011-06-24 01,1,13706,5,0
2011-06-24 02,2,13136,5,0
2011-06-24 03,3,13152,5,0
2011-06-24 04,4,13003,5,0
2011-06-24 05,5,13069,5,0
2011-06-24 06,6,13225,5,0
2011-06-24 07,7,15183,5,0
2011-06-24 08,8,18029,5,0
2011-06-24 09,9,20296,5,0
2011-06-24 10,10,20939,5,0
2011-06-24 11,11,20895,5,0
2011-06-24 12,12,21076,5,0
2011-06-24 13,13,21316,5,0
2011-06-24 14,14,21379,5,0
2011-06-24 15,15,21346,5,0
2011-06-24 16,16,20974,5,0
2011-06-24 17,17,19795,5,0
2011-06-24 18,18,18423,5,0
2011-06-24 19,19,19014,5,0
2011-06-24 20,20,19013,5,0
2011-06-24 21,21,17890,5,0
2011-06-24 22,22,16724,5,0
2011-06-24 23,23,15746,5,0
2011-06-25 00,0,15437,6,1
2011-06-25 01,1,14327,6,1
2011-06-25 02,2,13689,6,1
2011-06-25 03,3,13553,6,1
2011-06-25 04,4,13412,6,1
2011-06-25 05,5,13615,6,1
2011-06-25 06,6,13250,6,1
2011-06-25 07,7,14464,6,1
2011-06-25 08,8,16017,6,1
2011-06-25 09,9,17622,6,1
2011-06-25 10,10,18081,6,1
2011-06-25 11,11,17723,6,1
2011-06-25 12,12,16648,6,1
2011-06-25 13,13,16699,6,1
2011-06-25 14,14,16609,6,1
2011-06-25 15,15,16657,6,1
2011-06-25 16,16,16759,6,1
2011-06-25 17,17,16693,6,1
2011-06-25 18,18,16493,6,1
2011-06-25 19,19,16439,6,1
2011-06-25 20,20,16426,6,1
2011-06-25 21,21,16086,6,1
2011-06-25 22,22,15376,6,1
2011-06-25 23,23,14441,6,1
2011-06-26 00,0,13136,7,1
2011-06-26 01,1,12776,7,1
2011-06-26 02,2,12300,7,1
2011-06-26 03,3,11666,7,1
2011-06-26 04,4,11591,7,1
2011-06-26 05,5,12390,7,1
2011-06-26 06,6,12364,7,1
2011-06-26 07,7,13177,7,1
2011-06-26 08,8,14396,7,1
2011-06-26 09,9,14607,7,1
2011-06-26 10,10,15004,7,1
2011-06-26 11,11,15280,7,1
2011-06-26 12,12,15270,7,1
2011-06-26 13,13,15406,7,1
2011-06-26 14,14,15384,7,1
2011-06-26 15,15,15423,7,1
2011-06-26 16,16,15474,7,1
2011-06-26 17,17,15512,7,1
2011-06-26 18,18,15425,7,1
2011-06-26 19,19,15388,7,1
2011-06-26 20,20,15721,7,1
2011-06-26 21,21,15566,7,1
2011-06-26 22,22,14855,7,1
2011-06-26 23,23,13959,7,1
2011-06-27 00,0,13032,1,0
2011-06-27 01,1,11887,1,0
2011-06-27 02,2,11582,1,0
2011-06-27 03,3,11527,1,0
2011-06-27 04,4,11547,1,0
2011-06-27 05,5,11747,1,0
2011-06-27 06,6,12393,1,0
2011-06-27 07,7,14676,1,0
2011-06-27 08,8,17710,1,0
2011-06-27 09,9,18945,1,0
2011-06-27 10,10,19573,1,0
2011-06-27 11,11,19210,1,0
2011-06-27 12,12,19170,1,0
2011-06-27 13,13,19612,1,0
2011-06-27 14,14,19646,1,0
2011-06-27 15,15,19418,1,0
2011-06-27 16,16,19515,1,0
2011-06-27 17,17,18559,1,0
2011-06-27 18,18,17892,1,0
2011-06-27 19,19,17677,1,0
2011-06-27 20,20,17891,1,0
2011-06-27 21,21,17514,1,0
2011-06-27 22,22,16600,1,0
2011-06-27 23,23,15462,1,0
2011-06-28 00,0,14469,2,0
2011-06-28 01,1,13200,2,0
2011-06-28 02,2,12842,2,0
2011-06-28 03,3,12830,2,0
2011-06-28 04,4,13007,2,0
2011-06-28 05,5,12943,2,0
2011-06-28 06,6,12959,2,0
2011-06-28 07,7,15126,2,0
2011-06-28 08,8,17978,2,0
2011-06-28 09,9,20178,2,0
2011-06-28 10,10,20817,2,0
2011-06-28 11,11,20558,2,0
2011-06-28 12,12,20206,2,0
2011-06-28 13,13,20841,2,0
2011-06-28 14,14,21091,2,0
2011-06-28 15,15,20969,2,0
2011-06-28 16,16,20579,2,0
2011-06-28 17,17,19307,2,0
2011-06-28 18,18,18236,2,0
2011-06-28 19,19,18436,2,0
2011-06-28 20,20,18250,2,0
2011-06-28 21,21,17714,2,0
2011-06-28 22,22,16800,2,0
2011-06-28 23,23,15662,2,0
2011-06-29 00,0,14784,3,0
2011-06-29 01,1,14221,3,0
2011-06-29 02,2,13825,3,0
2011-06-29 03,3,13364,3,0
2011-06-29 04,4,13409,3,0
2011-06-29 05,5,13720,3,0
2011-06-29 06,6,13983,3,0
2011-06-29 07,7,16543,3,0
2011-06-29 08,8,19275,3,0
2011-06-29 09,9,20282,3,0
2011-06-29 10,10,20926,3,0
2011-06-29 11,11,20871,3,0
2011-06-29 12,12,20931,3,0
2011-06-29 13,13,21082,3,0
2011-06-29 14,14,20786,3,0
2011-06-29 15,15,20454,3,0
2011-06-29 16,16,20424,3,0
2011-06-29 17,17,19288,3,0
2011-06-29 18,18,19626,3,0
2011-06-29 19,19,20200,3,0
2011-06-29 20,20,19915,3,0
2011-06-29 21,21,19506,3,0
2011-06-29 22,22,18643,3,0
2011-06-29 23,23,16771,3,0
2011-06-30 00,0,15076,4,0
2011-06-30 01,1,14320,4,0
2011-06-30 02,2,13788,4,0
2011-06-30 03,3,13230,4,0
2011-06-30 04,4,13005,4,0
2011-06-30 05,5,13463,4,0
2011-06-30 06,6,13833,4,0
2011-06-30 07,7,15982,4,0
2011-06-30 08,8,19024,4,0
2011-06-30 09,9,19730,4,0
2011-06-30 10,10,20288,4,0
2011-06-30 11,11,20229,4,0
2011-06-30 12,12,20001,4,0
2011-06-30 13,13,20178,4,0
2011-06-30 14,14,20069,4,0
2011-06-30 15,15,19977,4,0
2011-06-30 16,16,19716,4,0
2011-06-30 17,17,19245,4,0
2011-06-30 18,18,19885,4,0
2011-06-30 19,19,20203,4,0
2011-06-30 20,20,20186,4,0
2011-06-30 21,21,19875,4,0
2011-06-30 22,22,18866,4,0
2011-06-30 23,23,17045,4,0
2011-07-01 00,0,16055,5,0
2011-07-01 01,1,14635,5,0
2011-07-01 02,2,13556,5,0
2011-07-01 03,3,13233,5,0
2011-07-01 04,4,13151,5,0
2011-07-01 05,5,13206,5,0
2011-07-01 06,6,13467,5,0
2011-07-01 07,7,15866,5,0
2011-07-01 08,8,18714,5,0
2011-07-01 09,9,20839,5,0
2011-07-01 10,10,21266,5,0
2011-07-01 11,11,21212,5,0
2011-07-01 12,12,20833,5,0
2011-07-01 13,13,20979,5,0
2011-07-01 14,14,20694,5,0
2011-07-01 15,15,20547,5,0
2011-07-01 16,16,20304,5,0
2011-07-01 17,17,19236,5,0
2011-07-01 18,18,18386,5,0
2011-07-01 19,19,19151,5,0
2011-07-01 20,20,19063,5,0
2011-07-01 21,21,18282,5,0
2011-07-01 22,22,17377,5,0
2011-07-01 23,23,16343,5,0
2011-07-02 00,0,15141,6,1
2011-07-02 01,1,14427,6,1
2011-07-02 02,2,13808,6,1
2011-07-02 03,3,13797,6,1
2011-07-02 04,4,13474,6,1
2011-07-02 05,5,13551,6,1
2011-07-02 06,6,13772,6,1
2011-07-02 07,7,14929,6,1
2011-07-02 08,8,17421,6,1
2011-07-02 09,9,19274,6,1
2011-07-02 10,10,20243,6,1
2011-07-02 11,11,20282,6,1
2011-07-02 12,12,20358,6,1
2011-07-02 13,13,20640,6,1
2011-07-02 14,14,20683,6,1
2011-07-02 15,15,20611,6,1
2011-07-02 16,16,20501,6,1
2011-07-02 17,17,19872,6,1
2011-07-02 18,18,19476,6,1
2011-07-02 19,19,20781,6,1
2011-07-02 20,20,20753,6,1
2011-07-02 21,21,20620,6,1
2011-07-02 22,22,19875,6,1
2011-07-02 23,23,18551,6,1
2011-07-03 00,0,17384,7,1
2011-07-03 01,1,16595,7,1
2011-07-03 02,2,15795,7,1
2011-07-03 03,3,15137,7,1
2011-07-03 04,4,14818,7,1
2011-07-03 05,5,14577,7,1
2011-07-03 06,6,14207,7,1
2011-07-03 07,7,15556,7,1
2011-07-03 08,8,17688,7,1
2011-07-03 09,9,19065,7,1
2011-07-03 10,10,19662,7,1
2011-07-03 11,11,20162,7,1
2011-07-03 12,12,20241,7,1
2011-07-03 13,13,20592,7,1
2011-07-03 14,14,20533,7,1
2011-07-03 15,15,20435,7,1
2011-07-03 16,16,20338,7,1
2011-07-03 17,17,19964,7,1
2011-07-03 18,18,19747,7,1
2011-07-03 19,19,20982,7,1
2011-07-03 20,20,21390,7,1
2011-07-03 21,21,21557,7,1
2011-07-03 22,22,20988,7,1
2011-07-03 23,23,20024,7,1
2011-07-04 00,0,18399,1,0
2011-07-04 01,1,17056,1,0
2011-07-04 02,2,16135,1,0
2011-07-04 03,3,15790,1,0
2011-07-04 04,4,15448,1,0
2011-07-04 05,5,15128,1,0
2011-07-04 06,6,15489,1,0
2011-07-04 07,7,18294,1,0
2011-07-04 08,8,21833,1,0
2011-07-04 09,9,23749,1,0
2011-07-04 10,10,24129,1,0
2011-07-04 11,11,23809,1,0
2011-07-04 12,12,23546,1,0
2011-07-04 13,13,23441,1,0
2011-07-04 14,14,23129,1,0
2011-07-04 15,15,22319,1,0
2011-07-04 16,16,22261,1,0
2011-07-04 17,17,20897,1,0
2011-07-04 18,18,19909,1,0
2011-07-04 19,19,20663,1,0
2011-07-04 20,20,20702,1,0
2011-07-04 21,21,20233,1,0
2011-07-04 22,22,19641,1,0
2011-07-04 23,23,18576,1,0
2011-07-05 00,0,17063,2,0
2011-07-05 01,1,16074,2,0
2011-07-05 02,2,15443,2,0
2011-07-05 03,3,15005,2,0
2011-07-05 04,4,14649,2,0
2011-07-05 05,5,14541,2,0
2011-07-05 06,6,15192,2,0
2011-07-05 07,7,17320,2,0
2011-07-05 08,8,20283,2,0
2011-07-05 09,9,21736,2,0
2011-07-05 10,10,22004,2,0
2011-07-05 11,11,22050,2,0
2011-07-05 12,12,22409,2,0
2011-07-05 13,13,22670,2,0
2011-07-05 14,14,22592,2,0
2011-07-05 15,15,22710,2,0
2011-07-05 16,16,22615,2,0
2011-07-05 17,17,21417,2,0
2011-07-05 18,18,20752,2,0
2011-07-05 19,19,20948,2,0
2011-07-05 20,20,20956,2,0
2011-07-05 21,21,20343,2,0
2011-07-05 22,22,19671,2,0
2011-07-05 23,23,18574,2,0
2011-07-06 00,0,17399,3,0
2011-07-06 01,1,16399,3,0
2011-07-06 02,2,15666,3,0
2011-07-06 03,3,15333,3,0
2011-07-06 04,4,15097,3,0
2011-07-06 05,5,15087,3,0
2011-07-06 06,6,15761,3,0
2011-07-06 07,7,18226,3,0
2011-07-06 08,8,21681,3,0
2011-07-06 09,9,23423,3,0
2011-07-06 10,10,23654,3,0
2011-07-06 11,11,23462,3,0
2011-07-06 12,12,23782,3,0
2011-07-06 13,13,24187,3,0
2011-07-06 14,14,24193,3,0
2011-07-06 15,15,24140,3,0
2011-07-06 16,16,23889,3,0
2011-07-06 17,17,23038,3,0
2011-07-06 18,18,21859,3,0
2011-07-06 19,19,22885,3,0
2011-07-06 20,20,23075,3,0
2011-07-06 21,21,23011,3,0
2011-07-06 22,22,22007,3,0
2011-07-06 23,23,20744,3,0
2011-07-07 00,0,19153,4,0
2011-07-07 01,1,17456,4,0
2011-07-07 02,2,16598,4,0
2011-07-07 03,3,15989,4,0
2011-07-07 04,4,15523,4,0
2011-07-07 05,5,15706,4,0
2011-07-07 06,6,16114,4,0
2011-07-07 07,7,18616,4,0
2011-07-07 08,8,22005,4,0
2011-07-07 09,9,23896,4,0
2011-07-07 10,10,24721,4,0
2011-07-07 11,11,24740,4,0
2011-07-07 12,12,24708,4,0
2011-07-07 13,13,24908,4,0
2011-07-07 14,14,24872,4,0
2011-07-07 15,15,24607,4,0
2011-07-07 16,16,24378,4,0
2011-07-07 17,17,23775,4,0
2011-07-07 18,18,22691,4,0
2011-07-07 19,19,23314,4,0
2011-07-07 20,20,23549,4,0
2011-07-07 21,21,23142,4,0
2011-07-07 22,22,22092,4,0
2011-07-07 23,23,20421,4,0
2011-07-08 00,0,18946,5,0
2011-07-08 01,1,18023,5,0
2011-07-08 02,2,17189,5,0
2011-07-08 03,3,16608,5,0
2011-07-08 04,4,16061,5,0
2011-07-08 05,5,15984,5,0
2011-07-08 06,6,15759,5,0
2011-07-08 07,7,17748,5,0
2011-07-08 08,8,20741,5,0
2011-07-08 09,9,22319,5,0
2011-07-08 10,10,23183,5,0
2011-07-08 11,11,22999,5,0
2011-07-08 12,12,23047,5,0
2011-07-08 13,13,23124,5,0
2011-07-08 14,14,23016,5,0
2011-07-08 15,15,22732,5,0
2011-07-08 16,16,22309,5,0
2011-07-08 17,17,21582,5,0
2011-07-08 18,18,20548,5,0
2011-07-08 19,19,21044,5,0
2011-07-08 20,20,20910,5,0
2011-07-08 21,21,20788,5,0
2011-07-08 22,22,20107,5,0
2011-07-08 23,23,18996,5,0
2011-07-09 00,0,17641,6,1
2011-07-09 01,1,16840,6,1
2011-07-09 02,2,16231,6,1
2011-07-09 03,3,15628,6,1
2011-07-09 04,4,15040,6,1
2011-07-09 05,5,15020,6,1
2011-07-09 06,6,15064,6,1
2011-07-09 07,7,16283,6,1
2011-07-09 08,8,18338,6,1
2011-07-09 09,9,19814,6,1
2011-07-09 10,10,20294,6,1
2011-07-09 11,11,20139,6,1
2011-07-09 12,12,19877,6,1
2011-07-09 13,13,20196,6,1
2011-07-09 14,14,20170,6,1
2011-07-09 15,15,19977,6,1
2011-07-09 16,16,19893,6,1
2011-07-09 17,17,19819,6,1
2011-07-09 18,18,19050,6,1
2011-07-09 19,19,19894,6,1
2011-07-09 20,20,19948,6,1
2011-07-09 21,21,19715,6,1
2011-07-09 22,22,18911,6,1
2011-07-09 23,23,18183,6,1
2011-07-10 00,0,16844,7,1
2011-07-10 01,1,15916,7,1
2011-07-10 02,2,15053,7,1
2011-07-10 03,3,14481,7,1
2011-07-10 04,4,14330,7,1
2011-07-10 05,5,14382,7,1
2011-07-10 06,6,14142,7,1
2011-07-10 07,7,15136,7,1
2011-07-10 08,8,16697,7,1
2011-07-10 09,9,17890,7,1
2011-07-10 10,10,18624,7,1
2011-07-10 11,11,18224,7,1
2011-07-10 12,12,17999,7,1
2011-07-10 13,13,18471,7,1
2011-07-10 14,14,18436,7,1
2011-07-10 15,15,18417,7,1
2011-07-10 16,16,18477,7,1
2011-07-10 17,17,18298,7,1
2011-07-10 18,18,17817,7,1
2011-07-10 19,19,18625,7,1
2011-07-10 20,20,18686,7,1
2011-07-10 21,21,18350,7,1
2011-07-10 22,22,17909,7,1
2011-07-10 23,23,17086,7,1
2011-07-11 00,0,15920,1,0
2011-07-11 01,1,14895,1,0
2011-07-11 02,2,14146,1,0
2011-07-11 03,3,13694,1,0
2011-07-11 04,4,13484,1,0
2011-07-11 05,5,13867,1,0
2011-07-11 06,6,14357,1,0
2011-07-11 07,7,16933,1,0
2011-07-11 08,8,19959,1,0
2011-07-11 09,9,21519,1,0
2011-07-11 10,10,21595,1,0
2011-07-11 11,11,21403,1,0
2011-07-11 12,12,21230,1,0
2011-07-11 13,13,21546,1,0
2011-07-11 14,14,21405,1,0
2011-07-11 15,15,21358,1,0
2011-07-11 16,16,21250,1,0
2011-07-11 17,17,20521,1,0
2011-07-11 18,18,19620,1,0
2011-07-11 19,19,19645,1,0
2011-07-11 20,20,19759,1,0
2011-07-11 21,21,19138,1,0
2011-07-11 22,22,18726,1,0
2011-07-11 23,23,17589,1,0
2011-07-12 00,0,16203,2,0
2011-07-12 01,1,15455,2,0
2011-07-12 02,2,14964,2,0
2011-07-12 03,3,14510,2,0
2011-07-12 04,4,14305,2,0
2011-07-12 05,5,14468,2,0
2011-07-12 06,6,14764,2,0
2011-07-12 07,7,16736,2,0
2011-07-12 08,8,19516,2,0
2011-07-12 09,9,21000,2,0
2011-07-12 10,10,21453,2,0
2011-07-12 11,11,21221,2,0
2011-07-12 12,12,20693,2,0
2011-07-12 13,13,21073,2,0
2011-07-12 14,14,21004,2,0
2011-07-12 15,15,20907,2,0
2011-07-12 16,16,20872,2,0
2011-07-12 17,17,20267,2,0
2011-07-12 18,18,19424,2,0
2011-07-12 19,19,19517,2,0
2011-07-12 20,20,19664,2,0
2011-07-12 21,21,19000,2,0
2011-07-12 22,22,18445,2,0
2011-07-12 23,23,17340,2,0
2011-07-13 00,0,15966,3,0
2011-07-13 01,1,15267,3,0
2011-07-13 02,2,14685,3,0
2011-07-13 03,3,14324,3,0
2011-07-13 04,4,14154,3,0
2011-07-13 05,5,14297,3,0
2011-07-13 06,6,14472,3,0
2011-07-13 07,7,16593,3,0
2011-07-13 08,8,19615,3,0
2011-07-13 09,9,21073,3,0
2011-07-13 10,10,21417,3,0
2011-07-13 11,11,21050,3,0
2011-07-13 12,12,21079,3,0
2011-07-13 13,13,21488,3,0
2011-07-13 14,14,21655,3,0
2011-07-13 15,15,21667,3,0
2011-07-13 16,16,21400,3,0
2011-07-13 17,17,20498,3,0
2011-07-13 18,18,19499,3,0
2011-07-13 19,19,19956,3,0
2011-07-13 20,20,19972,3,0
2011-07-13 21,21,19426,3,0
2011-07-13 22,22,18534,3,0
2011-07-13 23,23,17443,3,0
2011-07-14 00,0,16200,4,0
2011-07-14 01,1,15252,4,0
2011-07-14 02,2,14712,4,0
2011-07-14 03,3,14276,4,0
2011-07-14 04,4,14143,4,0
2011-07-14 05,5,14504,4,0
2011-07-14 06,6,14801,4,0
2011-07-14 07,7,16725,4,0
2011-07-14 08,8,19589,4,0
2011-07-14 09,9,21303,4,0
2011-07-14 10,10,21929,4,0
2011-07-14 11,11,21932,4,0
2011-07-14 12,12,21948,4,0
2011-07-14 13,13,22318,4,0
2011-07-14 14,14,22022,4,0
2011-07-14 15,15,21953,4,0
2011-07-14 16,16,21622,4,0
2011-07-14 17,17,20584,4,0
2011-07-14 18,18,19409,4,0
2011-07-14 19,19,19946,4,0
2011-07-14 20,20,19794,4,0
2011-07-14 21,21,19418,4,0
2011-07-14 22,22,18415,4,0
2011-07-14 23,23,17329,4,0
2011-07-15 00,0,15859,5,0
2011-07-15 01,1,15098,5,0
2011-07-15 02,2,14693,5,0
2011-07-15 03,3,14250,5,0
2011-07-15 04,4,14162,5,0
2011-07-15 05,5,14209,5,0
2011-07-15 06,6,14347,5,0
2011-07-15 07,7,16908,5,0
2011-07-15 08,8,19929,5,0
2011-07-15 09,9,21732,5,0
2011-07-15 10,10,22151,5,0
2011-07-15 11,11,21911,5,0
2011-07-15 12,12,21711,5,0
2011-07-15 13,13,22021,5,0
2011-07-15 14,14,22001,5,0
2011-07-15 15,15,21687,5,0
2011-07-15 16,16,21444,5,0
2011-07-15 17,17,20816,5,0
2011-07-15 18,18,19779,5,0
2011-07-15 19,19,19926,5,0
2011-07-15 20,20,19769,5,0
2011-07-15 21,21,19401,5,0
2011-07-15 22,22,18628,5,0
2011-07-15 23,23,17614,5,0
2011-07-16 00,0,16424,6,1
2011-07-16 01,1,15118,6,1
2011-07-16 02,2,14487,6,1
2011-07-16 03,3,14166,6,1
2011-07-16 04,4,13989,6,1
2011-07-16 05,5,14282,6,1
2011-07-16 06,6,14273,6,1
2011-07-16 07,7,15539,6,1
2011-07-16 08,8,17775,6,1
2011-07-16 09,9,19491,6,1
2011-07-16 10,10,20407,6,1
2011-07-16 11,11,20309,6,1
2011-07-16 12,12,20478,6,1
2011-07-16 13,13,20667,6,1
2011-07-16 14,14,20656,6,1
2011-07-16 15,15,20375,6,1
2011-07-16 16,16,20194,6,1
2011-07-16 17,17,19396,6,1
2011-07-16 18,18,18831,6,1
2011-07-16 19,19,19657,6,1
2011-07-16 20,20,19724,6,1
2011-07-16 21,21,19441,6,1
2011-07-16 22,22,18447,6,1
2011-07-16 23,23,17247,6,1
2011-07-17 00,0,16033,7,1
2011-07-17 01,1,15011,7,1
2011-07-17 02,2,14577,7,1
2011-07-17 03,3,14033,7,1
2011-07-17 04,4,13859,7,1
2011-07-17 05,5,14117,7,1
2011-07-17 06,6,13889,7,1
2011-07-17 07,7,15176,7,1
2011-07-17 08,8,16649,7,1
2011-07-17 09,9,17830,7,1
2011-07-17 10,10,18358,7,1
2011-07-17 11,11,18187,7,1
2011-07-17 12,12,18492,7,1
2011-07-17 13,13,18560,7,1
2011-07-17 14,14,18486,7,1
2011-07-17 15,15,18652,7,1
2011-07-17 16,16,18617,7,1
2011-07-17 17,17,18506,7,1
2011-07-17 18,18,18170,7,1
2011-07-17 19,19,18427,7,1
2011-07-17 20,20,18682,7,1
2011-07-17 21,21,18416,7,1
2011-07-17 22,22,17902,7,1
2011-07-17 23,23,17032,7,1
2011-07-18 00,0,15717,1,0
2011-07-18 01,1,14788,1,0
2011-07-18 02,2,14106,1,0
2011-07-18 03,3,13740,1,0
2011-07-18 04,4,13573,1,0
2011-07-18 05,5,13973,1,0
2011-07-18 06,6,14324,1,0
2011-07-18 07,7,16682,1,0
2011-07-18 08,8,19504,1,0
2011-07-18 09,9,21475,1,0
2011-07-18 10,10,22093,1,0
2011-07-18 11,11,22085,1,0
2011-07-18 12,12,22224,1,0
2011-07-18 13,13,22645,1,0
2011-07-18 14,14,22656,1,0
2011-07-18 15,15,22389,1,0
2011-07-18 16,16,22091,1,0
2011-07-18 17,17,20944,1,0
2011-07-18 18,18,19560,1,0
2011-07-18 19,19,20280,1,0
2011-07-18 20,20,20339,1,0
2011-07-18 21,21,20217,1,0
2011-07-18 22,22,18932,1,0
2011-07-18 23,23,17708,1,0
2011-07-19 00,0,16525,2,0
2011-07-19 01,1,15452,2,0
2011-07-19 02,2,14928,2,0
2011-07-19 03,3,14411,2,0
2011-07-19 04,4,14278,2,0
2011-07-19 05,5,14769,2,0
2011-07-19 06,6,15127,2,0
2011-07-19 07,7,17277,2,0
2011-07-19 08,8,20156,2,0
2011-07-19 09,9,21963,2,0
2011-07-19 10,10,22621,2,0
2011-07-19 11,11,22437,2,0
2011-07-19 12,12,22653,2,0
2011-07-19 13,13,22753,2,0
2011-07-19 14,14,22774,2,0
2011-07-19 15,15,22486,2,0
2011-07-19 16,16,22057,2,0
2011-07-19 17,17,21056,2,0
2011-07-19 18,18,20194,2,0
2011-07-19 19,19,20838,2,0
2011-07-19 20,20,20718,2,0
2011-07-19 21,21,20307,2,0
2011-07-19 22,22,18834,2,0
2011-07-19 23,23,17743,2,0
2011-07-20 00,0,16600,3,0
2011-07-20 01,1,15969,3,0
2011-07-20 02,2,15324,3,0
2011-07-20 03,3,14805,3,0
2011-07-20 04,4,14606,3,0
2011-07-20 05,5,14779,3,0
2011-07-20 06,6,14899,3,0
2011-07-20 07,7,17415,3,0
2011-07-20 08,8,20436,3,0
2011-07-20 09,9,21941,3,0
2011-07-20 10,10,22269,3,0
2011-07-20 11,11,22042,3,0
2011-07-20 12,12,21987,3,0
2011-07-20 13,13,22560,3,0
2011-07-20 14,14,22417,3,0
2011-07-20 15,15,22411,3,0
2011-07-20 16,16,22259,3,0
2011-07-20 17,17,21166,3,0
2011-07-20 18,18,19972,3,0
2011-07-20 19,19,20777,3,0
2011-07-20 20,20,21032,3,0
2011-07-20 21,21,20639,3,0
2011-07-20 22,22,19569,3,0
2011-07-20 23,23,18396,3,0
2011-07-21 00,0,17101,4,0
2011-07-21 01,1,15962,4,0
2011-07-21 02,2,15499,4,0
2011-07-21 03,3,14974,4,0
2011-07-21 04,4,14746,4,0
2011-07-21 05,5,15002,4,0
2011-07-21 06,6,15230,4,0
2011-07-21 07,7,17599,4,0
2011-07-21 08,8,20470,4,0
2011-07-21 09,9,22079,4,0
2011-07-21 10,10,22869,4,0
2011-07-21 11,11,22829,4,0
2011-07-21 12,12,22693,4,0
2011-07-21 13,13,23120,4,0
2011-07-21 14,14,22838,4,0
2011-07-21 15,15,22396,4,0
2011-07-21 16,16,22082,4,0
2011-07-21 17,17,21080,4,0
2011-07-21 18,18,20347,4,0
2011-07-21 19,19,20690,4,0
2011-07-21 20,20,20824,4,0
2011-07-21 21,21,20539,4,0
2011-07-21 22,22,19527,4,0
2011-07-21 23,23,18187,4,0
2011-07-22 00,0,17482,5,0
2011-07-22 01,1,16676,5,0
2011-07-22 02,2,16067,5,0
2011-07-22 03,3,15559,5,0
2011-07-22 04,4,15300,5,0
2011-07-22 05,5,15346,5,0
2011-07-22 06,6,15793,5,0
2011-07-22 07,7,17715,5,0
2011-07-22 08,8,20930,5,0
2011-07-22 09,9,22867,5,0
2011-07-22 10,10,23624,5,0
2011-07-22 11,11,23590,5,0
2011-07-22 12,12,23628,5,0
2011-07-22 13,13,24070,5,0
2011-07-22 14,14,24091,5,0
2011-07-22 15,15,24047,5,0
2011-07-22 16,16,23722,5,0
2011-07-22 17,17,22117,5,0
2011-07-22 18,18,20489,5,0
2011-07-22 19,19,20796,5,0
2011-07-22 20,20,20848,5,0
2011-07-22 21,21,20480,5,0
2011-07-22 22,22,19942,5,0
2011-07-22 23,23,18707,5,0
2011-07-23 00,0,18244,6,1
2011-07-23 01,1,17610,6,1
2011-07-23 02,2,16756,6,1
2011-07-23 03,3,16114,6,1
2011-07-23 04,4,15844,6,1
2011-07-23 05,5,15553,6,1
2011-07-23 06,6,15436,6,1
2011-07-23 07,7,17444,6,1
2011-07-23 08,8,19963,6,1
2011-07-23 09,9,21494,6,1
2011-07-23 10,10,22169,6,1
2011-07-23 11,11,22167,6,1
2011-07-23 12,12,22661,6,1
2011-07-23 13,13,22988,6,1
2011-07-23 14,14,22863,6,1
2011-07-23 15,15,22560,6,1
2011-07-23 16,16,22465,6,1
2011-07-23 17,17,21145,6,1
2011-07-23 18,18,20549,6,1
2011-07-23 19,19,21308,6,1
2011-07-23 20,20,21377,6,1
2011-07-23 21,21,21148,6,1
2011-07-23 22,22,20264,6,1
2011-07-23 23,23,19227,6,1
2011-07-24 00,0,19031,7,1
2011-07-24 01,1,18271,7,1
2011-07-24 02,2,17400,7,1
2011-07-24 03,3,16813,7,1
2011-07-24 04,4,16267,7,1
2011-07-24 05,5,15602,7,1
2011-07-24 06,6,15177,7,1
2011-07-24 07,7,16787,7,1
2011-07-24 08,8,18754,7,1
2011-07-24 09,9,20516,7,1
2011-07-24 10,10,21325,7,1
2011-07-24 11,11,21669,7,1
2011-07-24 12,12,21859,7,1
2011-07-24 13,13,21295,7,1
2011-07-24 14,14,20395,7,1
2011-07-24 15,15,19872,7,1
2011-07-24 16,16,19948,7,1
2011-07-24 17,17,20359,7,1
2011-07-24 18,18,20599,7,1
2011-07-24 19,19,21891,7,1
2011-07-24 20,20,22128,7,1
2011-07-24 21,21,22044,7,1
2011-07-24 22,22,21172,7,1
2011-07-24 23,23,19741,7,1
2011-07-25 00,0,17390,1,0
2011-07-25 01,1,16711,1,0
2011-07-25 02,2,16103,1,0
2011-07-25 03,3,15599,1,0
2011-07-25 04,4,15334,1,0
2011-07-25 05,5,14864,1,0
2011-07-25 06,6,15355,1,0
2011-07-25 07,7,18459,1,0
2011-07-25 08,8,22090,1,0
2011-07-25 09,9,23753,1,0
2011-07-25 10,10,24346,1,0
2011-07-25 11,11,24470,1,0
2011-07-25 12,12,24819,1,0
2011-07-25 13,13,24944,1,0
2011-07-25 14,14,25082,1,0
2011-07-25 15,15,24828,1,0
2011-07-25 16,16,24718,1,0
2011-07-25 17,17,23307,1,0
2011-07-25 18,18,22244,1,0
2011-07-25 19,19,22535,1,0
2011-07-25 20,20,22492,1,0
2011-07-25 21,21,22116,1,0
2011-07-25 22,22,21681,1,0
2011-07-25 23,23,20405,1,0
2011-07-26 00,0,18889,2,0
2011-07-26 01,1,17802,2,0
2011-07-26 02,2,17228,2,0
2011-07-26 03,3,16749,2,0
2011-07-26 04,4,16015,2,0
2011-07-26 05,5,16320,2,0
2011-07-26 06,6,16437,2,0
2011-07-26 07,7,18577,2,0
2011-07-26 08,8,22546,2,0
2011-07-26 09,9,24307,2,0
2011-07-26 10,10,25138,2,0
2011-07-26 11,11,25221,2,0
2011-07-26 12,12,25489,2,0
2011-07-26 13,13,25158,2,0
2011-07-26 14,14,24177,2,0
2011-07-26 15,15,24005,2,0
2011-07-26 16,16,24239,2,0
2011-07-26 17,17,24064,2,0
2011-07-26 18,18,23019,2,0
2011-07-26 19,19,23533,2,0
2011-07-26 20,20,23698,2,0
2011-07-26 21,21,23434,2,0
2011-07-26 22,22,22733,2,0
2011-07-26 23,23,21525,2,0
2011-07-27 00,0,19217,3,0
2011-07-27 01,1,18030,3,0
2011-07-27 02,2,17497,3,0
2011-07-27 03,3,16904,3,0
2011-07-27 04,4,16708,3,0
2011-07-27 05,5,16102,3,0
2011-07-27 06,6,16055,3,0
2011-07-27 07,7,18996,3,0
2011-07-27 08,8,21949,3,0
2011-07-27 09,9,23493,3,0
2011-07-27 10,10,24015,3,0
2011-07-27 11,11,23975,3,0
2011-07-27 12,12,24435,3,0
2011-07-27 13,13,24914,3,0
2011-07-27 14,14,24871,3,0
2011-07-27 15,15,24717,3,0
2011-07-27 16,16,24890,3,0
2011-07-27 17,17,23739,3,0
2011-07-27 18,18,23265,3,0
2011-07-27 19,19,24430,3,0
2011-07-27 20,20,24509,3,0
2011-07-27 21,21,24084,3,0
2011-07-27 22,22,23232,3,0
2011-07-27 23,23,21406,3,0
2011-07-28 00,0,18732,4,0
2011-07-28 01,1,18030,4,0
2011-07-28 02,2,17299,4,0
2011-07-28 03,3,16698,4,0
2011-07-28 04,4,16508,4,0
2011-07-28 05,5,15913,4,0
2011-07-28 06,6,15905,4,0
2011-07-28 07,7,18622,4,0
2011-07-28 08,8,21796,4,0
2011-07-28 09,9,23061,4,0
2011-07-28 10,10,23517,4,0
2011-07-28 11,11,23667,4,0
2011-07-28 12,12,23978,4,0
2011-07-28 13,13,24461,4,0
2011-07-28 14,14,24394,4,0
2011-07-28 15,15,24321,4,0
2011-07-28 16,16,24285,4,0
2011-07-28 17,17,23362,4,0
2011-07-28 18,18,22774,4,0
2011-07-28 19,19,23682,4,0
2011-07-28 20,20,23755,4,0
2011-07-28 21,21,23513,4,0
2011-07-28 22,22,22543,4,0
2011-07-28 23,23,21109,4,0
2011-07-29 00,0,19419,5,0
2011-07-29 01,1,18080,5,0
2011-07-29 02,2,17409,5,0
2011-07-29 03,3,16745,5,0
2011-07-29 04,4,16369,5,0
2011-07-29 05,5,15972,5,0
2011-07-29 06,6,16046,5,0
2011-07-29 07,7,18614,5,0
2011-07-29 08,8,21497,5,0
2011-07-29 09,9,23533,5,0
2011-07-29 10,10,24245,5,0
2011-07-29 11,11,24221,5,0
2011-07-29 12,12,24646,5,0
2011-07-29 13,13,24976,5,0
2011-07-29 14,14,25079,5,0
2011-07-29 15,15,24641,5,0
2011-07-29 16,16,24493,5,0
2011-07-29 17,17,23746,5,0
2011-07-29 18,18,22658,5,0
2011-07-29 19,19,23231,5,0
2011-07-29 20,20,23319,5,0
2011-07-29 21,21,22993,5,0
2011-07-29 22,22,22100,5,0
2011-07-29 23,23,20766,5,0
2011-07-30 00,0,19044,6,1
2011-07-30 01,1,17765,6,1
2011-07-30 02,2,16933,6,1
2011-07-30 03,3,16400,6,1
2011-07-30 04,4,15964,6,1
2011-07-30 05,5,16181,6,1
2011-07-30 06,6,15766,6,1
2011-07-30 07,7,17807,6,1
2011-07-30 08,8,20075,6,1
2011-07-30 09,9,21709,6,1
2011-07-30 10,10,22763,6,1
2011-07-30 11,11,22785,6,1
2011-07-30 12,12,23321,6,1
2011-07-30 13,13,23518,6,1
2011-07-30 14,14,23711,6,1
2011-07-30 15,15,23257,6,1
2011-07-30 16,16,23331,6,1
2011-07-30 17,17,22088,6,1
2011-07-30 18,18,21290,6,1
2011-07-30 19,19,22030,6,1
2011-07-30 20,20,22319,6,1
2011-07-30 21,21,22199,6,1
2011-07-30 22,22,21397,6,1
2011-07-30 23,23,20223,6,1
2011-07-31 00,0,18952,7,1
2011-07-31 01,1,18060,7,1
2011-07-31 02,2,17326,7,1
2011-07-31 03,3,16748,7,1
2011-07-31 04,4,16387,7,1
2011-07-31 05,5,16159,7,1
2011-07-31 06,6,15883,7,1
2011-07-31 07,7,17042,7,1
2011-07-31 08,8,18826,7,1
2011-07-31 09,9,20589,7,1
2011-07-31 10,10,21657,7,1
2011-07-31 11,11,21809,7,1
2011-07-31 12,12,21869,7,1
2011-07-31 13,13,21475,7,1
2011-07-31 14,14,20841,7,1
2011-07-31 15,15,20565,7,1
2011-07-31 16,16,20425,7,1
2011-07-31 17,17,19526,7,1
2011-07-31 18,18,20047,7,1
2011-07-31 19,19,21055,7,1
2011-07-31 20,20,21322,7,1
2011-07-31 21,21,21346,7,1
2011-07-31 22,22,20682,7,1
2011-07-31 23,23,18977,7,1
2011-08-01 00,0,17684,1,0
2011-08-01 01,1,16027,1,0
2011-08-01 02,2,15493,1,0
2011-08-01 03,3,14899,1,0
2011-08-01 04,4,14708,1,0
2011-08-01 05,5,14599,1,0
2011-08-01 06,6,14673,1,0
2011-08-01 07,7,17566,1,0
2011-08-01 08,8,20462,1,0
2011-08-01 09,9,22406,1,0
2011-08-01 10,10,23426,1,0
2011-08-01 11,11,23470,1,0
2011-08-01 12,12,23692,1,0
2011-08-01 13,13,23719,1,0
2011-08-01 14,14,23708,1,0
2011-08-01 15,15,23659,1,0
2011-08-01 16,16,23707,1,0
2011-08-01 17,17,22812,1,0
2011-08-01 18,18,21475,1,0
2011-08-01 19,19,22174,1,0
2011-08-01 20,20,22251,1,0
2011-08-01 21,21,22014,1,0
2011-08-01 22,22,21051,1,0
2011-08-01 23,23,19609,1,0
2011-08-02 00,0,17919,2,0
2011-08-02 01,1,16671,2,0
2011-08-02 02,2,15942,2,0
2011-08-02 03,3,15514,2,0
2011-08-02 04,4,15143,2,0
2011-08-02 05,5,15425,2,0
2011-08-02 06,6,15968,2,0
2011-08-02 07,7,18114,2,0
2011-08-02 08,8,21376,2,0
2011-08-02 09,9,22752,2,0
2011-08-02 10,10,23023,2,0
2011-08-02 11,11,23326,2,0
2011-08-02 12,12,23618,2,0
2011-08-02 13,13,24172,2,0
2011-08-02 14,14,24162,2,0
2011-08-02 15,15,24034,2,0
2011-08-02 16,16,23103,2,0
2011-08-02 17,17,21343,2,0
2011-08-02 18,18,20849,2,0
2011-08-02 19,19,21376,2,0
2011-08-02 20,20,21482,2,0
2011-08-02 21,21,21138,2,0
2011-08-02 22,22,20316,2,0
2011-08-02 23,23,17629,2,0
2011-08-03 00,0,18220,3,0
2011-08-03 01,1,17472,3,0
2011-08-03 02,2,16605,3,0
2011-08-03 03,3,15983,3,0
2011-08-03 04,4,15646,3,0
2011-08-03 05,5,15548,3,0
2011-08-03 06,6,15866,3,0
2011-08-03 07,7,18120,3,0
2011-08-03 08,8,21189,3,0
2011-08-03 09,9,23235,3,0
2011-08-03 10,10,23908,3,0
2011-08-03 11,11,23922,3,0
2011-08-03 12,12,24253,3,0
2011-08-03 13,13,24441,3,0
2011-08-03 14,14,23428,3,0
2011-08-03 15,15,23709,3,0
2011-08-03 16,16,23573,3,0
2011-08-03 17,17,22291,3,0
2011-08-03 18,18,21164,3,0
2011-08-03 19,19,21695,3,0
2011-08-03 20,20,21845,3,0
2011-08-03 21,21,21594,3,0
2011-08-03 22,22,20785,3,0
2011-08-03 23,23,19677,3,0
2011-08-04 00,0,18183,4,0
2011-08-04 01,1,16568,4,0
2011-08-04 02,2,15986,4,0
2011-08-04 03,3,15547,4,0
2011-08-04 04,4,15133,4,0
2011-08-04 05,5,15272,4,0
2011-08-04 06,6,15482,4,0
2011-08-04 07,7,17994,4,0
2011-08-04 08,8,20916,4,0
2011-08-04 09,9,22781,4,0
2011-08-04 10,10,22877,4,0
2011-08-04 11,11,22696,4,0
2011-08-04 12,12,22556,4,0
2011-08-04 13,13,22845,4,0
2011-08-04 14,14,22757,4,0
2011-08-04 15,15,22677,4,0
2011-08-04 16,16,22317,4,0
2011-08-04 17,17,21613,4,0
2011-08-04 18,18,20624,4,0
2011-08-04 19,19,20947,4,0
2011-08-04 20,20,20997,4,0
2011-08-04 21,21,20852,4,0
2011-08-04 22,22,20083,4,0
2011-08-04 23,23,18800,4,0
2011-08-05 00,0,17350,5,0
2011-08-05 01,1,15963,5,0
2011-08-05 02,2,15420,5,0
2011-08-05 03,3,14779,5,0
2011-08-05 04,4,14608,5,0
2011-08-05 05,5,14814,5,0
2011-08-05 06,6,15023,5,0
2011-08-05 07,7,17204,5,0
2011-08-05 08,8,20304,5,0
2011-08-05 09,9,22012,5,0
2011-08-05 10,10,22792,5,0
2011-08-05 11,11,22598,5,0
2011-08-05 12,12,22429,5,0
2011-08-05 13,13,22789,5,0
2011-08-05 14,14,22681,5,0
2011-08-05 15,15,21748,5,0
2011-08-05 16,16,20899,5,0
2011-08-05 17,17,20050,5,0
2011-08-05 18,18,19218,5,0
2011-08-05 19,19,19419,5,0
2011-08-05 20,20,19501,5,0
2011-08-05 21,21,19184,5,0
2011-08-05 22,22,18341,5,0
2011-08-05 23,23,17265,5,0
2011-08-06 00,0,17702,6,1
2011-08-06 01,1,16449,6,1
2011-08-06 02,2,15695,6,1
2011-08-06 03,3,15087,6,1
2011-08-06 04,4,14901,6,1
2011-08-06 05,5,14872,6,1
2011-08-06 06,6,14545,6,1
2011-08-06 07,7,16186,6,1
2011-08-06 08,8,18158,6,1
2011-08-06 09,9,19316,6,1
2011-08-06 10,10,19999,6,1
2011-08-06 11,11,19932,6,1
2011-08-06 12,12,19957,6,1
2011-08-06 13,13,20029,6,1
2011-08-06 14,14,20131,6,1
2011-08-06 15,15,20009,6,1
2011-08-06 16,16,19746,6,1
2011-08-06 17,17,18983,6,1
2011-08-06 18,18,18648,6,1
2011-08-06 19,19,19191,6,1
2011-08-06 20,20,19269,6,1
2011-08-06 21,21,19032,6,1
2011-08-06 22,22,18155,6,1
2011-08-06 23,23,17117,6,1
2011-08-07 00,0,15652,7,1
2011-08-07 01,1,14761,7,1
2011-08-07 02,2,14084,7,1
2011-08-07 03,3,13462,7,1
2011-08-07 04,4,13097,7,1
2011-08-07 05,5,12973,7,1
2011-08-07 06,6,12576,7,1
2011-08-07 07,7,13256,7,1
2011-08-07 08,8,14371,7,1
2011-08-07 09,9,15132,7,1
2011-08-07 10,10,15562,7,1
2011-08-07 11,11,15513,7,1
2011-08-07 12,12,15371,7,1
2011-08-07 13,13,15258,7,1
2011-08-07 14,14,15328,7,1
2011-08-07 15,15,15598,7,1
2011-08-07 16,16,16050,7,1
2011-08-07 17,17,17018,7,1
2011-08-07 18,18,16893,7,1
2011-08-07 19,19,17676,7,1
2011-08-07 20,20,17775,7,1
2011-08-07 21,21,17657,7,1
2011-08-07 22,22,16937,7,1
2011-08-07 23,23,16051,7,1
2011-08-08 00,0,13934,1,0
2011-08-08 01,1,13339,1,0
2011-08-08 02,2,12808,1,0
2011-08-08 03,3,12638,1,0
2011-08-08 04,4,12550,1,0
2011-08-08 05,5,12991,1,0
2011-08-08 06,6,13599,1,0
2011-08-08 07,7,16002,1,0
2011-08-08 08,8,19622,1,0
2011-08-08 09,9,21604,1,0
2011-08-08 10,10,22301,1,0
2011-08-08 11,11,22011,1,0
2011-08-08 12,12,22059,1,0
2011-08-08 13,13,22699,1,0
2011-08-08 14,14,22631,1,0
2011-08-08 15,15,22043,1,0
2011-08-08 16,16,21542,1,0
2011-08-08 17,17,20473,1,0
2011-08-08 18,18,19189,1,0
2011-08-08 19,19,19714,1,0
2011-08-08 20,20,19729,1,0
2011-08-08 21,21,19618,1,0
2011-08-08 22,22,18683,1,0
2011-08-08 23,23,17395,1,0
2011-08-09 00,0,16111,2,0
2011-08-09 01,1,15791,2,0
2011-08-09 02,2,15545,2,0
2011-08-09 03,3,15363,2,0
2011-08-09 04,4,15095,2,0
2011-08-09 05,5,14789,2,0
2011-08-09 06,6,14850,2,0
2011-08-09 07,7,17362,2,0
2011-08-09 08,8,20313,2,0
2011-08-09 09,9,22228,2,0
2011-08-09 10,10,23092,2,0
2011-08-09 11,11,22817,2,0
2011-08-09 12,12,23070,2,0
2011-08-09 13,13,23643,2,0
2011-08-09 14,14,23696,2,0
2011-08-09 15,15,23437,2,0
2011-08-09 16,16,22596,2,0
2011-08-09 17,17,21365,2,0
2011-08-09 18,18,20148,2,0
2011-08-09 19,19,20853,2,0
2011-08-09 20,20,20695,2,0
2011-08-09 21,21,20355,2,0
2011-08-09 22,22,19507,2,0
2011-08-09 23,23,18487,2,0
2011-08-10 00,0,17322,3,0
2011-08-10 01,1,16638,3,0
2011-08-10 02,2,16056,3,0
2011-08-10 03,3,15705,3,0
2011-08-10 04,4,15397,3,0
2011-08-10 05,5,15369,3,0
2011-08-10 06,6,15603,3,0
2011-08-10 07,7,17639,3,0
2011-08-10 08,8,20968,3,0
2011-08-10 09,9,23074,3,0
2011-08-10 10,10,23924,3,0
2011-08-10 11,11,23975,3,0
2011-08-10 12,12,24005,3,0
2011-08-10 13,13,24487,3,0
2011-08-10 14,14,24092,3,0
2011-08-10 15,15,23678,3,0
2011-08-10 16,16,23479,3,0
2011-08-10 17,17,22641,3,0
2011-08-10 18,18,21036,3,0
2011-08-10 19,19,21749,3,0
2011-08-10 20,20,21740,3,0
2011-08-10 21,21,21319,3,0
2011-08-10 22,22,20568,3,0
2011-08-10 23,23,19330,3,0
2011-08-11 00,0,18023,4,0
2011-08-11 01,1,16798,4,0
2011-08-11 02,2,16218,4,0
2011-08-11 03,3,15469,4,0
2011-08-11 04,4,15288,4,0
2011-08-11 05,5,15538,4,0
2011-08-11 06,6,15632,4,0
2011-08-11 07,7,18404,4,0
2011-08-11 08,8,21475,4,0
2011-08-11 09,9,23203,4,0
2011-08-11 10,10,23926,4,0
2011-08-11 11,11,23831,4,0
2011-08-11 12,12,24147,4,0
2011-08-11 13,13,24608,4,0
2011-08-11 14,14,24441,4,0
2011-08-11 15,15,23674,4,0
2011-08-11 16,16,23362,4,0
2011-08-11 17,17,22253,4,0
2011-08-11 18,18,21454,4,0
2011-08-11 19,19,21758,4,0
2011-08-11 20,20,21612,4,0
2011-08-11 21,21,21292,4,0
2011-08-11 22,22,20634,4,0
2011-08-11 23,23,19495,4,0
2011-08-12 00,0,17930,5,0
2011-08-12 01,1,16748,5,0
2011-08-12 02,2,16088,5,0
2011-08-12 03,3,15506,5,0
2011-08-12 04,4,15283,5,0
2011-08-12 05,5,15010,5,0
2011-08-12 06,6,15073,5,0
2011-08-12 07,7,17730,5,0
2011-08-12 08,8,20585,5,0
2011-08-12 09,9,22326,5,0
2011-08-12 10,10,22843,5,0
2011-08-12 11,11,22620,5,0
2011-08-12 12,12,22665,5,0
2011-08-12 13,13,22987,5,0
2011-08-12 14,14,23031,5,0
2011-08-12 15,15,23094,5,0
2011-08-12 16,16,22930,5,0
2011-08-12 17,17,21806,5,0
2011-08-12 18,18,20993,5,0
2011-08-12 19,19,21678,5,0
2011-08-12 20,20,21620,5,0
2011-08-12 21,21,21277,5,0
2011-08-12 22,22,20513,5,0
2011-08-12 23,23,19250,5,0
2011-08-13 00,0,17671,6,1
2011-08-13 01,1,15763,6,1
2011-08-13 02,2,14732,6,1
2011-08-13 03,3,14438,6,1
2011-08-13 04,4,14143,6,1
2011-08-13 05,5,14232,6,1
2011-08-13 06,6,14312,6,1
2011-08-13 07,7,15918,6,1
2011-08-13 08,8,18064,6,1
2011-08-13 09,9,19583,6,1
2011-08-13 10,10,20233,6,1
2011-08-13 11,11,20253,6,1
2011-08-13 12,12,20382,6,1
2011-08-13 13,13,20534,6,1
2011-08-13 14,14,20562,6,1
2011-08-13 15,15,20301,6,1
2011-08-13 16,16,20185,6,1
2011-08-13 17,17,19575,6,1
2011-08-13 18,18,19023,6,1
2011-08-13 19,19,19580,6,1
2011-08-13 20,20,19633,6,1
2011-08-13 21,21,19417,6,1
2011-08-13 22,22,18540,6,1
2011-08-13 23,23,17508,6,1
2011-08-14 00,0,16233,7,1
2011-08-14 01,1,15447,7,1
2011-08-14 02,2,14859,7,1
2011-08-14 03,3,14406,7,1
2011-08-14 04,4,14233,7,1
2011-08-14 05,5,14252,7,1
2011-08-14 06,6,14459,7,1
2011-08-14 07,7,16406,7,1
2011-08-14 08,8,18160,7,1
2011-08-14 09,9,19254,7,1
2011-08-14 10,10,19650,7,1
2011-08-14 11,11,19433,7,1
2011-08-14 12,12,19262,7,1
2011-08-14 13,13,19309,7,1
2011-08-14 14,14,19572,7,1
2011-08-14 15,15,19734,7,1
2011-08-14 16,16,19917,7,1
2011-08-14 17,17,19798,7,1
2011-08-14 18,18,19173,7,1
2011-08-14 19,19,19930,7,1
2011-08-14 20,20,19883,7,1
2011-08-14 21,21,19664,7,1
2011-08-14 22,22,18902,7,1
2011-08-14 23,23,18028,7,1
2011-08-15 00,0,16820,1,0
2011-08-15 01,1,14648,1,0
2011-08-15 02,2,14059,1,0
2011-08-15 03,3,13599,1,0
2011-08-15 04,4,13433,1,0
2011-08-15 05,5,13452,1,0
2011-08-15 06,6,13560,1,0
2011-08-15 07,7,17092,1,0
2011-08-15 08,8,20678,1,0
2011-08-15 09,9,22555,1,0
2011-08-15 10,10,23274,1,0
2011-08-15 11,11,23370,1,0
2011-08-15 12,12,23742,1,0
2011-08-15 13,13,24052,1,0
2011-08-15 14,14,24001,1,0
2011-08-15 15,15,23772,1,0
2011-08-15 16,16,23334,1,0
2011-08-15 17,17,22385,1,0
2011-08-15 18,18,21019,1,0
2011-08-15 19,19,21594,1,0
2011-08-15 20,20,21754,1,0
2011-08-15 21,21,21506,1,0
2011-08-15 22,22,20574,1,0
2011-08-15 23,23,19163,1,0
2011-08-16 00,0,17501,2,0
2011-08-16 01,1,15835,2,0
2011-08-16 02,2,15277,2,0
2011-08-16 03,3,14800,2,0
2011-08-16 04,4,14556,2,0
2011-08-16 05,5,14651,2,0
2011-08-16 06,6,14970,2,0
2011-08-16 07,7,17481,2,0
2011-08-16 08,8,20610,2,0
2011-08-16 09,9,22382,2,0
2011-08-16 10,10,22900,2,0
2011-08-16 11,11,22840,2,0
2011-08-16 12,12,23297,2,0
2011-08-16 13,13,23687,2,0
2011-08-16 14,14,23845,2,0
2011-08-16 15,15,23680,2,0
2011-08-16 16,16,23520,2,0
2011-08-16 17,17,22534,2,0
2011-08-16 18,18,22064,2,0
2011-08-16 19,19,22945,2,0
2011-08-16 20,20,22897,2,0
2011-08-16 21,21,22320,2,0
2011-08-16 22,22,21488,2,0
2011-08-16 23,23,20245,2,0
2011-08-17 00,0,18602,3,0
2011-08-17 01,1,16812,3,0
2011-08-17 02,2,15997,3,0
2011-08-17 03,3,15382,3,0
2011-08-17 04,4,15171,3,0
2011-08-17 05,5,15146,3,0
2011-08-17 06,6,15677,3,0
2011-08-17 07,7,17988,3,0
2011-08-17 08,8,20655,3,0
2011-08-17 09,9,21606,3,0
2011-08-17 10,10,21948,3,0
2011-08-17 11,11,22380,3,0
2011-08-17 12,12,22510,3,0
2011-08-17 13,13,22909,3,0
2011-08-17 14,14,23490,3,0
2011-08-17 15,15,23640,3,0
2011-08-17 16,16,23486,3,0
2011-08-17 17,17,22288,3,0
2011-08-17 18,18,21792,3,0
2011-08-17 19,19,22334,3,0
2011-08-17 20,20,22145,3,0
2011-08-17 21,21,21742,3,0
2011-08-17 22,22,20803,3,0
2011-08-17 23,23,19661,3,0
2011-08-18 00,0,18185,4,0
2011-08-18 01,1,16197,4,0
2011-08-18 02,2,15175,4,0
2011-08-18 03,3,15097,4,0
2011-08-18 04,4,14791,4,0
2011-08-18 05,5,15087,4,0
2011-08-18 06,6,15292,4,0
2011-08-18 07,7,17490,4,0
2011-08-18 08,8,20474,4,0
2011-08-18 09,9,21513,4,0
2011-08-18 10,10,22507,4,0
2011-08-18 11,11,22205,4,0
2011-08-18 12,12,22307,4,0
2011-08-18 13,13,22888,4,0
2011-08-18 14,14,22980,4,0
2011-08-18 15,15,22852,4,0
2011-08-18 16,16,22250,4,0
2011-08-18 17,17,21192,4,0
2011-08-18 18,18,20039,4,0
2011-08-18 19,19,20444,4,0
2011-08-18 20,20,20500,4,0
2011-08-18 21,21,20256,4,0
2011-08-18 22,22,19603,4,0
2011-08-18 23,23,18449,4,0
2011-08-19 00,0,17170,5,0
2011-08-19 01,1,15119,5,0
2011-08-19 02,2,13899,5,0
2011-08-19 03,3,13637,5,0
2011-08-19 04,4,13455,5,0
2011-08-19 05,5,13726,5,0
2011-08-19 06,6,14217,5,0
2011-08-19 07,7,17330,5,0
2011-08-19 08,8,19612,5,0
2011-08-19 09,9,20992,5,0
2011-08-19 10,10,21575,5,0
2011-08-19 11,11,21539,5,0
2011-08-19 12,12,22139,5,0
2011-08-19 13,13,22424,5,0
2011-08-19 14,14,22470,5,0
2011-08-19 15,15,22129,5,0
2011-08-19 16,16,21630,5,0
2011-08-19 17,17,20935,5,0
2011-08-19 18,18,20211,5,0
2011-08-19 19,19,20726,5,0
2011-08-19 20,20,20585,5,0
2011-08-19 21,21,20064,5,0
2011-08-19 22,22,19293,5,0
2011-08-19 23,23,17920,5,0
2011-08-20 00,0,16390,6,1
2011-08-20 01,1,15144,6,1
2011-08-20 02,2,14615,6,1
2011-08-20 03,3,14090,6,1
2011-08-20 04,4,13778,6,1
2011-08-20 05,5,13963,6,1
2011-08-20 06,6,14344,6,1
2011-08-20 07,7,16214,6,1
2011-08-20 08,8,18445,6,1
2011-08-20 09,9,20071,6,1
2011-08-20 10,10,20905,6,1
2011-08-20 11,11,20903,6,1
2011-08-20 12,12,21274,6,1
2011-08-20 13,13,21740,6,1
2011-08-20 14,14,21596,6,1
2011-08-20 15,15,20935,6,1
2011-08-20 16,16,20251,6,1
2011-08-20 17,17,19335,6,1
2011-08-20 18,18,19240,6,1
2011-08-20 19,19,19989,6,1
2011-08-20 20,20,20164,6,1
2011-08-20 21,21,20119,6,1
2011-08-20 22,22,19534,6,1
2011-08-20 23,23,18382,6,1
2011-08-21 00,0,16948,7,1
2011-08-21 01,1,16554,7,1
2011-08-21 02,2,15731,7,1
2011-08-21 03,3,15347,7,1
2011-08-21 04,4,15099,7,1
2011-08-21 05,5,15020,7,1
2011-08-21 06,6,14878,7,1
2011-08-21 07,7,15877,7,1
2011-08-21 08,8,17424,7,1
2011-08-21 09,9,18483,7,1
2011-08-21 10,10,19220,7,1
2011-08-21 11,11,19137,7,1
2011-08-21 12,12,19285,7,1
2011-08-21 13,13,19488,7,1
2011-08-21 14,14,19375,7,1
2011-08-21 15,15,19240,7,1
2011-08-21 16,16,19266,7,1
2011-08-21 17,17,18956,7,1
2011-08-21 18,18,18734,7,1
2011-08-21 19,19,19331,7,1
2011-08-21 20,20,19392,7,1
2011-08-21 21,21,19151,7,1
2011-08-21 22,22,18330,7,1
2011-08-21 23,23,17484,7,1
2011-08-22 00,0,16226,1,0
2011-08-22 01,1,14399,1,0
2011-08-22 02,2,13883,1,0
2011-08-22 03,3,13590,1,0
2011-08-22 04,4,13370,1,0
2011-08-22 05,5,13581,1,0
2011-08-22 06,6,14158,1,0
2011-08-22 07,7,16666,1,0
2011-08-22 08,8,19369,1,0
2011-08-22 09,9,20069,1,0
2011-08-22 10,10,20449,1,0
2011-08-22 11,11,20378,1,0
2011-08-22 12,12,20007,1,0
2011-08-22 13,13,20516,1,0
2011-08-22 14,14,20682,1,0
2011-08-22 15,15,20710,1,0
2011-08-22 16,16,20250,1,0
2011-08-22 17,17,19834,1,0
2011-08-22 18,18,19263,1,0
2011-08-22 19,19,19739,1,0
2011-08-22 20,20,19497,1,0
2011-08-22 21,21,19058,1,0
2011-08-22 22,22,18243,1,0
2011-08-22 23,23,17201,1,0
2011-08-23 00,0,15993,2,0
2011-08-23 01,1,14398,2,0
2011-08-23 02,2,13682,2,0
2011-08-23 03,3,13484,2,0
2011-08-23 04,4,13259,2,0
2011-08-23 05,5,13466,2,0
2011-08-23 06,6,14032,2,0
2011-08-23 07,7,16720,2,0
2011-08-23 08,8,19106,2,0
2011-08-23 09,9,20050,2,0
2011-08-23 10,10,20416,2,0
2011-08-23 11,11,20316,2,0
2011-08-23 12,12,19981,2,0
2011-08-23 13,13,20515,2,0
2011-08-23 14,14,20454,2,0
2011-08-23 15,15,20423,2,0
2011-08-23 16,16,20352,2,0
2011-08-23 17,17,19698,2,0
2011-08-23 18,18,19245,2,0
2011-08-23 19,19,19705,2,0
2011-08-23 20,20,19505,2,0
2011-08-23 21,21,19044,2,0
2011-08-23 22,22,18069,2,0
2011-08-23 23,23,17146,2,0
2011-08-24 00,0,15986,3,0
2011-08-24 01,1,13850,3,0
2011-08-24 02,2,12992,3,0
2011-08-24 03,3,12517,3,0
2011-08-24 04,4,12532,3,0
2011-08-24 05,5,12903,3,0
2011-08-24 06,6,13521,3,0
2011-08-24 07,7,16102,3,0
2011-08-24 08,8,18463,3,0
2011-08-24 09,9,19237,3,0
2011-08-24 10,10,19544,3,0
2011-08-24 11,11,19316,3,0
2011-08-24 12,12,18821,3,0
2011-08-24 13,13,19142,3,0
2011-08-24 14,14,19042,3,0
2011-08-24 15,15,18976,3,0
2011-08-24 16,16,18919,3,0
2011-08-24 17,17,18638,3,0
2011-08-24 18,18,17881,3,0
2011-08-24 19,19,17934,3,0
2011-08-24 20,20,17464,3,0
2011-08-24 21,21,16830,3,0
2011-08-24 22,22,16056,3,0
2011-08-24 23,23,15034,3,0
2011-08-25 00,0,13817,4,0
2011-08-25 01,1,13040,4,0
2011-08-25 02,2,12432,4,0
2011-08-25 03,3,12016,4,0
2011-08-25 04,4,11961,4,0
2011-08-25 05,5,12211,4,0
2011-08-25 06,6,12625,4,0
2011-08-25 07,7,14830,4,0
2011-08-25 08,8,17333,4,0
2011-08-25 09,9,18231,4,0
2011-08-25 10,10,18451,4,0
2011-08-25 11,11,18246,4,0
2011-08-25 12,12,17801,4,0
2011-08-25 13,13,18043,4,0
2011-08-25 14,14,18132,4,0
2011-08-25 15,15,18054,4,0
2011-08-25 16,16,18235,4,0
2011-08-25 17,17,17483,4,0
2011-08-25 18,18,17146,4,0
2011-08-25 19,19,17414,4,0
2011-08-25 20,20,16922,4,0
2011-08-25 21,21,16273,4,0
2011-08-25 22,22,15375,4,0
2011-08-25 23,23,14486,4,0
2011-08-26 00,0,13598,5,0
2011-08-26 01,1,13088,5,0
2011-08-26 02,2,12682,5,0
2011-08-26 03,3,12456,5,0
2011-08-26 04,4,12501,5,0
2011-08-26 05,5,12780,5,0
2011-08-26 06,6,13269,5,0
2011-08-26 07,7,15106,5,0
2011-08-26 08,8,17302,5,0
2011-08-26 09,9,18150,5,0
2011-08-26 10,10,18978,5,0
2011-08-26 11,11,18659,5,0
2011-08-26 12,12,17678,5,0
2011-08-26 13,13,17967,5,0
2011-08-26 14,14,17932,5,0
2011-08-26 15,15,17968,5,0
2011-08-26 16,16,17988,5,0
2011-08-26 17,17,17549,5,0
2011-08-26 18,18,16956,5,0
2011-08-26 19,19,17218,5,0
2011-08-26 20,20,16734,5,0
2011-08-26 21,21,16221,5,0
2011-08-26 22,22,15437,5,0
2011-08-26 23,23,14541,5,0
2011-08-27 00,0,13612,6,1
2011-08-27 01,1,12990,6,1
2011-08-27 02,2,12776,6,1
2011-08-27 03,3,12442,6,1
2011-08-27 04,4,12460,6,1
2011-08-27 05,5,12511,6,1
2011-08-27 06,6,12669,6,1
2011-08-27 07,7,13539,6,1
2011-08-27 08,8,15606,6,1
2011-08-27 09,9,17457,6,1
2011-08-27 10,10,17922,6,1
2011-08-27 11,11,17407,6,1
2011-08-27 12,12,16431,6,1
2011-08-27 13,13,16762,6,1
2011-08-27 14,14,16742,6,1
2011-08-27 15,15,17028,6,1
2011-08-27 16,16,16980,6,1
2011-08-27 17,17,16505,6,1
2011-08-27 18,18,16032,6,1
2011-08-27 19,19,16082,6,1
2011-08-27 20,20,15850,6,1
2011-08-27 21,21,15444,6,1
2011-08-27 22,22,14753,6,1
2011-08-27 23,23,13777,6,1
2011-08-28 00,0,13080,7,1
2011-08-28 01,1,12767,7,1
2011-08-28 02,2,12372,7,1
2011-08-28 03,3,12206,7,1
2011-08-28 04,4,12012,7,1
2011-08-28 05,5,12199,7,1
2011-08-28 06,6,12379,7,1
2011-08-28 07,7,13386,7,1
2011-08-28 08,8,15700,7,1
2011-08-28 09,9,16746,7,1
2011-08-28 10,10,17418,7,1
2011-08-28 11,11,17243,7,1
2011-08-28 12,12,16214,7,1
2011-08-28 13,13,16280,7,1
2011-08-28 14,14,16203,7,1
2011-08-28 15,15,16425,7,1
2011-08-28 16,16,16572,7,1
2011-08-28 17,17,16450,7,1
2011-08-28 18,18,16087,7,1
2011-08-28 19,19,16393,7,1
2011-08-28 20,20,16262,7,1
2011-08-28 21,21,15425,7,1
2011-08-28 22,22,14575,7,1
2011-08-28 23,23,13503,7,1
2011-08-29 00,0,12570,1,0
2011-08-29 01,1,12478,1,0
2011-08-29 02,2,12251,1,0
2011-08-29 03,3,12029,1,0
2011-08-29 04,4,12027,1,0
2011-08-29 05,5,12299,1,0
2011-08-29 06,6,13576,1,0
2011-08-29 07,7,15633,1,0
2011-08-29 08,8,18596,1,0
2011-08-29 09,9,19822,1,0
2011-08-29 10,10,20304,1,0
2011-08-29 11,11,20229,1,0
2011-08-29 12,12,20088,1,0
2011-08-29 13,13,20333,1,0
2011-08-29 14,14,20150,1,0
2011-08-29 15,15,20215,1,0
2011-08-29 16,16,20156,1,0
2011-08-29 17,17,19227,1,0
2011-08-29 18,18,18166,1,0
2011-08-29 19,19,18232,1,0
2011-08-29 20,20,17737,1,0
2011-08-29 21,21,17110,1,0
2011-08-29 22,22,16341,1,0
2011-08-29 23,23,15325,1,0
2011-08-30 00,0,14113,2,0
2011-08-30 01,1,13749,2,0
2011-08-30 02,2,13418,2,0
2011-08-30 03,3,13179,2,0
2011-08-30 04,4,13069,2,0
2011-08-30 05,5,13394,2,0
2011-08-30 06,6,14138,2,0
2011-08-30 07,7,16421,2,0
2011-08-30 08,8,19695,2,0
2011-08-30 09,9,21069,2,0
2011-08-30 10,10,21509,2,0
2011-08-30 11,11,21115,2,0
2011-08-30 12,12,21025,2,0
2011-08-30 13,13,21403,2,0
2011-08-30 14,14,21376,2,0
2011-08-30 15,15,21140,2,0
2011-08-30 16,16,20799,2,0
2011-08-30 17,17,20055,2,0
2011-08-30 18,18,19083,2,0
2011-08-30 19,19,19090,2,0
2011-08-30 20,20,18674,2,0
2011-08-30 21,21,18014,2,0
2011-08-30 22,22,17215,2,0
2011-08-30 23,23,16170,2,0
2011-08-31 00,0,14972,3,0
2011-08-31 01,1,14477,3,0
2011-08-31 02,2,14028,3,0
2011-08-31 03,3,13603,3,0
2011-08-31 04,4,13529,3,0
2011-08-31 05,5,13868,3,0
2011-08-31 06,6,14196,3,0
2011-08-31 07,7,16445,3,0
2011-08-31 08,8,19233,3,0
2011-08-31 09,9,20736,3,0
2011-08-31 10,10,21414,3,0
2011-08-31 11,11,21607,3,0
2011-08-31 12,12,21910,3,0
2011-08-31 13,13,22185,3,0
2011-08-31 14,14,22086,3,0
2011-08-31 15,15,21787,3,0
2011-08-31 16,16,21602,3,0
2011-08-31 17,17,20611,3,0
2011-08-31 18,18,19392,3,0
2011-08-31 19,19,19681,3,0
2011-08-31 20,20,19475,3,0
2011-08-31 21,21,19007,3,0
2011-08-31 22,22,17873,3,0
2011-08-31 23,23,16558,3,0
2011-09-01 00,0,15332,4,0
2011-09-01 01,1,14659,4,0
2011-09-01 02,2,14133,4,0
2011-09-01 03,3,13859,4,0
2011-09-01 04,4,13626,4,0
2011-09-01 05,5,13941,4,0
2011-09-01 06,6,14337,4,0
2011-09-01 07,7,16569,4,0
2011-09-01 08,8,19478,4,0
2011-09-01 09,9,20827,4,0
2011-09-01 10,10,21419,4,0
2011-09-01 11,11,21237,4,0
2011-09-01 12,12,21055,4,0
2011-09-01 13,13,21207,4,0
2011-09-01 14,14,21317,4,0
2011-09-01 15,15,21127,4,0
2011-09-01 16,16,20866,4,0
2011-09-01 17,17,20022,4,0
2011-09-01 18,18,19427,4,0
2011-09-01 19,19,19446,4,0
2011-09-01 20,20,19277,4,0
2011-09-01 21,21,18577,4,0
2011-09-01 22,22,17809,4,0
2011-09-01 23,23,16563,4,0
2011-09-02 00,0,15082,5,0
2011-09-02 01,1,14465,5,0
2011-09-02 02,2,13996,5,0
2011-09-02 03,3,13685,5,0
2011-09-02 04,4,13403,5,0
2011-09-02 05,5,13875,5,0
2011-09-02 06,6,14245,5,0
2011-09-02 07,7,16244,5,0
2011-09-02 08,8,18973,5,0
2011-09-02 09,9,20443,5,0
2011-09-02 10,10,20913,5,0
2011-09-02 11,11,20904,5,0
2011-09-02 12,12,20777,5,0
2011-09-02 13,13,21206,5,0
2011-09-02 14,14,21118,5,0
2011-09-02 15,15,21154,5,0
2011-09-02 16,16,20851,5,0
2011-09-02 17,17,19913,5,0
2011-09-02 18,18,18892,5,0
2011-09-02 19,19,19068,5,0
2011-09-02 20,20,18846,5,0
2011-09-02 21,21,18325,5,0
2011-09-02 22,22,17379,5,0
2011-09-02 23,23,16226,5,0
2011-09-03 00,0,15083,6,1
2011-09-03 01,1,14351,6,1
2011-09-03 02,2,13877,6,1
2011-09-03 03,3,13463,6,1
2011-09-03 04,4,13239,6,1
2011-09-03 05,5,13681,6,1
2011-09-03 06,6,13985,6,1
2011-09-03 07,7,15054,6,1
2011-09-03 08,8,17069,6,1
2011-09-03 09,9,18526,6,1
2011-09-03 10,10,18843,6,1
2011-09-03 11,11,18609,6,1
2011-09-03 12,12,17916,6,1
2011-09-03 13,13,18160,6,1
2011-09-03 14,14,18126,6,1
2011-09-03 15,15,18144,6,1
2011-09-03 16,16,18036,6,1
2011-09-03 17,17,17633,6,1
2011-09-03 18,18,17595,6,1
2011-09-03 19,19,17867,6,1
2011-09-03 20,20,17694,6,1
2011-09-03 21,21,17080,6,1
2011-09-03 22,22,16349,6,1
2011-09-03 23,23,15511,6,1
2011-09-04 00,0,14640,7,1
2011-09-04 01,1,13345,7,1
2011-09-04 02,2,13143,7,1
2011-09-04 03,3,12792,7,1
2011-09-04 04,4,12502,7,1
2011-09-04 05,5,12738,7,1
2011-09-04 06,6,12707,7,1
2011-09-04 07,7,13825,7,1
2011-09-04 08,8,15179,7,1
2011-09-04 09,9,16457,7,1
2011-09-04 10,10,17185,7,1
2011-09-04 11,11,17140,7,1
2011-09-04 12,12,17281,7,1
2011-09-04 13,13,17440,7,1
2011-09-04 14,14,17282,7,1
2011-09-04 15,15,17212,7,1
2011-09-04 16,16,17357,7,1
2011-09-04 17,17,17042,7,1
2011-09-04 18,18,17047,7,1
2011-09-04 19,19,17343,7,1
2011-09-04 20,20,17285,7,1
2011-09-04 21,21,17080,7,1
2011-09-04 22,22,16341,7,1
2011-09-04 23,23,15354,7,1
2011-09-05 00,0,14372,1,0
2011-09-05 01,1,13487,1,0
2011-09-05 02,2,12673,1,0
2011-09-05 03,3,12347,1,0
2011-09-05 04,4,12073,1,0
2011-09-05 05,5,12324,1,0
2011-09-05 06,6,12580,1,0
2011-09-05 07,7,15536,1,0
2011-09-05 08,8,18551,1,0
2011-09-05 09,9,19487,1,0
2011-09-05 10,10,19843,1,0
2011-09-05 11,11,19770,1,0
2011-09-05 12,12,19348,1,0
2011-09-05 13,13,19927,1,0
2011-09-05 14,14,19855,1,0
2011-09-05 15,15,19840,1,0
2011-09-05 16,16,19743,1,0
2011-09-05 17,17,19099,1,0
2011-09-05 18,18,18649,1,0
2011-09-05 19,19,19124,1,0
2011-09-05 20,20,18911,1,0
2011-09-05 21,21,18447,1,0
2011-09-05 22,22,17475,1,0
2011-09-05 23,23,16477,1,0
2011-09-06 00,0,15305,2,0
2011-09-06 01,1,13502,2,0
2011-09-06 02,2,12804,2,0
2011-09-06 03,3,12529,2,0
2011-09-06 04,4,12392,2,0
2011-09-06 05,5,12861,2,0
2011-09-06 06,6,12928,2,0
2011-09-06 07,7,15309,2,0
2011-09-06 08,8,17758,2,0
2011-09-06 09,9,19172,2,0
2011-09-06 10,10,19325,2,0
2011-09-06 11,11,19089,2,0
2011-09-06 12,12,18624,2,0
2011-09-06 13,13,18895,2,0
2011-09-06 14,14,18898,2,0
2011-09-06 15,15,18886,2,0
2011-09-06 16,16,18808,2,0
2011-09-06 17,17,18316,2,0
2011-09-06 18,18,17544,2,0
2011-09-06 19,19,17698,2,0
2011-09-06 20,20,17322,2,0
2011-09-06 21,21,16713,2,0
2011-09-06 22,22,15808,2,0
2011-09-06 23,23,14748,2,0
2011-09-07 00,0,13977,3,0
2011-09-07 01,1,13035,3,0
2011-09-07 02,2,12637,3,0
2011-09-07 03,3,12395,3,0
2011-09-07 04,4,12388,3,0
2011-09-07 05,5,12774,3,0
2011-09-07 06,6,13188,3,0
2011-09-07 07,7,15185,3,0
2011-09-07 08,8,17110,3,0
2011-09-07 09,9,18472,3,0
2011-09-07 10,10,18786,3,0
2011-09-07 11,11,18500,3,0
2011-09-07 12,12,18233,3,0
2011-09-07 13,13,18230,3,0
2011-09-07 14,14,18302,3,0
2011-09-07 15,15,18287,3,0
2011-09-07 16,16,18348,3,0
2011-09-07 17,17,17883,3,0
2011-09-07 18,18,16948,3,0
2011-09-07 19,19,17098,3,0
2011-09-07 20,20,16615,3,0
2011-09-07 21,21,16116,3,0
2011-09-07 22,22,15210,3,0
2011-09-07 23,23,14149,3,0
2011-09-08 00,0,13378,4,0
2011-09-08 01,1,13058,4,0
2011-09-08 02,2,12726,4,0
2011-09-08 03,3,12397,4,0
2011-09-08 04,4,12362,4,0
2011-09-08 05,5,12709,4,0
2011-09-08 06,6,13134,4,0
2011-09-08 07,7,14766,4,0
2011-09-08 08,8,17126,4,0
2011-09-08 09,9,18443,4,0
2011-09-08 10,10,18955,4,0
2011-09-08 11,11,18915,4,0
2011-09-08 12,12,18948,4,0
2011-09-08 13,13,19245,4,0
2011-09-08 14,14,19177,4,0
2011-09-08 15,15,19206,4,0
2011-09-08 16,16,19048,4,0
2011-09-08 17,17,17634,4,0
2011-09-08 18,18,17306,4,0
2011-09-08 19,19,17205,4,0
2011-09-08 20,20,16901,4,0
2011-09-08 21,21,16460,4,0
2011-09-08 22,22,15553,4,0
2011-09-08 23,23,14435,4,0
2011-09-09 00,0,13513,5,0
2011-09-09 01,1,13194,5,0
2011-09-09 02,2,12703,5,0
2011-09-09 03,3,12572,5,0
2011-09-09 04,4,12523,5,0
2011-09-09 05,5,12997,5,0
2011-09-09 06,6,13456,5,0
2011-09-09 07,7,15382,5,0
2011-09-09 08,8,17338,5,0
2011-09-09 09,9,18486,5,0
2011-09-09 10,10,18789,5,0
2011-09-09 11,11,18546,5,0
2011-09-09 12,12,18383,5,0
2011-09-09 13,13,18684,5,0
2011-09-09 14,14,18753,5,0
2011-09-09 15,15,18249,5,0
2011-09-09 16,16,18301,5,0
2011-09-09 17,17,17559,5,0
2011-09-09 18,18,17486,5,0
2011-09-09 19,19,17465,5,0
2011-09-09 20,20,17137,5,0
2011-09-09 21,21,16506,5,0
2011-09-09 22,22,15725,5,0
2011-09-09 23,23,14614,5,0
2011-09-10 00,0,13518,6,1
2011-09-10 01,1,12892,6,1
2011-09-10 02,2,12736,6,1
2011-09-10 03,3,12531,6,1
2011-09-10 04,4,12377,6,1
2011-09-10 05,5,12710,6,1
2011-09-10 06,6,12835,6,1
2011-09-10 07,7,14197,6,1
2011-09-10 08,8,15848,6,1
2011-09-10 09,9,17085,6,1
2011-09-10 10,10,17425,6,1
2011-09-10 11,11,17188,6,1
2011-09-10 12,12,16611,6,1
2011-09-10 13,13,16846,6,1
2011-09-10 14,14,16825,6,1
2011-09-10 15,15,16845,6,1
2011-09-10 16,16,16732,6,1
2011-09-10 17,17,16505,6,1
2011-09-10 18,18,16490,6,1
2011-09-10 19,19,16720,6,1
2011-09-10 20,20,16485,6,1
2011-09-10 21,21,16175,6,1
2011-09-10 22,22,15464,6,1
2011-09-10 23,23,14546,6,1
2011-09-11 00,0,13743,7,1
2011-09-11 01,1,12457,7,1
2011-09-11 02,2,11833,7,1
2011-09-11 03,3,11599,7,1
2011-09-11 04,4,11345,7,1
2011-09-11 05,5,11442,7,1
2011-09-11 06,6,11860,7,1
2011-09-11 07,7,12996,7,1
2011-09-11 08,8,14352,7,1
2011-09-11 09,9,15136,7,1
2011-09-11 10,10,15632,7,1
2011-09-11 11,11,15549,7,1
2011-09-11 12,12,15500,7,1
2011-09-11 13,13,15760,7,1
2011-09-11 14,14,15620,7,1
2011-09-11 15,15,15686,7,1
2011-09-11 16,16,15632,7,1
2011-09-11 17,17,15322,7,1
2011-09-11 18,18,15485,7,1
2011-09-11 19,19,15601,7,1
2011-09-11 20,20,15393,7,1
2011-09-11 21,21,15165,7,1
2011-09-11 22,22,14684,7,1
2011-09-11 23,23,13759,7,1
2011-09-12 00,0,12871,1,-1
2011-09-12 01,1,11744,1,-1
2011-09-12 02,2,11355,1,-1
2011-09-12 03,3,10952,1,-1
2011-09-12 04,4,11002,1,-1
2011-09-12 05,5,11326,1,-1
2011-09-12 06,6,11154,1,-1
2011-09-12 07,7,12174,1,-1
2011-09-12 08,8,13281,1,-1
2011-09-12 09,9,14343,1,-1
2011-09-12 10,10,14787,1,-1
2011-09-12 11,11,14749,1,-1
2011-09-12 12,12,14529,1,-1
2011-09-12 13,13,14713,1,-1
2011-09-12 14,14,14625,1,-1
2011-09-12 15,15,14686,1,-1
2011-09-12 16,16,14634,1,-1
2011-09-12 17,17,14571,1,-1
2011-09-12 18,18,14689,1,-1
2011-09-12 19,19,14801,1,-1
2011-09-12 20,20,14598,1,-1
2011-09-12 21,21,14369,1,-1
2011-09-12 22,22,13788,1,-1
2011-09-12 23,23,12862,1,-1
2011-09-13 00,0,12013,2,0
2011-09-13 01,1,11506,2,0
2011-09-13 02,2,10761,2,0
2011-09-13 03,3,10229,2,0
2011-09-13 04,4,10264,2,0
2011-09-13 05,5,11100,2,0
2011-09-13 06,6,12255,2,0
2011-09-13 07,7,14574,2,0
2011-09-13 08,8,17666,2,0
2011-09-13 09,9,19810,2,0
2011-09-13 10,10,20013,2,0
2011-09-13 11,11,19835,2,0
2011-09-13 12,12,19506,2,0
2011-09-13 13,13,20044,2,0
2011-09-13 14,14,19954,2,0
2011-09-13 15,15,19921,2,0
2011-09-13 16,16,19748,2,0
2011-09-13 17,17,19015,2,0
2011-09-13 18,18,17759,2,0
2011-09-13 19,19,17701,2,0
2011-09-13 20,20,17272,2,0
2011-09-13 21,21,16737,2,0
2011-09-13 22,22,15858,2,0
2011-09-13 23,23,14716,2,0
2011-09-14 00,0,13667,3,0
2011-09-14 01,1,12984,3,0
2011-09-14 02,2,12779,3,0
2011-09-14 03,3,12639,3,0
2011-09-14 04,4,12579,3,0
2011-09-14 05,5,13003,3,0
2011-09-14 06,6,13499,3,0
2011-09-14 07,7,15311,3,0
2011-09-14 08,8,18054,3,0
2011-09-14 09,9,19763,3,0
2011-09-14 10,10,20190,3,0
2011-09-14 11,11,19916,3,0
2011-09-14 12,12,20197,3,0
2011-09-14 13,13,20893,3,0
2011-09-14 14,14,20836,3,0
2011-09-14 15,15,20253,3,0
2011-09-14 16,16,19895,3,0
2011-09-14 17,17,19092,3,0
2011-09-14 18,18,18623,3,0
2011-09-14 19,19,18596,3,0
2011-09-14 20,20,18285,3,0
2011-09-14 21,21,17672,3,0
2011-09-14 22,22,16937,3,0
2011-09-14 23,23,15831,3,0
2011-09-15 00,0,14542,4,0
2011-09-15 01,1,13673,4,0
2011-09-15 02,2,13395,4,0
2011-09-15 03,3,13016,4,0
2011-09-15 04,4,13003,4,0
2011-09-15 05,5,13496,4,0
2011-09-15 06,6,13975,4,0
2011-09-15 07,7,15973,4,0
2011-09-15 08,8,19331,4,0
2011-09-15 09,9,20978,4,0
2011-09-15 10,10,21488,4,0
2011-09-15 11,11,21306,4,0
2011-09-15 12,12,21580,4,0
2011-09-15 13,13,21912,4,0
2011-09-15 14,14,21961,4,0
2011-09-15 15,15,21555,4,0
2011-09-15 16,16,20858,4,0
2011-09-15 17,17,19984,4,0
2011-09-15 18,18,19026,4,0
2011-09-15 19,19,19178,4,0
2011-09-15 20,20,18868,4,0
2011-09-15 21,21,18155,4,0
2011-09-15 22,22,17229,4,0
2011-09-15 23,23,16029,4,0
2011-09-16 00,0,15097,5,0
2011-09-16 01,1,14390,5,0
2011-09-16 02,2,13951,5,0
2011-09-16 03,3,13627,5,0
2011-09-16 04,4,13550,5,0
2011-09-16 05,5,13978,5,0
2011-09-16 06,6,14386,5,0
2011-09-16 07,7,16113,5,0
2011-09-16 08,8,19205,5,0
2011-09-16 09,9,21209,5,0
2011-09-16 10,10,21855,5,0
2011-09-16 11,11,21598,5,0
2011-09-16 12,12,21720,5,0
2011-09-16 13,13,22021,5,0
2011-09-16 14,14,21981,5,0
2011-09-16 15,15,21678,5,0
2011-09-16 16,16,21518,5,0
2011-09-16 17,17,20418,5,0
2011-09-16 18,18,19561,5,0
2011-09-16 19,19,19863,5,0
2011-09-16 20,20,19280,5,0
2011-09-16 21,21,18434,5,0
2011-09-16 22,22,17362,5,0
2011-09-16 23,23,16070,5,0
2011-09-17 00,0,14972,6,1
2011-09-17 01,1,14182,6,1
2011-09-17 02,2,13810,6,1
2011-09-17 03,3,13423,6,1
2011-09-17 04,4,13270,6,1
2011-09-17 05,5,13642,6,1
2011-09-17 06,6,13721,6,1
2011-09-17 07,7,14877,6,1
2011-09-17 08,8,16486,6,1
2011-09-17 09,9,17840,6,1
2011-09-17 10,10,18270,6,1
2011-09-17 11,11,18208,6,1
2011-09-17 12,12,17687,6,1
2011-09-17 13,13,18053,6,1
2011-09-17 14,14,17942,6,1
2011-09-17 15,15,18096,6,1
2011-09-17 16,16,18081,6,1
2011-09-17 17,17,17341,6,1
2011-09-17 18,18,17109,6,1
2011-09-17 19,19,17323,6,1
2011-09-17 20,20,17332,6,1
2011-09-17 21,21,16773,6,1
2011-09-17 22,22,15997,6,1
2011-09-17 23,23,15120,6,1
2011-09-18 00,0,14487,7,1
2011-09-18 01,1,13786,7,1
2011-09-18 02,2,13092,7,1
2011-09-18 03,3,12849,7,1
2011-09-18 04,4,12706,7,1
2011-09-18 05,5,12836,7,1
2011-09-18 06,6,13050,7,1
2011-09-18 07,7,14279,7,1
2011-09-18 08,8,15577,7,1
2011-09-18 09,9,16410,7,1
2011-09-18 10,10,16915,7,1
2011-09-18 11,11,16849,7,1
2011-09-18 12,12,16719,7,1
2011-09-18 13,13,16822,7,1
2011-09-18 14,14,16781,7,1
2011-09-18 15,15,16737,7,1
2011-09-18 16,16,16800,7,1
2011-09-18 17,17,16507,7,1
2011-09-18 18,18,16469,7,1
2011-09-18 19,19,16599,7,1
2011-09-18 20,20,16375,7,1
2011-09-18 21,21,16094,7,1
2011-09-18 22,22,15214,7,1
2011-09-18 23,23,14454,7,1
2011-09-19 00,0,13609,1,0
2011-09-19 01,1,12141,1,0
2011-09-19 02,2,11618,1,0
2011-09-19 03,3,11104,1,0
2011-09-19 04,4,11108,1,0
2011-09-19 05,5,11619,1,0
2011-09-19 06,6,12927,1,0
2011-09-19 07,7,14403,1,0
2011-09-19 08,8,16175,1,0
2011-09-19 09,9,17206,1,0
2011-09-19 10,10,17509,1,0
2011-09-19 11,11,17308,1,0
2011-09-19 12,12,16819,1,0
2011-09-19 13,13,17059,1,0
2011-09-19 14,14,17186,1,0
2011-09-19 15,15,17233,1,0
2011-09-19 16,16,17204,1,0
2011-09-19 17,17,16584,1,0
2011-09-19 18,18,16332,1,0
2011-09-19 19,19,16371,1,0
2011-09-19 20,20,15870,1,0
2011-09-19 21,21,15410,1,0
2011-09-19 22,22,14732,1,0
2011-09-19 23,23,13647,1,0
2011-09-20 00,0,12778,2,0
2011-09-20 01,1,12311,2,0
2011-09-20 02,2,11886,2,0
2011-09-20 03,3,11768,2,0
2011-09-20 04,4,11608,2,0
2011-09-20 05,5,11858,2,0
2011-09-20 06,6,12421,2,0
2011-09-20 07,7,13837,2,0
2011-09-20 08,8,16023,2,0
2011-09-20 09,9,17000,2,0
2011-09-20 10,10,16980,2,0
2011-09-20 11,11,16412,2,0
2011-09-20 12,12,16007,2,0
2011-09-20 13,13,16309,2,0
2011-09-20 14,14,16263,2,0
2011-09-20 15,15,16355,2,0
2011-09-20 16,16,16354,2,0
2011-09-20 17,17,16162,2,0
2011-09-20 18,18,15764,2,0
2011-09-20 19,19,15845,2,0
2011-09-20 20,20,15466,2,0
2011-09-20 21,21,15177,2,0
2011-09-20 22,22,14625,2,0
2011-09-20 23,23,13667,2,0
2011-09-21 00,0,12723,3,0
2011-09-21 01,1,11690,3,0
2011-09-21 02,2,11222,3,0
2011-09-21 03,3,10973,3,0
2011-09-21 04,4,11044,3,0
2011-09-21 05,5,11725,3,0
2011-09-21 06,6,12194,3,0
2011-09-21 07,7,13724,3,0
2011-09-21 08,8,15294,3,0
2011-09-21 09,9,16368,3,0
2011-09-21 10,10,16673,3,0
2011-09-21 11,11,16316,3,0
2011-09-21 12,12,15613,3,0
2011-09-21 13,13,15952,3,0
2011-09-21 14,14,16100,3,0
2011-09-21 15,15,15900,3,0
2011-09-21 16,16,15900,3,0
2011-09-21 17,17,15873,3,0
2011-09-21 18,18,15875,3,0
2011-09-21 19,19,15528,3,0
2011-09-21 20,20,15301,3,0
2011-09-21 21,21,14548,3,0
2011-09-21 22,22,13678,3,0
2011-09-21 23,23,12772,3,0
2011-09-22 00,0,11997,4,0
2011-09-22 01,1,11654,4,0
2011-09-22 02,2,11290,4,0
2011-09-22 03,3,11109,4,0
2011-09-22 04,4,11161,4,0
2011-09-22 05,5,11680,4,0
2011-09-22 06,6,12158,4,0
2011-09-22 07,7,13581,4,0
2011-09-22 08,8,15221,4,0
2011-09-22 09,9,16099,4,0
2011-09-22 10,10,16336,4,0
2011-09-22 11,11,15957,4,0
2011-09-22 12,12,15649,4,0
2011-09-22 13,13,16050,4,0
2011-09-22 14,14,16085,4,0
2011-09-22 15,15,15892,4,0
2011-09-22 16,16,16135,4,0
2011-09-22 17,17,15977,4,0
2011-09-22 18,18,16124,4,0
2011-09-22 19,19,15804,4,0
2011-09-22 20,20,15379,4,0
2011-09-22 21,21,14678,4,0
2011-09-22 22,22,13920,4,0
2011-09-22 23,23,12967,4,0
2011-09-23 00,0,12100,5,0
2011-09-23 01,1,11623,5,0
2011-09-23 02,2,11377,5,0
2011-09-23 03,3,11112,5,0
2011-09-23 04,4,11214,5,0
2011-09-23 05,5,11830,5,0
2011-09-23 06,6,12089,5,0
2011-09-23 07,7,13491,5,0
2011-09-23 08,8,15178,5,0
2011-09-23 09,9,16219,5,0
2011-09-23 10,10,16556,5,0
2011-09-23 11,11,15954,5,0
2011-09-23 12,12,15509,5,0
2011-09-23 13,13,15859,5,0
2011-09-23 14,14,16015,5,0
2011-09-23 15,15,16036,5,0
2011-09-23 16,16,16168,5,0
2011-09-23 17,17,15755,5,0
2011-09-23 18,18,15835,5,0
2011-09-23 19,19,15773,5,0
2011-09-23 20,20,15240,5,0
2011-09-23 21,21,14837,5,0
2011-09-23 22,22,14125,5,0
2011-09-23 23,23,13097,5,0
2011-09-24 00,0,12122,6,1
2011-09-24 01,1,11770,6,1
2011-09-24 02,2,11409,6,1
2011-09-24 03,3,11272,6,1
2011-09-24 04,4,11243,6,1
2011-09-24 05,5,11740,6,1
2011-09-24 06,6,12082,6,1
2011-09-24 07,7,12977,6,1
2011-09-24 08,8,14132,6,1
2011-09-24 09,9,15253,6,1
2011-09-24 10,10,15561,6,1
2011-09-24 11,11,15260,6,1
2011-09-24 12,12,14815,6,1
2011-09-24 13,13,15024,6,1
2011-09-24 14,14,14825,6,1
2011-09-24 15,15,14976,6,1
2011-09-24 16,16,15047,6,1
2011-09-24 17,17,14830,6,1
2011-09-24 18,18,15141,6,1
2011-09-24 19,19,14854,6,1
2011-09-24 20,20,14467,6,1
2011-09-24 21,21,14350,6,1
2011-09-24 22,22,13326,6,1
2011-09-24 23,23,12580,6,1
2011-09-25 00,0,11881,7,1
2011-09-25 01,1,11108,7,1
2011-09-25 02,2,10679,7,1
2011-09-25 03,3,10616,7,1
2011-09-25 04,4,10624,7,1
2011-09-25 05,5,10987,7,1
2011-09-25 06,6,11221,7,1
2011-09-25 07,7,12157,7,1
2011-09-25 08,8,13430,7,1
2011-09-25 09,9,14131,7,1
2011-09-25 10,10,14537,7,1
2011-09-25 11,11,14279,7,1
2011-09-25 12,12,13977,7,1
2011-09-25 13,13,14117,7,1
2011-09-25 14,14,14101,7,1
2011-09-25 15,15,14255,7,1
2011-09-25 16,16,14360,7,1
2011-09-25 17,17,14253,7,1
2011-09-25 18,18,14289,7,1
2011-09-25 19,19,14120,7,1
2011-09-25 20,20,13772,7,1
2011-09-25 21,21,13475,7,1
2011-09-25 22,22,12676,7,1
2011-09-25 23,23,11841,7,1
2011-09-26 00,0,11182,1,0
2011-09-26 01,1,10973,1,0
2011-09-26 02,2,10693,1,0
2011-09-26 03,3,10616,1,0
2011-09-26 04,4,10654,1,0
2011-09-26 05,5,10932,1,0
2011-09-26 06,6,11925,1,0
2011-09-26 07,7,13474,1,0
2011-09-26 08,8,15450,1,0
2011-09-26 09,9,16787,1,0
2011-09-26 10,10,17409,1,0
2011-09-26 11,11,16879,1,0
2011-09-26 12,12,15931,1,0
2011-09-26 13,13,15971,1,0
2011-09-26 14,14,15861,1,0
2011-09-26 15,15,16064,1,0
2011-09-26 16,16,16015,1,0
2011-09-26 17,17,15668,1,0
2011-09-26 18,18,15893,1,0
2011-09-26 19,19,15685,1,0
2011-09-26 20,20,15448,1,0
2011-09-26 21,21,14874,1,0
2011-09-26 22,22,14076,1,0
2011-09-26 23,23,13162,1,0
2011-09-27 00,0,12149,2,0
2011-09-27 01,1,11745,2,0
2011-09-27 02,2,11536,2,0
2011-09-27 03,3,11407,2,0
2011-09-27 04,4,11471,2,0
2011-09-27 05,5,11815,2,0
2011-09-27 06,6,12167,2,0
2011-09-27 07,7,13951,2,0
2011-09-27 08,8,16082,2,0
2011-09-27 09,9,17181,2,0
2011-09-27 10,10,17594,2,0
2011-09-27 11,11,17251,2,0
2011-09-27 12,12,16926,2,0
2011-09-27 13,13,17179,2,0
2011-09-27 14,14,16847,2,0
2011-09-27 15,15,16907,2,0
2011-09-27 16,16,16927,2,0
2011-09-27 17,17,16575,2,0
2011-09-27 18,18,16836,2,0
2011-09-27 19,19,16551,2,0
2011-09-27 20,20,16134,2,0
2011-09-27 21,21,15713,2,0
2011-09-27 22,22,14802,2,0
2011-09-27 23,23,13914,2,0
2011-09-28 00,0,13175,3,0
2011-09-28 01,1,12295,3,0
2011-09-28 02,2,12055,3,0
2011-09-28 03,3,11830,3,0
2011-09-28 04,4,11881,3,0
2011-09-28 05,5,12177,3,0
2011-09-28 06,6,12598,3,0
2011-09-28 07,7,13852,3,0
2011-09-28 08,8,16297,3,0
2011-09-28 09,9,17566,3,0
2011-09-28 10,10,18216,3,0
2011-09-28 11,11,17848,3,0
2011-09-28 12,12,17045,3,0
2011-09-28 13,13,17079,3,0
2011-09-28 14,14,16977,3,0
2011-09-28 15,15,17163,3,0
2011-09-28 16,16,17210,3,0
2011-09-28 17,17,16886,3,0
2011-09-28 18,18,16895,3,0
2011-09-28 19,19,16585,3,0
2011-09-28 20,20,15984,3,0
2011-09-28 21,21,15438,3,0
2011-09-28 22,22,14552,3,0
2011-09-28 23,23,13548,3,0
2011-09-29 00,0,12583,4,0
2011-09-29 01,1,12369,4,0
2011-09-29 02,2,11992,4,0
2011-09-29 03,3,11855,4,0
2011-09-29 04,4,11905,4,0
2011-09-29 05,5,12234,4,0
2011-09-29 06,6,12610,4,0
2011-09-29 07,7,14627,4,0
2011-09-29 08,8,17152,4,0
2011-09-29 09,9,18666,4,0
2011-09-29 10,10,19355,4,0
2011-09-29 11,11,18750,4,0
2011-09-29 12,12,18037,4,0
2011-09-29 13,13,18529,4,0
2011-09-29 14,14,18546,4,0
2011-09-29 15,15,18511,4,0
2011-09-29 16,16,18177,4,0
2011-09-29 17,17,17519,4,0
2011-09-29 18,18,17563,4,0
2011-09-29 19,19,17288,4,0
2011-09-29 20,20,16593,4,0
2011-09-29 21,21,16085,4,0
2011-09-29 22,22,15174,4,0
2011-09-29 23,23,14061,4,0
2011-09-30 00,0,13005,5,0
2011-09-30 01,1,11855,5,0
2011-09-30 02,2,11565,5,0
2011-09-30 03,3,11259,5,0
2011-09-30 04,4,11331,5,0
2011-09-30 05,5,11729,5,0
2011-09-30 06,6,12089,5,0
2011-09-30 07,7,13498,5,0
2011-09-30 08,8,15199,5,0
2011-09-30 09,9,16114,5,0
2011-09-30 10,10,16163,5,0
2011-09-30 11,11,15872,5,0
2011-09-30 12,12,15277,5,0
2011-09-30 13,13,15182,5,0
2011-09-30 14,14,15102,5,0
2011-09-30 15,15,14984,5,0
2011-09-30 16,16,14910,5,0
2011-09-30 17,17,14688,5,0
2011-09-30 18,18,14920,5,0
2011-09-30 19,19,14479,5,0
2011-09-30 20,20,14258,5,0
2011-09-30 21,21,14070,5,0
2011-09-30 22,22,13415,5,0
2011-09-30 23,23,12429,5,0
2011-10-01 00,0,11403,6,-1
2011-10-01 01,1,10699,6,-1
2011-10-01 02,2,10235,6,-1
2011-10-01 03,3,10063,6,-1
2011-10-01 04,4,9854,6,-1
2011-10-01 05,5,10133,6,-1
2011-10-01 06,6,9893,6,-1
2011-10-01 07,7,10127,6,-1
2011-10-01 08,8,10907,6,-1
2011-10-01 09,9,11441,6,-1
2011-10-01 10,10,11720,6,-1
2011-10-01 11,11,11839,6,-1
2011-10-01 12,12,11489,6,-1
2011-10-01 13,13,11312,6,-1
2011-10-01 14,14,11280,6,-1
2011-10-01 15,15,11445,6,-1
2011-10-01 16,16,11967,6,-1
2011-10-01 17,17,12418,6,-1
2011-10-01 18,18,12634,6,-1
2011-10-01 19,19,12606,6,-1
2011-10-01 20,20,12479,6,-1
2011-10-01 21,21,12262,6,-1
2011-10-01 22,22,11757,6,-1
2011-10-01 23,23,11177,6,-1
2011-10-02 00,0,10415,7,-1
2011-10-02 01,1,9340,7,-1
2011-10-02 02,2,8855,7,-1
2011-10-02 03,3,8839,7,-1
2011-10-02 04,4,8842,7,-1
2011-10-02 05,5,9166,7,-1
2011-10-02 06,6,9275,7,-1
2011-10-02 07,7,9868,7,-1
2011-10-02 08,8,10677,7,-1
2011-10-02 09,9,11271,7,-1
2011-10-02 10,10,11802,7,-1
2011-10-02 11,11,11783,7,-1
2011-10-02 12,12,11490,7,-1
2011-10-02 13,13,11381,7,-1
2011-10-02 14,14,11409,7,-1
2011-10-02 15,15,11494,7,-1
2011-10-02 16,16,11852,7,-1
2011-10-02 17,17,12145,7,-1
2011-10-02 18,18,12181,7,-1
2011-10-02 19,19,12217,7,-1
2011-10-02 20,20,11926,7,-1
2011-10-02 21,21,11754,7,-1
2011-10-02 22,22,11240,7,-1
2011-10-02 23,23,10577,7,-1
2011-10-03 00,0,9783,1,-1
2011-10-03 01,1,8904,1,-1
2011-10-03 02,2,8553,1,-1
2011-10-03 03,3,8335,1,-1
2011-10-03 04,4,8560,1,-1
2011-10-03 05,5,9037,1,-1
2011-10-03 06,6,9126,1,-1
2011-10-03 07,7,9452,1,-1
2011-10-03 08,8,10178,1,-1
2011-10-03 09,9,10778,1,-1
2011-10-03 10,10,11106,1,-1
2011-10-03 11,11,11125,1,-1
2011-10-03 12,12,10794,1,-1
2011-10-03 13,13,10700,1,-1
2011-10-03 14,14,10500,1,-1
2011-10-03 15,15,10797,1,-1
2011-10-03 16,16,11212,1,-1
2011-10-03 17,17,11574,1,-1
2011-10-03 18,18,12006,1,-1
2011-10-03 19,19,11954,1,-1
2011-10-03 20,20,11696,1,-1
2011-10-03 21,21,11263,1,-1
2011-10-03 22,22,10849,1,-1
2011-10-03 23,23,10125,1,-1
2011-10-04 00,0,9749,2,1
2011-10-04 01,1,9391,2,1
2011-10-04 02,2,9094,2,1
2011-10-04 03,3,8834,2,1
2011-10-04 04,4,9067,2,1
2011-10-04 05,5,9153,2,1
2011-10-04 06,6,9390,2,1
2011-10-04 07,7,10068,2,1
2011-10-04 08,8,11143,2,1
2011-10-04 09,9,11909,2,1
2011-10-04 10,10,12182,2,1
2011-10-04 11,11,12165,2,1
2011-10-04 12,12,11792,2,1
2011-10-04 13,13,11854,2,1
2011-10-04 14,14,11839,2,1
2011-10-04 15,15,11935,2,1
2011-10-04 16,16,12026,2,1
2011-10-04 17,17,12408,2,1
2011-10-04 18,18,12606,2,1
2011-10-04 19,19,12490,2,1
2011-10-04 20,20,12263,2,1
2011-10-04 21,21,11920,2,1
2011-10-04 22,22,11435,2,1
2011-10-04 23,23,10760,2,1
2011-10-05 00,0,10374,3,1
2011-10-05 01,1,9927,3,1
2011-10-05 02,2,9571,3,1
2011-10-05 03,3,9408,3,1
2011-10-05 04,4,9462,3,1
2011-10-05 05,5,9828,3,1
2011-10-05 06,6,10085,3,1
2011-10-05 07,7,11145,3,1
2011-10-05 08,8,12366,3,1
2011-10-05 09,9,13053,3,1
2011-10-05 10,10,13457,3,1
2011-10-05 11,11,13271,3,1
2011-10-05 12,12,12924,3,1
2011-10-05 13,13,12989,3,1
2011-10-05 14,14,13102,3,1
2011-10-05 15,15,13245,3,1
2011-10-05 16,16,13345,3,1
2011-10-05 17,17,13321,3,1
2011-10-05 18,18,13801,3,1
2011-10-05 19,19,13536,3,1
2011-10-05 20,20,13134,3,1
2011-10-05 21,21,12959,3,1
2011-10-05 22,22,12462,3,1
2011-10-05 23,23,11717,3,1
2011-10-06 00,0,11040,4,1
2011-10-06 01,1,10650,4,1
2011-10-06 02,2,10322,4,1
2011-10-06 03,3,10026,4,1
2011-10-06 04,4,10122,4,1
2011-10-06 05,5,10442,4,1
2011-10-06 06,6,10588,4,1
2011-10-06 07,7,11714,4,1
2011-10-06 08,8,13273,4,1
2011-10-06 09,9,14015,4,1
2011-10-06 10,10,14276,4,1
2011-10-06 11,11,14049,4,1
2011-10-06 12,12,13610,4,1
2011-10-06 13,13,13962,4,1
2011-10-06 14,14,13925,4,1
2011-10-06 15,15,14097,4,1
2011-10-06 16,16,14081,4,1
2011-10-06 17,17,14266,4,1
2011-10-06 18,18,14519,4,1
2011-10-06 19,19,14336,4,1
2011-10-06 20,20,14068,4,1
2011-10-06 21,21,13768,4,1
2011-10-06 22,22,13137,4,1
2011-10-06 23,23,12369,4,1
2011-10-07 00,0,11642,5,1
2011-10-07 01,1,10978,5,1
2011-10-07 02,2,10714,5,1
2011-10-07 03,3,10510,5,1
2011-10-07 04,4,10604,5,1
2011-10-07 05,5,10853,5,1
2011-10-07 06,6,11149,5,1
2011-10-07 07,7,12277,5,1
2011-10-07 08,8,13682,5,1
2011-10-07 09,9,14365,5,1
2011-10-07 10,10,14731,5,1
2011-10-07 11,11,14608,5,1
2011-10-07 12,12,14197,5,1
2011-10-07 13,13,14416,5,1
2011-10-07 14,14,14372,5,1
2011-10-07 15,15,14671,5,1
2011-10-07 16,16,14742,5,1
2011-10-07 17,17,14852,5,1
2011-10-07 18,18,15008,5,1
2011-10-07 19,19,14837,5,1
2011-10-07 20,20,14490,5,1
2011-10-07 21,21,14136,5,1
2011-10-07 22,22,13417,5,1
2011-10-07 23,23,12656,5,1
2011-10-08 00,0,11924,6,0
2011-10-08 01,1,10993,6,0
2011-10-08 02,2,10823,6,0
2011-10-08 03,3,10568,6,0
2011-10-08 04,4,10597,6,0
2011-10-08 05,5,11261,6,0
2011-10-08 06,6,11489,6,0
2011-10-08 07,7,12914,6,0
2011-10-08 08,8,14657,6,0
2011-10-08 09,9,15648,6,0
2011-10-08 10,10,15935,6,0
2011-10-08 11,11,15565,6,0
2011-10-08 12,12,15316,6,0
2011-10-08 13,13,15604,6,0
2011-10-08 14,14,15510,6,0
2011-10-08 15,15,15678,6,0
2011-10-08 16,16,15675,6,0
2011-10-08 17,17,15530,6,0
2011-10-08 18,18,15610,6,0
2011-10-08 19,19,15282,6,0
2011-10-08 20,20,14858,6,0
2011-10-08 21,21,14476,6,0
2011-10-08 22,22,13581,6,0
2011-10-08 23,23,12755,6,0
2011-10-09 00,0,11849,7,0
2011-10-09 01,1,11436,7,0
2011-10-09 02,2,11131,7,0
2011-10-09 03,3,10926,7,0
2011-10-09 04,4,10866,7,0
2011-10-09 05,5,11333,7,0
2011-10-09 06,6,11701,7,0
2011-10-09 07,7,12966,7,0
2011-10-09 08,8,14795,7,0
2011-10-09 09,9,15628,7,0
2011-10-09 10,10,15750,7,0
2011-10-09 11,11,15655,7,0
2011-10-09 12,12,15341,7,0
2011-10-09 13,13,15440,7,0
2011-10-09 14,14,15395,7,0
2011-10-09 15,15,15586,7,0
2011-10-09 16,16,15576,7,0
2011-10-09 17,17,15345,7,0
2011-10-09 18,18,15579,7,0
2011-10-09 19,19,15203,7,0
2011-10-09 20,20,14659,7,0
2011-10-09 21,21,14503,7,0
2011-10-09 22,22,13744,7,0
2011-10-09 23,23,12737,7,0
2011-10-10 00,0,12034,1,0
2011-10-10 01,1,11422,1,0
2011-10-10 02,2,11122,1,0
2011-10-10 03,3,11015,1,0
2011-10-10 04,4,10918,1,0
2011-10-10 05,5,11419,1,0
2011-10-10 06,6,11558,1,0
2011-10-10 07,7,13024,1,0
2011-10-10 08,8,14686,1,0
2011-10-10 09,9,16556,1,0
2011-10-10 10,10,16926,1,0
2011-10-10 11,11,16553,1,0
2011-10-10 12,12,15823,1,0
2011-10-10 13,13,15809,1,0
2011-10-10 14,14,15465,1,0
2011-10-10 15,15,15502,1,0
2011-10-10 16,16,15630,1,0
2011-10-10 17,17,15318,1,0
2011-10-10 18,18,15490,1,0
2011-10-10 19,19,15160,1,0
2011-10-10 20,20,14859,1,0
2011-10-10 21,21,14413,1,0
2011-10-10 22,22,13557,1,0
2011-10-10 23,23,12796,1,0
2011-10-11 00,0,12034,2,0
2011-10-11 01,1,11663,2,0
2011-10-11 02,2,11331,2,0
2011-10-11 03,3,11173,2,0
2011-10-11 04,4,11057,2,0
2011-10-11 05,5,11587,2,0
2011-10-11 06,6,11829,2,0
2011-10-11 07,7,13505,2,0
2011-10-11 08,8,15612,2,0
2011-10-11 09,9,16459,2,0
2011-10-11 10,10,16896,2,0
2011-10-11 11,11,16374,2,0
2011-10-11 12,12,16274,2,0
2011-10-11 13,13,16563,2,0
2011-10-11 14,14,16461,2,0
2011-10-11 15,15,16502,2,0
2011-10-11 16,16,16630,2,0
2011-10-11 17,17,16312,2,0
2011-10-11 18,18,16434,2,0
2011-10-11 19,19,15882,2,0
2011-10-11 20,20,15392,2,0
2011-10-11 21,21,15010,2,0
2011-10-11 22,22,14169,2,0
2011-10-11 23,23,13295,2,0
2011-10-12 00,0,12494,3,0
2011-10-12 01,1,11802,3,0
2011-10-12 02,2,11362,3,0
2011-10-12 03,3,11147,3,0
2011-10-12 04,4,11142,3,0
2011-10-12 05,5,11722,3,0
2011-10-12 06,6,12108,3,0
2011-10-12 07,7,13617,3,0
2011-10-12 08,8,15467,3,0
2011-10-12 09,9,16391,3,0
2011-10-12 10,10,16598,3,0
2011-10-12 11,11,16477,3,0
2011-10-12 12,12,16098,3,0
2011-10-12 13,13,16422,3,0
2011-10-12 14,14,16393,3,0
2011-10-12 15,15,16380,3,0
2011-10-12 16,16,16449,3,0
2011-10-12 17,17,16329,3,0
2011-10-12 18,18,16367,3,0
2011-10-12 19,19,15930,3,0
2011-10-12 20,20,15431,3,0
2011-10-12 21,21,15033,3,0
2011-10-12 22,22,14174,3,0
2011-10-12 23,23,13262,3,0
2011-10-13 00,0,12510,4,0
2011-10-13 01,1,11837,4,0
2011-10-13 02,2,11520,4,0
2011-10-13 03,3,11165,4,0
2011-10-13 04,4,11276,4,0
2011-10-13 05,5,11639,4,0
2011-10-13 06,6,12222,4,0
2011-10-13 07,7,13582,4,0
2011-10-13 08,8,15575,4,0
2011-10-13 09,9,16649,4,0
2011-10-13 10,10,16826,4,0
2011-10-13 11,11,16514,4,0
2011-10-13 12,12,16004,4,0
2011-10-13 13,13,16168,4,0
2011-10-13 14,14,16105,4,0
2011-10-13 15,15,16195,4,0
2011-10-13 16,16,16340,4,0
2011-10-13 17,17,16111,4,0
2011-10-13 18,18,16109,4,0
2011-10-13 19,19,15884,4,0
2011-10-13 20,20,15403,4,0
2011-10-13 21,21,14957,4,0
2011-10-13 22,22,14189,4,0
2011-10-13 23,23,13290,4,0
2011-10-14 00,0,12558,5,0
2011-10-14 01,1,11879,5,0
2011-10-14 02,2,11386,5,0
2011-10-14 03,3,11018,5,0
2011-10-14 04,4,11266,5,0
2011-10-14 05,5,11658,5,0
2011-10-14 06,6,12136,5,0
2011-10-14 07,7,13633,5,0
2011-10-14 08,8,15274,5,0
2011-10-14 09,9,16382,5,0
2011-10-14 10,10,16410,5,0
2011-10-14 11,11,15988,5,0
2011-10-14 12,12,16104,5,0
2011-10-14 13,13,16268,5,0
2011-10-14 14,14,16209,5,0
2011-10-14 15,15,16262,5,0
2011-10-14 16,16,16466,5,0
2011-10-14 17,17,16210,5,0
2011-10-14 18,18,16323,5,0
2011-10-14 19,19,15842,5,0
2011-10-14 20,20,15404,5,0
2011-10-14 21,21,14944,5,0
2011-10-14 22,22,14149,5,0
2011-10-14 23,23,13310,5,0
2011-10-15 00,0,12151,6,1
2011-10-15 01,1,11805,6,1
2011-10-15 02,2,11433,6,1
2011-10-15 03,3,11206,6,1
2011-10-15 04,4,11143,6,1
2011-10-15 05,5,11391,6,1
2011-10-15 06,6,11508,6,1
2011-10-15 07,7,12778,6,1
2011-10-15 08,8,14322,6,1
2011-10-15 09,9,15186,6,1
2011-10-15 10,10,15362,6,1
2011-10-15 11,11,15298,6,1
2011-10-15 12,12,14719,6,1
2011-10-15 13,13,14970,6,1
2011-10-15 14,14,14974,6,1
2011-10-15 15,15,15013,6,1
2011-10-15 16,16,15111,6,1
2011-10-15 17,17,14859,6,1
2011-10-15 18,18,15154,6,1
2011-10-15 19,19,15121,6,1
2011-10-15 20,20,14811,6,1
2011-10-15 21,21,14341,6,1
2011-10-15 22,22,13715,6,1
2011-10-15 23,23,12849,6,1
2011-10-16 00,0,12095,7,1
2011-10-16 01,1,11236,7,1
2011-10-16 02,2,10808,7,1
2011-10-16 03,3,10746,7,1
2011-10-16 04,4,10684,7,1
2011-10-16 05,5,10921,7,1
2011-10-16 06,6,10940,7,1
2011-10-16 07,7,11859,7,1
2011-10-16 08,8,13184,7,1
2011-10-16 09,9,13753,7,1
2011-10-16 10,10,14081,7,1
2011-10-16 11,11,13966,7,1
2011-10-16 12,12,13597,7,1
2011-10-16 13,13,13735,7,1
2011-10-16 14,14,13686,7,1
2011-10-16 15,15,13861,7,1
2011-10-16 16,16,13956,7,1
2011-10-16 17,17,14181,7,1
2011-10-16 18,18,14364,7,1
2011-10-16 19,19,14382,7,1
2011-10-16 20,20,14104,7,1
2011-10-16 21,21,13816,7,1
2011-10-16 22,22,13012,7,1
2011-10-16 23,23,12239,7,1
2011-10-17 00,0,11479,1,0
2011-10-17 01,1,10701,1,0
2011-10-17 02,2,10601,1,0
2011-10-17 03,3,10354,1,0
2011-10-17 04,4,10447,1,0
2011-10-17 05,5,10975,1,0
2011-10-17 06,6,11748,1,0
2011-10-17 07,7,13480,1,0
2011-10-17 08,8,15313,1,0
2011-10-17 09,9,16037,1,0
2011-10-17 10,10,16187,1,0
2011-10-17 11,11,15864,1,0
2011-10-17 12,12,15526,1,0
2011-10-17 13,13,15828,1,0
2011-10-17 14,14,15772,1,0
2011-10-17 15,15,15700,1,0
2011-10-17 16,16,15782,1,0
2011-10-17 17,17,15877,1,0
2011-10-17 18,18,15871,1,0
2011-10-17 19,19,15703,1,0
2011-10-17 20,20,15133,1,0
2011-10-17 21,21,14765,1,0
2011-10-17 22,22,14098,1,0
2011-10-17 23,23,13329,1,0
2011-10-18 00,0,12332,2,0
2011-10-18 01,1,11568,2,0
2011-10-18 02,2,11132,2,0
2011-10-18 03,3,10988,2,0
2011-10-18 04,4,10905,2,0
2011-10-18 05,5,11425,2,0
2011-10-18 06,6,12139,2,0
2011-10-18 07,7,13634,2,0
2011-10-18 08,8,15253,2,0
2011-10-18 09,9,15973,2,0
2011-10-18 10,10,16097,2,0
2011-10-18 11,11,15521,2,0
2011-10-18 12,12,15326,2,0
2011-10-18 13,13,15578,2,0
2011-10-18 14,14,15552,2,0
2011-10-18 15,15,15506,2,0
2011-10-18 16,16,15581,2,0
2011-10-18 17,17,15676,2,0
2011-10-18 18,18,15671,2,0
2011-10-18 19,19,15467,2,0
2011-10-18 20,20,14948,2,0
2011-10-18 21,21,14574,2,0
2011-10-18 22,22,14020,2,0
2011-10-18 23,23,13180,2,0
2011-10-19 00,0,12231,3,0
2011-10-19 01,1,11447,3,0
2011-10-19 02,2,10942,3,0
2011-10-19 03,3,10819,3,0
2011-10-19 04,4,10792,3,0
2011-10-19 05,5,11196,3,0
2011-10-19 06,6,11878,3,0
2011-10-19 07,7,13109,3,0
2011-10-19 08,8,15056,3,0
2011-10-19 09,9,15897,3,0
2011-10-19 10,10,16064,3,0
2011-10-19 11,11,15574,3,0
2011-10-19 12,12,15049,3,0
2011-10-19 13,13,15243,3,0
2011-10-19 14,14,15296,3,0
2011-10-19 15,15,15258,3,0
2011-10-19 16,16,15351,3,0
2011-10-19 17,17,15443,3,0
2011-10-19 18,18,15451,3,0
2011-10-19 19,19,15246,3,0
2011-10-19 20,20,14763,3,0
2011-10-19 21,21,14434,3,0
2011-10-19 22,22,13822,3,0
2011-10-19 23,23,12955,3,0
2011-10-20 00,0,11832,4,0
2011-10-20 01,1,11368,4,0
2011-10-20 02,2,10936,4,0
2011-10-20 03,3,10877,4,0
2011-10-20 04,4,10865,4,0
2011-10-20 05,5,11368,4,0
2011-10-20 06,6,11910,4,0
2011-10-20 07,7,13169,4,0
2011-10-20 08,8,14932,4,0
2011-10-20 09,9,16075,4,0
2011-10-20 10,10,16286,4,0
2011-10-20 11,11,15849,4,0
2011-10-20 12,12,15105,4,0
2011-10-20 13,13,15498,4,0
2011-10-20 14,14,15638,4,0
2011-10-20 15,15,15591,4,0
2011-10-20 16,16,15658,4,0
2011-10-20 17,17,15876,4,0
2011-10-20 18,18,15888,4,0
2011-10-20 19,19,15659,4,0
2011-10-20 20,20,14954,4,0
2011-10-20 21,21,14424,4,0
2011-10-20 22,22,13851,4,0
2011-10-20 23,23,12755,4,0
2011-10-21 00,0,11752,5,0
2011-10-21 01,1,11365,5,0
2011-10-21 02,2,10936,5,0
2011-10-21 03,3,10877,5,0
2011-10-21 04,4,10859,5,0
2011-10-21 05,5,11368,5,0
2011-10-21 06,6,11905,5,0
2011-10-21 07,7,13169,5,0
2011-10-21 08,8,14932,5,0
2011-10-21 09,9,16063,5,0
2011-10-21 10,10,16346,5,0
2011-10-21 11,11,15823,5,0
2011-10-21 12,12,15105,5,0
2011-10-21 13,13,15407,5,0
2011-10-21 14,14,15436,5,0
2011-10-21 15,15,15381,5,0
2011-10-21 16,16,15449,5,0
2011-10-21 17,17,15528,5,0
2011-10-21 18,18,15730,5,0
2011-10-21 19,19,15500,5,0
2011-10-21 20,20,14788,5,0
2011-10-21 21,21,14486,5,0
2011-10-21 22,22,13576,5,0
2011-10-21 23,23,12725,5,0
2011-10-22 00,0,12060,6,1
2011-10-22 01,1,11652,6,1
2011-10-22 02,2,11269,6,1
2011-10-22 03,3,10959,6,1
2011-10-22 04,4,10867,6,1
2011-10-22 05,5,11227,6,1
2011-10-22 06,6,11515,6,1
2011-10-22 07,7,12639,6,1
2011-10-22 08,8,13824,6,1
2011-10-22 09,9,14544,6,1
2011-10-22 10,10,14842,6,1
2011-10-22 11,11,14625,6,1
2011-10-22 12,12,14144,6,1
2011-10-22 13,13,14306,6,1
2011-10-22 14,14,14286,6,1
2011-10-22 15,15,14408,6,1
2011-10-22 16,16,14377,6,1
2011-10-22 17,17,14918,6,1
2011-10-22 18,18,14864,6,1
2011-10-22 19,19,14724,6,1
2011-10-22 20,20,14202,6,1
2011-10-22 21,21,13917,6,1
2011-10-22 22,22,13300,6,1
2011-10-22 23,23,12491,6,1
2011-10-23 00,0,11614,7,1
2011-10-23 01,1,11155,7,1
2011-10-23 02,2,10838,7,1
2011-10-23 03,3,10596,7,1
2011-10-23 04,4,10515,7,1
2011-10-23 05,5,10810,7,1
2011-10-23 06,6,10863,7,1
2011-10-23 07,7,11497,7,1
2011-10-23 08,8,12532,7,1
2011-10-23 09,9,13278,7,1
2011-10-23 10,10,13498,7,1
2011-10-23 11,11,13421,7,1
2011-10-23 12,12,13117,7,1
2011-10-23 13,13,13287,7,1
2011-10-23 14,14,12966,7,1
2011-10-23 15,15,13185,7,1
2011-10-23 16,16,13334,7,1
2011-10-23 17,17,14233,7,1
2011-10-23 18,18,14170,7,1
2011-10-23 19,19,13858,7,1
2011-10-23 20,20,13682,7,1
2011-10-23 21,21,13202,7,1
2011-10-23 22,22,12501,7,1
2011-10-23 23,23,11763,7,1
2011-10-24 00,0,10929,1,0
2011-10-24 01,1,10620,1,0
2011-10-24 02,2,10332,1,0
2011-10-24 03,3,10197,1,0
2011-10-24 04,4,10259,1,0
2011-10-24 05,5,10784,1,0
2011-10-24 06,6,11406,1,0
2011-10-24 07,7,13089,1,0
2011-10-24 08,8,15011,1,0
2011-10-24 09,9,16071,1,0
2011-10-24 10,10,16235,1,0
2011-10-24 11,11,15777,1,0
2011-10-24 12,12,15501,1,0
2011-10-24 13,13,15652,1,0
2011-10-24 14,14,15657,1,0
2011-10-24 15,15,15742,1,0
2011-10-24 16,16,15972,1,0
2011-10-24 17,17,16044,1,0
2011-10-24 18,18,15871,1,0
2011-10-24 19,19,15541,1,0
2011-10-24 20,20,15098,1,0
2011-10-24 21,21,14538,1,0
2011-10-24 22,22,13789,1,0
2011-10-24 23,23,13015,1,0
2011-10-25 00,0,11902,2,0
2011-10-25 01,1,11653,2,0
2011-10-25 02,2,11365,2,0
2011-10-25 03,3,10991,2,0
2011-10-25 04,4,11024,2,0
2011-10-25 05,5,11411,2,0
2011-10-25 06,6,11850,2,0
2011-10-25 07,7,13258,2,0
2011-10-25 08,8,15088,2,0
2011-10-25 09,9,15752,2,0
2011-10-25 10,10,15713,2,0
2011-10-25 11,11,15512,2,0
2011-10-25 12,12,15475,2,0
2011-10-25 13,13,15698,2,0
2011-10-25 14,14,15692,2,0
2011-10-25 15,15,15626,2,0
2011-10-25 16,16,15776,2,0
2011-10-25 17,17,15841,2,0
2011-10-25 18,18,15812,2,0
2011-10-25 19,19,15447,2,0
2011-10-25 20,20,14965,2,0
2011-10-25 21,21,14554,2,0
2011-10-25 22,22,13968,2,0
2011-10-25 23,23,13051,2,0
2011-10-26 00,0,11986,3,0
2011-10-26 01,1,11300,3,0
2011-10-26 02,2,10997,3,0
2011-10-26 03,3,10646,3,0
2011-10-26 04,4,10688,3,0
2011-10-26 05,5,11050,3,0
2011-10-26 06,6,11490,3,0
2011-10-26 07,7,13085,3,0
2011-10-26 08,8,14888,3,0
2011-10-26 09,9,15679,3,0
2011-10-26 10,10,15822,3,0
2011-10-26 11,11,15586,3,0
2011-10-26 12,12,15269,3,0
2011-10-26 13,13,15498,3,0
2011-10-26 14,14,15492,3,0
2011-10-26 15,15,15326,3,0
2011-10-26 16,16,15445,3,0
2011-10-26 17,17,15551,3,0
2011-10-26 18,18,15513,3,0
2011-10-26 19,19,15246,3,0
2011-10-26 20,20,14755,3,0
2011-10-26 21,21,14354,3,0
2011-10-26 22,22,13768,3,0
2011-10-26 23,23,12848,3,0
2011-10-27 00,0,11783,4,0
2011-10-27 01,1,11270,4,0
2011-10-27 02,2,10955,4,0
2011-10-27 03,3,10786,4,0
2011-10-27 04,4,10862,4,0
2011-10-27 05,5,11317,4,0
2011-10-27 06,6,11720,4,0
2011-10-27 07,7,12909,4,0
2011-10-27 08,8,14680,4,0
2011-10-27 09,9,15536,4,0
2011-10-27 10,10,15898,4,0
2011-10-27 11,11,15519,4,0
2011-10-27 12,12,15018,4,0
2011-10-27 13,13,15212,4,0
2011-10-27 14,14,15184,4,0
2011-10-27 15,15,15302,4,0
2011-10-27 16,16,15499,4,0
2011-10-27 17,17,15660,4,0
2011-10-27 18,18,15654,4,0
2011-10-27 19,19,15384,4,0
2011-10-27 20,20,14957,4,0
2011-10-27 21,21,14426,4,0
2011-10-27 22,22,13725,4,0
2011-10-27 23,23,12782,4,0
2011-10-28 00,0,11777,5,0
2011-10-28 01,1,11270,5,0
2011-10-28 02,2,10955,5,0
2011-10-28 03,3,10789,5,0
2011-10-28 04,4,10862,5,0
2011-10-28 05,5,11313,5,0
2011-10-28 06,6,11716,5,0
2011-10-28 07,7,12909,5,0
2011-10-28 08,8,14687,5,0
2011-10-28 09,9,15562,5,0
2011-10-28 10,10,15829,5,0
2011-10-28 11,11,15435,5,0
2011-10-28 12,12,15023,5,0
2011-10-28 13,13,15206,5,0
2011-10-28 14,14,15189,5,0
2011-10-28 15,15,15366,5,0
2011-10-28 16,16,15597,5,0
2011-10-28 17,17,15824,5,0
2011-10-28 18,18,15644,5,0
2011-10-28 19,19,15287,5,0
2011-10-28 20,20,14848,5,0
2011-10-28 21,21,14471,5,0
2011-10-28 22,22,13858,5,0
2011-10-28 23,23,12907,5,0
2011-10-29 00,0,11767,6,1
2011-10-29 01,1,11271,6,1
2011-10-29 02,2,11005,6,1
2011-10-29 03,3,10849,6,1
2011-10-29 04,4,10640,6,1
2011-10-29 05,5,11017,6,1
2011-10-29 06,6,11208,6,1
2011-10-29 07,7,12162,6,1
2011-10-29 08,8,13492,6,1
2011-10-29 09,9,14429,6,1
2011-10-29 10,10,14558,6,1
2011-10-29 11,11,14292,6,1
2011-10-29 12,12,13846,6,1
2011-10-29 13,13,14038,6,1
2011-10-29 14,14,14100,6,1
2011-10-29 15,15,14213,6,1
2011-10-29 16,16,14068,6,1
2011-10-29 17,17,14526,6,1
2011-10-29 18,18,14441,6,1
2011-10-29 19,19,14276,6,1
2011-10-29 20,20,14035,6,1
2011-10-29 21,21,13660,6,1
2011-10-29 22,22,13150,6,1
2011-10-29 23,23,12322,6,1
2011-10-30 00,0,11319,7,1
2011-10-30 01,1,10736,7,1
2011-10-30 02,2,10596,7,1
2011-10-30 03,3,10349,7,1
2011-10-30 04,4,10230,7,1
2011-10-30 05,5,10595,7,1
2011-10-30 06,6,10624,7,1
2011-10-30 07,7,11249,7,1
2011-10-30 08,8,12318,7,1
2011-10-30 09,9,13124,7,1
2011-10-30 10,10,13378,7,1
2011-10-30 11,11,13247,7,1
2011-10-30 12,12,12925,7,1
2011-10-30 13,13,12974,7,1
2011-10-30 14,14,12891,7,1
2011-10-30 15,15,13016,7,1
2011-10-30 16,16,13254,7,1
2011-10-30 17,17,13976,7,1
2011-10-30 18,18,13879,7,1
2011-10-30 19,19,13713,7,1
2011-10-30 20,20,13379,7,1
2011-10-30 21,21,13174,7,1
2011-10-30 22,22,12574,7,1
2011-10-30 23,23,11659,7,1
2011-10-31 00,0,10696,1,0
2011-10-31 01,1,10233,1,0
2011-10-31 02,2,9867,1,0
2011-10-31 03,3,9700,1,0
2011-10-31 04,4,9761,1,0
2011-10-31 05,5,10393,1,0
2011-10-31 06,6,11075,1,0
2011-10-31 07,7,12713,1,0
2011-10-31 08,8,14610,1,0
2011-10-31 09,9,15296,1,0
2011-10-31 10,10,15556,1,0
2011-10-31 11,11,15150,1,0
2011-10-31 12,12,15076,1,0
2011-10-31 13,13,15188,1,0
2011-10-31 14,14,15126,1,0
2011-10-31 15,15,15258,1,0
2011-10-31 16,16,15585,1,0
2011-10-31 17,17,15624,1,0
2011-10-31 18,18,15376,1,0
2011-10-31 19,19,15168,1,0
2011-10-31 20,20,14907,1,0
2011-10-31 21,21,14476,1,0
2011-10-31 22,22,13883,1,0
2011-10-31 23,23,12942,1,0
2011-11-01 00,0,12084,2,0
2011-11-01 01,1,11516,2,0
2011-11-01 02,2,11129,2,0
2011-11-01 03,3,10954,2,0
2011-11-01 04,4,10902,2,0
2011-11-01 05,5,11290,2,0
2011-11-01 06,6,11774,2,0
2011-11-01 07,7,13135,2,0
2011-11-01 08,8,14879,2,0
2011-11-01 09,9,15680,2,0
2011-11-01 10,10,16002,2,0
2011-11-01 11,11,15504,2,0
2011-11-01 12,12,15024,2,0
2011-11-01 13,13,15256,2,0
2011-11-01 14,14,15226,2,0
2011-11-01 15,15,15416,2,0
2011-11-01 16,16,15543,2,0
2011-11-01 17,17,15882,2,0
2011-11-01 18,18,15786,2,0
2011-11-01 19,19,15368,2,0
2011-11-01 20,20,14887,2,0
2011-11-01 21,21,14411,2,0
2011-11-01 22,22,13845,2,0
2011-11-01 23,23,12943,2,0
2011-11-02 00,0,12084,3,0
2011-11-02 01,1,11513,3,0
2011-11-02 02,2,11129,3,0
2011-11-02 03,3,10954,3,0
2011-11-02 04,4,10902,3,0
2011-11-02 05,5,11290,3,0
2011-11-02 06,6,11774,3,0
2011-11-02 07,7,13135,3,0
2011-11-02 08,8,14879,3,0
2011-11-02 09,9,16070,3,0
2011-11-02 10,10,16389,3,0
2011-11-02 11,11,15891,3,0
2011-11-02 12,12,15091,3,0
2011-11-02 13,13,15276,3,0
2011-11-02 14,14,15346,3,0
2011-11-02 15,15,15423,3,0
2011-11-02 16,16,15744,3,0
2011-11-02 17,17,16113,3,0
2011-11-02 18,18,15964,3,0
2011-11-02 19,19,15328,3,0
2011-11-02 20,20,14896,3,0
2011-11-02 21,21,14411,3,0
2011-11-02 22,22,13849,3,0
2011-11-02 23,23,12940,3,0
2011-11-03 00,0,12084,4,0
2011-11-03 01,1,11514,4,0
2011-11-03 02,2,11200,4,0
2011-11-03 03,3,11054,4,0
2011-11-03 04,4,11072,4,0
2011-11-03 05,5,11564,4,0
2011-11-03 06,6,12053,4,0
2011-11-03 07,7,13497,4,0
2011-11-03 08,8,15401,4,0
2011-11-03 09,9,16102,4,0
2011-11-03 10,10,16357,4,0
2011-11-03 11,11,15927,4,0
2011-11-03 12,12,15390,4,0
2011-11-03 13,13,15575,4,0
2011-11-03 14,14,15619,4,0
2011-11-03 15,15,15695,4,0
2011-11-03 16,16,15991,4,0
2011-11-03 17,17,16450,4,0
2011-11-03 18,18,16190,4,0
2011-11-03 19,19,15767,4,0
2011-11-03 20,20,15386,4,0
2011-11-03 21,21,14870,4,0
2011-11-03 22,22,14046,4,0
2011-11-03 23,23,13046,4,0
2011-11-04 00,0,12141,5,0
2011-11-04 01,1,11421,5,0
2011-11-04 02,2,11065,5,0
2011-11-04 03,3,10896,5,0
2011-11-04 04,4,11028,5,0
2011-11-04 05,5,11394,5,0
2011-11-04 06,6,11904,5,0
2011-11-04 07,7,13363,5,0
2011-11-04 08,8,15299,5,0
2011-11-04 09,9,16409,5,0
2011-11-04 10,10,16668,5,0
2011-11-04 11,11,16520,5,0
2011-11-04 12,12,15583,5,0
2011-11-04 13,13,15875,5,0
2011-11-04 14,14,15773,5,0
2011-11-04 15,15,15998,5,0
2011-11-04 16,16,16221,5,0
2011-11-04 17,17,16683,5,0
2011-11-04 18,18,16409,5,0
2011-11-04 19,19,15878,5,0
2011-11-04 20,20,15206,5,0
2011-11-04 21,21,14827,5,0
2011-11-04 22,22,13900,5,0
2011-11-04 23,23,12869,5,0
2011-11-05 00,0,12137,6,1
2011-11-05 01,1,11636,6,1
2011-11-05 02,2,11234,6,1
2011-11-05 03,3,11128,6,1
2011-11-05 04,4,10961,6,1
2011-11-05 05,5,11441,6,1
2011-11-05 06,6,11434,6,1
2011-11-05 07,7,13093,6,1
2011-11-05 08,8,14462,6,1
2011-11-05 09,9,15197,6,1
2011-11-05 10,10,15441,6,1
2011-11-05 11,11,15088,6,1
2011-11-05 12,12,14724,6,1
2011-11-05 13,13,15064,6,1
2011-11-05 14,14,14838,6,1
2011-11-05 15,15,15100,6,1
2011-11-05 16,16,15495,6,1
2011-11-05 17,17,15564,6,1
2011-11-05 18,18,15394,6,1
2011-11-05 19,19,15068,6,1
2011-11-05 20,20,14826,6,1
2011-11-05 21,21,14529,6,1
2011-11-05 22,22,13989,6,1
2011-11-05 23,23,12907,6,1
2011-11-06 00,0,11996,7,1
2011-11-06 01,1,11227,7,1
2011-11-06 02,2,10851,7,1
2011-11-06 03,3,10698,7,1
2011-11-06 04,4,10500,7,1
2011-11-06 05,5,10970,7,1
2011-11-06 06,6,11180,7,1
2011-11-06 07,7,11935,7,1
2011-11-06 08,8,13198,7,1
2011-11-06 09,9,13842,7,1
2011-11-06 10,10,14171,7,1
2011-11-06 11,11,14128,7,1
2011-11-06 12,12,13569,7,1
2011-11-06 13,13,13643,7,1
2011-11-06 14,14,13719,7,1
2011-11-06 15,15,13588,7,1
2011-11-06 16,16,14098,7,1
2011-11-06 17,17,14800,7,1
2011-11-06 18,18,14552,7,1
2011-11-06 19,19,14378,7,1
2011-11-06 20,20,14152,7,1
2011-11-06 21,21,14018,7,1
2011-11-06 22,22,12960,7,1
2011-11-06 23,23,12140,7,1
2011-11-07 00,0,11121,1,0
2011-11-07 01,1,10896,1,0
2011-11-07 02,2,10578,1,0
2011-11-07 03,3,10457,1,0
2011-11-07 04,4,10402,1,0
2011-11-07 05,5,11183,1,0
2011-11-07 06,6,11403,1,0
2011-11-07 07,7,12955,1,0
2011-11-07 08,8,15029,1,0
2011-11-07 09,9,15846,1,0
2011-11-07 10,10,16190,1,0
2011-11-07 11,11,15775,1,0
2011-11-07 12,12,15319,1,0
2011-11-07 13,13,15520,1,0
2011-11-07 14,14,15628,1,0
2011-11-07 15,15,15616,1,0
2011-11-07 16,16,15840,1,0
2011-11-07 17,17,16001,1,0
2011-11-07 18,18,16003,1,0
2011-11-07 19,19,15662,1,0
2011-11-07 20,20,15272,1,0
2011-11-07 21,21,14718,1,0
2011-11-07 22,22,13761,1,0
2011-11-07 23,23,12822,1,0
2011-11-08 00,0,11944,2,0
2011-11-08 01,1,11095,2,0
2011-11-08 02,2,10774,2,0
2011-11-08 03,3,10652,2,0
2011-11-08 04,4,10596,2,0
2011-11-08 05,5,11383,2,0
2011-11-08 06,6,11597,2,0
2011-11-08 07,7,12955,2,0
2011-11-08 08,8,15022,2,0
2011-11-08 09,9,15864,2,0
2011-11-08 10,10,16090,2,0
2011-11-08 11,11,15696,2,0
2011-11-08 12,12,15319,2,0
2011-11-08 13,13,15520,2,0
2011-11-08 14,14,15619,2,0
2011-11-08 15,15,15710,2,0
2011-11-08 16,16,15949,2,0
2011-11-08 17,17,16133,2,0
2011-11-08 18,18,15951,2,0
2011-11-08 19,19,15714,2,0
2011-11-08 20,20,15372,2,0
2011-11-08 21,21,14823,2,0
2011-11-08 22,22,13873,2,0
2011-11-08 23,23,12722,2,0
2011-11-09 00,0,11844,3,0
2011-11-09 01,1,11499,3,0
2011-11-09 02,2,11178,3,0
2011-11-09 03,3,10980,3,0
2011-11-09 04,4,11002,3,0
2011-11-09 05,5,11783,3,0
2011-11-09 06,6,11898,3,0
2011-11-09 07,7,13150,3,0
2011-11-09 08,8,15029,3,0
2011-11-09 09,9,16089,3,0
2011-11-09 10,10,16162,3,0
2011-11-09 11,11,15789,3,0
2011-11-09 12,12,15419,3,0
2011-11-09 13,13,15620,3,0
2011-11-09 14,14,15728,3,0
2011-11-09 15,15,15710,3,0
2011-11-09 16,16,15930,3,0
2011-11-09 17,17,16142,3,0
2011-11-09 18,18,15831,3,0
2011-11-09 19,19,15551,3,0
2011-11-09 20,20,15183,3,0
2011-11-09 21,21,14623,3,0
2011-11-09 22,22,13960,3,0
2011-11-09 23,23,12822,3,0
2011-11-10 00,0,11944,4,0
2011-11-10 01,1,11480,4,0
2011-11-10 02,2,11173,4,0
2011-11-10 03,3,10941,4,0
2011-11-10 04,4,11060,4,0
2011-11-10 05,5,11443,4,0
2011-11-10 06,6,11809,4,0
2011-11-10 07,7,13167,4,0
2011-11-10 08,8,15129,4,0
2011-11-10 09,9,15904,4,0
2011-11-10 10,10,16158,4,0
2011-11-10 11,11,15716,4,0
2011-11-10 12,12,15244,4,0
2011-11-10 13,13,15441,4,0
2011-11-10 14,14,15379,4,0
2011-11-10 15,15,15554,4,0
2011-11-10 16,16,15832,4,0
2011-11-10 17,17,16087,4,0
2011-11-10 18,18,15940,4,0
2011-11-10 19,19,15360,4,0
2011-11-10 20,20,14882,4,0
2011-11-10 21,21,14372,4,0
2011-11-10 22,22,13675,4,0
2011-11-10 23,23,12676,4,0
2011-11-11 00,0,11765,5,0
2011-11-11 01,1,11380,5,0
2011-11-11 02,2,11073,5,0
2011-11-11 03,3,10841,5,0
2011-11-11 04,4,10856,5,0
2011-11-11 05,5,11542,5,0
2011-11-11 06,6,11704,5,0
2011-11-11 07,7,13074,5,0
2011-11-11 08,8,14929,5,0
2011-11-11 09,9,15853,5,0
2011-11-11 10,10,16152,5,0
2011-11-11 11,11,15673,5,0
2011-11-11 12,12,15138,5,0
2011-11-11 13,13,15333,5,0
2011-11-11 14,14,15285,5,0
2011-11-11 15,15,15560,5,0
2011-11-11 16,16,15742,5,0
2011-11-11 17,17,15808,5,0
2011-11-11 18,18,15675,5,0
2011-11-11 19,19,15360,5,0
2011-11-11 20,20,14871,5,0
2011-11-11 21,21,14372,5,0
2011-11-11 22,22,13593,5,0
2011-11-11 23,23,12676,5,0
2011-11-12 00,0,11768,6,1
2011-11-12 01,1,11557,6,1
2011-11-12 02,2,11046,6,1
2011-11-12 03,3,10944,6,1
2011-11-12 04,4,10916,6,1
2011-11-12 05,5,11093,6,1
2011-11-12 06,6,11263,6,1
2011-11-12 07,7,12288,6,1
2011-11-12 08,8,13649,6,1
2011-11-12 09,9,14438,6,1
2011-11-12 10,10,14726,6,1
2011-11-12 11,11,14547,6,1
2011-11-12 12,12,14125,6,1
2011-11-12 13,13,14267,6,1
2011-11-12 14,14,14251,6,1
2011-11-12 15,15,14317,6,1
2011-11-12 16,16,14427,6,1
2011-11-12 17,17,14921,6,1
2011-11-12 18,18,14838,6,1
2011-11-12 19,19,14539,6,1
2011-11-12 20,20,14262,6,1
2011-11-12 21,21,13806,6,1
2011-11-12 22,22,13447,6,1
2011-11-12 23,23,12672,6,1
2011-11-13 00,0,11636,7,1
2011-11-13 01,1,11151,7,1
2011-11-13 02,2,10876,7,1
2011-11-13 03,3,10587,7,1
2011-11-13 04,4,10515,7,1
2011-11-13 05,5,10879,7,1
2011-11-13 06,6,10808,7,1
2011-11-13 07,7,11526,7,1
2011-11-13 08,8,12488,7,1
2011-11-13 09,9,13297,7,1
2011-11-13 10,10,13674,7,1
2011-11-13 11,11,13453,7,1
2011-11-13 12,12,13143,7,1
2011-11-13 13,13,13139,7,1
2011-11-13 14,14,13104,7,1
2011-11-13 15,15,13187,7,1
2011-11-13 16,16,13600,7,1
2011-11-13 17,17,14273,7,1
2011-11-13 18,18,14099,7,1
2011-11-13 19,19,14067,7,1
2011-11-13 20,20,13782,7,1
2011-11-13 21,21,13234,7,1
2011-11-13 22,22,12823,7,1
2011-11-13 23,23,11876,7,1
2011-11-14 00,0,11128,1,0
2011-11-14 01,1,10647,1,0
2011-11-14 02,2,10307,1,0
2011-11-14 03,3,10241,1,0
2011-11-14 04,4,10369,1,0
2011-11-14 05,5,10952,1,0
2011-11-14 06,6,11416,1,0
2011-11-14 07,7,12982,1,0
2011-11-14 08,8,14903,1,0
2011-11-14 09,9,15679,1,0
2011-11-14 10,10,15931,1,0
2011-11-14 11,11,15695,1,0
2011-11-14 12,12,15294,1,0
2011-11-14 13,13,15535,1,0
2011-11-14 14,14,15550,1,0
2011-11-14 15,15,15647,1,0
2011-11-14 16,16,15933,1,0
2011-11-14 17,17,16174,1,0
2011-11-14 18,18,15965,1,0
2011-11-14 19,19,15577,1,0
2011-11-14 20,20,15033,1,0
2011-11-14 21,21,14520,1,0
2011-11-14 22,22,13774,1,0
2011-11-14 23,23,12783,1,0
2011-11-15 00,0,11980,2,0
2011-11-15 01,1,11690,2,0
2011-11-15 02,2,11129,2,0
2011-11-15 03,3,10931,2,0
2011-11-15 04,4,10876,2,0
2011-11-15 05,5,11454,2,0
2011-11-15 06,6,11905,2,0
2011-11-15 07,7,13154,2,0
2011-11-15 08,8,14981,2,0
2011-11-15 09,9,15673,2,0
2011-11-15 10,10,15882,2,0
2011-11-15 11,11,15496,2,0
2011-11-15 12,12,15294,2,0
2011-11-15 13,13,15385,2,0
2011-11-15 14,14,15186,2,0
2011-11-15 15,15,15426,2,0
2011-11-15 16,16,15660,2,0
2011-11-15 17,17,15893,2,0
2011-11-15 18,18,15838,2,0
2011-11-15 19,19,15527,2,0
2011-11-15 20,20,14935,2,0
2011-11-15 21,21,14612,2,0
2011-11-15 22,22,13921,2,0
2011-11-15 23,23,13098,2,0
2011-11-16 00,0,12074,3,0
2011-11-16 01,1,11694,3,0
2011-11-16 02,2,11129,3,0
2011-11-16 03,3,10931,3,0
2011-11-16 04,4,10872,3,0
2011-11-16 05,5,11454,3,0
2011-11-16 06,6,11818,3,0
2011-11-16 07,7,13047,3,0
2011-11-16 08,8,14677,3,0
2011-11-16 09,9,15663,3,0
2011-11-16 10,10,16138,3,0
2011-11-16 11,11,15631,3,0
2011-11-16 12,12,14896,3,0
2011-11-16 13,13,15237,3,0
2011-11-16 14,14,15216,3,0
2011-11-16 15,15,15356,3,0
2011-11-16 16,16,15751,3,0
2011-11-16 17,17,16201,3,0
2011-11-16 18,18,15972,3,0
2011-11-16 19,19,15527,3,0
2011-11-16 20,20,14945,3,0
2011-11-16 21,21,14612,3,0
2011-11-16 22,22,13921,3,0
2011-11-16 23,23,13095,3,0
2011-11-17 00,0,12074,4,0
2011-11-17 01,1,11619,4,0
2011-11-17 02,2,11205,4,0
2011-11-17 03,3,11183,4,0
2011-11-17 04,4,11289,4,0
2011-11-17 05,5,11784,4,0
2011-11-17 06,6,12091,4,0
2011-11-17 07,7,13184,4,0
2011-11-17 08,8,15101,4,0
2011-11-17 09,9,16102,4,0
2011-11-17 10,10,16420,4,0
2011-11-17 11,11,15974,4,0
2011-11-17 12,12,15169,4,0
2011-11-17 13,13,15428,4,0
2011-11-17 14,14,15442,4,0
2011-11-17 15,15,15682,4,0
2011-11-17 16,16,15920,4,0
2011-11-17 17,17,16559,4,0
2011-11-17 18,18,16539,4,0
2011-11-17 19,19,16054,4,0
2011-11-17 20,20,15409,4,0
2011-11-17 21,21,14819,4,0
2011-11-17 22,22,13933,4,0
2011-11-17 23,23,13039,4,0
2011-11-18 00,0,12217,5,0
2011-11-18 01,1,11989,5,0
2011-11-18 02,2,11616,5,0
2011-11-18 03,3,11306,5,0
2011-11-18 04,4,11362,5,0
2011-11-18 05,5,11923,5,0
2011-11-18 06,6,12280,5,0
2011-11-18 07,7,13632,5,0
2011-11-18 08,8,15408,5,0
2011-11-18 09,9,16487,5,0
2011-11-18 10,10,16658,5,0
2011-11-18 11,11,16275,5,0
2011-11-18 12,12,15794,5,0
2011-11-18 13,13,16177,5,0
2011-11-18 14,14,15962,5,0
2011-11-18 15,15,16057,5,0
2011-11-18 16,16,16450,5,0
2011-11-18 17,17,16553,5,0
2011-11-18 18,18,16418,5,0
2011-11-18 19,19,16031,5,0
2011-11-18 20,20,15532,5,0
2011-11-18 21,21,15110,5,0
2011-11-18 22,22,14479,5,0
2011-11-18 23,23,13672,5,0
2011-11-19 00,0,12628,6,1
2011-11-19 01,1,11872,6,1
2011-11-19 02,2,11427,6,1
2011-11-19 03,3,11275,6,1
2011-11-19 04,4,11272,6,1
2011-11-19 05,5,11664,6,1
2011-11-19 06,6,11652,6,1
2011-11-19 07,7,12190,6,1
2011-11-19 08,8,13576,6,1
2011-11-19 09,9,14311,6,1
2011-11-19 10,10,14612,6,1
2011-11-19 11,11,14468,6,1
2011-11-19 12,12,13907,6,1
2011-11-19 13,13,14123,6,1
2011-11-19 14,14,13920,6,1
2011-11-19 15,15,14043,6,1
2011-11-19 16,16,14283,6,1
2011-11-19 17,17,14725,6,1
2011-11-19 18,18,14798,6,1
2011-11-19 19,19,14518,6,1
2011-11-19 20,20,14242,6,1
2011-11-19 21,21,13968,6,1
2011-11-19 22,22,13399,6,1
2011-11-19 23,23,12617,6,1
2011-11-20 00,0,11602,7,1
2011-11-20 01,1,11096,7,1
2011-11-20 02,2,10958,7,1
2011-11-20 03,3,10470,7,1
2011-11-20 04,4,10660,7,1
2011-11-20 05,5,10937,7,1
2011-11-20 06,6,10824,7,1
2011-11-20 07,7,11465,7,1
2011-11-20 08,8,12542,7,1
2011-11-20 09,9,13089,7,1
2011-11-20 10,10,13500,7,1
2011-11-20 11,11,13413,7,1
2011-11-20 12,12,12989,7,1
2011-11-20 13,13,13107,7,1
2011-11-20 14,14,13054,7,1
2011-11-20 15,15,13088,7,1
2011-11-20 16,16,13550,7,1
2011-11-20 17,17,14310,7,1
2011-11-20 18,18,13990,7,1
2011-11-20 19,19,14001,7,1
2011-11-20 20,20,13652,7,1
2011-11-20 21,21,13331,7,1
2011-11-20 22,22,12389,7,1
2011-11-20 23,23,11858,7,1
2011-11-21 00,0,10983,1,0
2011-11-21 01,1,10632,1,0
2011-11-21 02,2,10370,1,0
2011-11-21 03,3,10193,1,0
2011-11-21 04,4,10375,1,0
2011-11-21 05,5,10897,1,0
2011-11-21 06,6,11688,1,0
2011-11-21 07,7,12839,1,0
2011-11-21 08,8,14528,1,0
2011-11-21 09,9,15746,1,0
2011-11-21 10,10,15985,1,0
2011-11-21 11,11,15577,1,0
2011-11-21 12,12,15050,1,0
2011-11-21 13,13,15176,1,0
2011-11-21 14,14,15141,1,0
2011-11-21 15,15,15221,1,0
2011-11-21 16,16,15651,1,0
2011-11-21 17,17,16102,1,0
2011-11-21 18,18,16066,1,0
2011-11-21 19,19,15606,1,0
2011-11-21 20,20,15131,1,0
2011-11-21 21,21,14555,1,0
2011-11-21 22,22,14037,1,0
2011-11-21 23,23,13105,1,0
2011-11-22 00,0,11969,2,0
2011-11-22 01,1,11416,2,0
2011-11-22 02,2,11123,2,0
2011-11-22 03,3,10987,2,0
2011-11-22 04,4,11135,2,0
2011-11-22 05,5,11587,2,0
2011-11-22 06,6,11854,2,0
2011-11-22 07,7,13045,2,0
2011-11-22 08,8,14730,2,0
2011-11-22 09,9,15886,2,0
2011-11-22 10,10,16097,2,0
2011-11-22 11,11,15749,2,0
2011-11-22 12,12,15285,2,0
2011-11-22 13,13,15503,2,0
2011-11-22 14,14,15385,2,0
2011-11-22 15,15,15400,2,0
2011-11-22 16,16,15636,2,0
2011-11-22 17,17,16123,2,0
2011-11-22 18,18,15971,2,0
2011-11-22 19,19,15718,2,0
2011-11-22 20,20,15285,2,0
2011-11-22 21,21,14677,2,0
2011-11-22 22,22,13778,2,0
2011-11-22 23,23,12873,2,0
2011-11-23 00,0,12036,3,0
2011-11-23 01,1,11603,3,0
2011-11-23 02,2,10913,3,0
2011-11-23 03,3,11073,3,0
2011-11-23 04,4,10889,3,0
2011-11-23 05,5,11682,3,0
2011-11-23 06,6,11989,3,0
2011-11-23 07,7,13399,3,0
2011-11-23 08,8,14918,3,0
2011-11-23 09,9,16170,3,0
2011-11-23 10,10,16303,3,0
2011-11-23 11,11,15994,3,0
2011-11-23 12,12,15208,3,0
2011-11-23 13,13,15417,3,0
2011-11-23 14,14,15339,3,0
2011-11-23 15,15,15625,3,0
2011-11-23 16,16,15813,3,0
2011-11-23 17,17,16113,3,0
2011-11-23 18,18,16086,3,0
2011-11-23 19,19,15859,3,0
2011-11-23 20,20,15414,3,0
2011-11-23 21,21,14842,3,0
2011-11-23 22,22,14092,3,0
2011-11-23 23,23,12884,3,0
2011-11-24 00,0,11980,4,0
2011-11-24 01,1,11550,4,0
2011-11-24 02,2,11208,4,0
2011-11-24 03,3,11183,4,0
2011-11-24 04,4,11035,4,0
2011-11-24 05,5,11629,4,0
2011-11-24 06,6,12036,4,0
2011-11-24 07,7,13405,4,0
2011-11-24 08,8,15198,4,0
2011-11-24 09,9,16375,4,0
2011-11-24 10,10,16513,4,0
2011-11-24 11,11,16144,4,0
2011-11-24 12,12,15434,4,0
2011-11-24 13,13,15764,4,0
2011-11-24 14,14,15766,4,0
2011-11-24 15,15,15769,4,0
2011-11-24 16,16,16021,4,0
2011-11-24 17,17,16601,4,0
2011-11-24 18,18,16573,4,0
2011-11-24 19,19,16099,4,0
2011-11-24 20,20,15399,4,0
2011-11-24 21,21,15059,4,0
2011-11-24 22,22,14356,4,0
2011-11-24 23,23,13324,4,0
2011-11-25 00,0,12394,5,0
2011-11-25 01,1,11621,5,0
2011-11-25 02,2,11166,5,0
2011-11-25 03,3,11114,5,0
2011-11-25 04,4,11165,5,0
2011-11-25 05,5,11696,5,0
2011-11-25 06,6,12104,5,0
2011-11-25 07,7,13271,5,0
2011-11-25 08,8,15056,5,0
2011-11-25 09,9,15946,5,0
2011-11-25 10,10,16391,5,0
2011-11-25 11,11,16078,5,0
2011-11-25 12,12,15468,5,0
2011-11-25 13,13,15720,5,0
2011-11-25 14,14,15691,5,0
2011-11-25 15,15,15674,5,0
2011-11-25 16,16,15936,5,0
2011-11-25 17,17,16309,5,0
2011-11-25 18,18,16024,5,0
2011-11-25 19,19,15854,5,0
2011-11-25 20,20,15360,5,0
2011-11-25 21,21,14913,5,0
2011-11-25 22,22,14140,5,0
2011-11-25 23,23,13074,5,0
2011-11-26 00,0,12217,6,1
2011-11-26 01,1,11625,6,1
2011-11-26 02,2,11197,6,1
2011-11-26 03,3,11027,6,1
2011-11-26 04,4,10990,6,1
2011-11-26 05,5,11400,6,1
2011-11-26 06,6,11397,6,1
2011-11-26 07,7,12211,6,1
2011-11-26 08,8,13686,6,1
2011-11-26 09,9,14421,6,1
2011-11-26 10,10,14807,6,1
2011-11-26 11,11,14395,6,1
2011-11-26 12,12,13931,6,1
2011-11-26 13,13,14135,6,1
2011-11-26 14,14,14065,6,1
2011-11-26 15,15,14179,6,1
2011-11-26 16,16,14363,6,1
2011-11-26 17,17,14997,6,1
2011-11-26 18,18,14904,6,1
2011-11-26 19,19,14482,6,1
2011-11-26 20,20,14396,6,1
2011-11-26 21,21,13825,6,1
2011-11-26 22,22,13299,6,1
2011-11-26 23,23,12483,6,1
2011-11-27 00,0,11644,7,1
2011-11-27 01,1,11087,7,1
2011-11-27 02,2,10913,7,1
2011-11-27 03,3,10664,7,1
2011-11-27 04,4,10601,7,1
2011-11-27 05,5,10924,7,1
2011-11-27 06,6,10892,7,1
2011-11-27 07,7,11670,7,1
2011-11-27 08,8,12754,7,1
2011-11-27 09,9,13418,7,1
2011-11-27 10,10,13650,7,1
2011-11-27 11,11,13500,7,1
2011-11-27 12,12,13134,7,1
2011-11-27 13,13,13131,7,1
2011-11-27 14,14,12944,7,1
2011-11-27 15,15,13179,7,1
2011-11-27 16,16,13726,7,1
2011-11-27 17,17,14431,7,1
2011-11-27 18,18,14450,7,1
2011-11-27 19,19,14046,7,1
2011-11-27 20,20,13832,7,1
2011-11-27 21,21,13682,7,1
2011-11-27 22,22,12842,7,1
2011-11-27 23,23,11883,7,1
2011-11-28 00,0,11032,1,0
2011-11-28 01,1,10542,1,0
2011-11-28 02,2,10080,1,0
2011-11-28 03,3,10083,1,0
2011-11-28 04,4,10280,1,0
2011-11-28 05,5,10689,1,0
2011-11-28 06,6,11409,1,0
2011-11-28 07,7,13353,1,0
2011-11-28 08,8,14896,1,0
2011-11-28 09,9,15769,1,0
2011-11-28 10,10,15868,1,0
2011-11-28 11,11,15485,1,0
2011-11-28 12,12,15349,1,0
2011-11-28 13,13,15642,1,0
2011-11-28 14,14,15610,1,0
2011-11-28 15,15,15550,1,0
2011-11-28 16,16,15808,1,0
2011-11-28 17,17,16182,1,0
2011-11-28 18,18,15878,1,0
2011-11-28 19,19,15801,1,0
2011-11-28 20,20,15259,1,0
2011-11-28 21,21,14913,1,0
2011-11-28 22,22,14155,1,0
2011-11-28 23,23,13059,1,0
2011-11-29 00,0,12173,2,0
2011-11-29 01,1,11522,2,0
2011-11-29 02,2,11032,2,0
2011-11-29 03,3,11093,2,0
2011-11-29 04,4,10975,2,0
2011-11-29 05,5,11644,2,0
2011-11-29 06,6,11932,2,0
2011-11-29 07,7,13421,2,0
2011-11-29 08,8,15021,2,0
2011-11-29 09,9,15830,2,0
2011-11-29 10,10,16156,2,0
2011-11-29 11,11,15910,2,0
2011-11-29 12,12,15383,2,0
2011-11-29 13,13,15670,2,0
2011-11-29 14,14,15645,2,0
2011-11-29 15,15,15586,2,0
2011-11-29 16,16,15846,2,0
2011-11-29 17,17,16220,2,0
2011-11-29 18,18,15885,2,0
2011-11-29 19,19,15830,2,0
2011-11-29 20,20,15299,2,0
2011-11-29 21,21,14955,2,0
2011-11-29 22,22,14201,2,0
2011-11-29 23,23,13103,2,0
2011-11-30 00,0,12217,3,0
2011-11-30 01,1,11277,3,0
2011-11-30 02,2,11005,3,0
2011-11-30 03,3,10747,3,0
2011-11-30 04,4,10829,3,0
2011-11-30 05,5,11514,3,0
2011-11-30 06,6,12336,3,0
2011-11-30 07,7,13579,3,0
2011-11-30 08,8,15482,3,0
2011-11-30 09,9,16311,3,0
2011-11-30 10,10,16386,3,0
2011-11-30 11,11,16140,3,0
2011-11-30 12,12,15603,3,0
2011-11-30 13,13,15866,3,0
2011-11-30 14,14,15846,3,0
2011-11-30 15,15,15878,3,0
2011-11-30 16,16,16297,3,0
2011-11-30 17,17,16490,3,0
2011-11-30 18,18,15907,3,0
2011-11-30 19,19,15794,3,0
2011-11-30 20,20,15594,3,0
2011-11-30 21,21,15276,3,0
2011-11-30 22,22,14368,3,0
2011-11-30 23,23,13291,3,0
2011-12-01 00,0,12434,4,0
2011-12-01 01,1,11522,4,0
2011-12-01 02,2,11250,4,0
2011-12-01 03,3,10990,4,0
2011-12-01 04,4,11071,4,0
2011-12-01 05,5,11757,4,0
2011-12-01 06,6,12380,4,0
2011-12-01 07,7,14232,4,0
2011-12-01 08,8,15844,4,0
2011-12-01 09,9,16345,4,0
2011-12-01 10,10,16544,4,0
2011-12-01 11,11,16348,4,0
2011-12-01 12,12,16427,4,0
2011-12-01 13,13,16523,4,0
2011-12-01 14,14,16695,4,0
2011-12-01 15,15,16877,4,0
2011-12-01 16,16,16976,4,0
2011-12-01 17,17,16943,4,0
2011-12-01 18,18,16883,4,0
2011-12-01 19,19,16775,4,0
2011-12-01 20,20,16325,4,0
2011-12-01 21,21,15854,4,0
2011-12-01 22,22,14934,4,0
2011-12-01 23,23,13824,4,0
2011-12-02 00,0,12818,5,0
2011-12-02 01,1,11582,5,0
2011-12-02 02,2,11454,5,0
2011-12-02 03,3,11295,5,0
2011-12-02 04,4,11222,5,0
2011-12-02 05,5,11678,5,0
2011-12-02 06,6,12088,5,0
2011-12-02 07,7,14003,5,0
2011-12-02 08,8,16179,5,0
2011-12-02 09,9,17542,5,0
2011-12-02 10,10,17750,5,0
2011-12-02 11,11,17448,5,0
2011-12-02 12,12,16148,5,0
2011-12-02 13,13,16402,5,0
2011-12-02 14,14,16224,5,0
2011-12-02 15,15,16369,5,0
2011-12-02 16,16,16861,5,0
2011-12-02 17,17,16747,5,0
2011-12-02 18,18,16448,5,0
2011-12-02 19,19,16096,5,0
2011-12-02 20,20,15670,5,0
2011-12-02 21,21,15212,5,0
2011-12-02 22,22,14604,5,0
2011-12-02 23,23,13506,5,0
2011-12-03 00,0,12709,6,1
2011-12-03 01,1,12240,6,1
2011-12-03 02,2,11869,6,1
2011-12-03 03,3,11583,6,1
2011-12-03 04,4,11567,6,1
2011-12-03 05,5,11975,6,1
2011-12-03 06,6,12276,6,1
2011-12-03 07,7,13382,6,1
2011-12-03 08,8,14954,6,1
2011-12-03 09,9,15714,6,1
2011-12-03 10,10,16000,6,1
2011-12-03 11,11,15690,6,1
2011-12-03 12,12,15015,6,1
2011-12-03 13,13,15017,6,1
2011-12-03 14,14,14877,6,1
2011-12-03 15,15,14846,6,1
2011-12-03 16,16,14832,6,1
2011-12-03 17,17,14996,6,1
2011-12-03 18,18,15748,6,1
2011-12-03 19,19,15721,6,1
2011-12-03 20,20,15443,6,1
2011-12-03 21,21,15296,6,1
2011-12-03 22,22,14671,6,1
2011-12-03 23,23,13695,6,1
2011-12-04 00,0,12680,7,1
2011-12-04 01,1,11885,7,1
2011-12-04 02,2,11409,7,1
2011-12-04 03,3,11255,7,1
2011-12-04 04,4,11074,7,1
2011-12-04 05,5,11293,7,1
2011-12-04 06,6,11606,7,1
2011-12-04 07,7,12565,7,1
2011-12-04 08,8,13694,7,1
2011-12-04 09,9,14314,7,1
2011-12-04 10,10,14538,7,1
2011-12-04 11,11,14325,7,1
2011-12-04 12,12,13622,7,1
2011-12-04 13,13,13762,7,1
2011-12-04 14,14,13532,7,1
2011-12-04 15,15,13513,7,1
2011-12-04 16,16,14090,7,1
2011-12-04 17,17,14224,7,1
2011-12-04 18,18,14982,7,1
2011-12-04 19,19,14958,7,1
2011-12-04 20,20,14914,7,1
2011-12-04 21,21,14599,7,1
2011-12-04 22,22,13789,7,1
2011-12-04 23,23,12540,7,1
2011-12-05 00,0,11898,1,0
2011-12-05 01,1,11258,1,0
2011-12-05 02,2,10786,1,0
2011-12-05 03,3,10541,1,0
2011-12-05 04,4,10628,1,0
2011-12-05 05,5,11072,1,0
2011-12-05 06,6,11876,1,0
2011-12-05 07,7,13169,1,0
2011-12-05 08,8,15312,1,0
2011-12-05 09,9,16790,1,0
2011-12-05 10,10,16945,1,0
2011-12-05 11,11,16476,1,0
2011-12-05 12,12,15917,1,0
2011-12-05 13,13,15979,1,0
2011-12-05 14,14,15916,1,0
2011-12-05 15,15,16118,1,0
2011-12-05 16,16,16602,1,0
2011-12-05 17,17,16918,1,0
2011-12-05 18,18,16739,1,0
2011-12-05 19,19,16309,1,0
2011-12-05 20,20,15578,1,0
2011-12-05 21,21,14722,1,0
2011-12-05 22,22,13941,1,0
2011-12-05 23,23,12996,1,0
2011-12-06 00,0,11900,2,0
2011-12-06 01,1,11415,2,0
2011-12-06 02,2,11130,2,0
2011-12-06 03,3,10889,2,0
2011-12-06 04,4,10886,2,0
2011-12-06 05,5,11436,2,0
2011-12-06 06,6,12118,2,0
2011-12-06 07,7,13539,2,0
2011-12-06 08,8,15645,2,0
2011-12-06 09,9,16539,2,0
2011-12-06 10,10,16909,2,0
2011-12-06 11,11,16567,2,0
2011-12-06 12,12,16016,2,0
2011-12-06 13,13,16095,2,0
2011-12-06 14,14,16034,2,0
2011-12-06 15,15,16457,2,0
2011-12-06 16,16,16834,2,0
2011-12-06 17,17,16969,2,0
2011-12-06 18,18,16720,2,0
2011-12-06 19,19,16373,2,0
2011-12-06 20,20,15673,2,0
2011-12-06 21,21,15265,2,0
2011-12-06 22,22,14546,2,0
2011-12-06 23,23,13614,2,0
2011-12-07 00,0,12529,3,0
2011-12-07 01,1,11758,3,0
2011-12-07 02,2,11677,3,0
2011-12-07 03,3,11368,3,0
2011-12-07 04,4,11277,3,0
2011-12-07 05,5,11673,3,0
2011-12-07 06,6,12318,3,0
2011-12-07 07,7,13753,3,0
2011-12-07 08,8,15741,3,0
2011-12-07 09,9,16890,3,0
2011-12-07 10,10,17066,3,0
2011-12-07 11,11,16738,3,0
2011-12-07 12,12,16187,3,0
2011-12-07 13,13,16365,3,0
2011-12-07 14,14,16255,3,0
2011-12-07 15,15,16526,3,0
2011-12-07 16,16,17192,3,0
2011-12-07 17,17,17057,3,0
2011-12-07 18,18,16836,3,0
2011-12-07 19,19,16527,3,0
2011-12-07 20,20,15986,3,0
2011-12-07 21,21,15610,3,0
2011-12-07 22,22,14788,3,0
2011-12-07 23,23,13525,3,0
2011-12-08 00,0,12510,4,0
2011-12-08 01,1,12022,4,0
2011-12-08 02,2,11843,4,0
2011-12-08 03,3,11630,4,0
2011-12-08 04,4,11548,4,0
2011-12-08 05,5,12046,4,0
2011-12-08 06,6,12654,4,0
2011-12-08 07,7,14212,4,0
2011-12-08 08,8,16426,4,0
2011-12-08 09,9,17918,4,0
2011-12-08 10,10,18444,4,0
2011-12-08 11,11,18103,4,0
2011-12-08 12,12,17266,4,0
2011-12-08 13,13,17224,4,0
2011-12-08 14,14,17030,4,0
2011-12-08 15,15,17645,4,0
2011-12-08 16,16,18182,4,0
2011-12-08 17,17,18089,4,0
2011-12-08 18,18,17657,4,0
2011-12-08 19,19,17188,4,0
2011-12-08 20,20,16624,4,0
2011-12-08 21,21,16103,4,0
2011-12-08 22,22,15460,4,0
2011-12-08 23,23,14595,4,0
2011-12-09 00,0,13333,5,0
2011-12-09 01,1,12840,5,0
2011-12-09 02,2,12316,5,0
2011-12-09 03,3,12233,5,0
2011-12-09 04,4,12135,5,0
2011-12-09 05,5,12667,5,0
2011-12-09 06,6,13265,5,0
2011-12-09 07,7,14788,5,0
2011-12-09 08,8,17180,5,0
2011-12-09 09,9,18469,5,0
2011-12-09 10,10,18690,5,0
2011-12-09 11,11,18320,5,0
2011-12-09 12,12,17799,5,0
2011-12-09 13,13,18166,5,0
2011-12-09 14,14,17945,5,0
2011-12-09 15,15,18172,5,0
2011-12-09 16,16,18540,5,0
2011-12-09 17,17,18443,5,0
2011-12-09 18,18,18083,5,0
2011-12-09 19,19,17635,5,0
2011-12-09 20,20,16718,5,0
2011-12-09 21,21,16254,5,0
2011-12-09 22,22,15482,5,0
2011-12-09 23,23,14622,5,0
2011-12-10 00,0,13515,6,1
2011-12-10 01,1,13342,6,1
2011-12-10 02,2,12900,6,1
2011-12-10 03,3,12519,6,1
2011-12-10 04,4,12405,6,1
2011-12-10 05,5,12728,6,1
2011-12-10 06,6,12771,6,1
2011-12-10 07,7,13979,6,1
2011-12-10 08,8,15926,6,1
2011-12-10 09,9,16669,6,1
2011-12-10 10,10,17197,6,1
2011-12-10 11,11,16994,6,1
2011-12-10 12,12,16619,6,1
2011-12-10 13,13,16731,6,1
2011-12-10 14,14,16640,6,1
2011-12-10 15,15,16563,6,1
2011-12-10 16,16,17346,6,1
2011-12-10 17,17,17982,6,1
2011-12-10 18,18,17996,6,1
2011-12-10 19,19,17843,6,1
2011-12-10 20,20,17681,6,1
2011-12-10 21,21,17333,6,1
2011-12-10 22,22,16588,6,1
2011-12-10 23,23,15512,6,1
2011-12-11 00,0,14140,7,1
2011-12-11 01,1,13352,7,1
2011-12-11 02,2,12650,7,1
2011-12-11 03,3,12292,7,1
2011-12-11 04,4,12197,7,1
2011-12-11 05,5,12614,7,1
2011-12-11 06,6,12535,7,1
2011-12-11 07,7,13736,7,1
2011-12-11 08,8,14898,7,1
2011-12-11 09,9,15965,7,1
2011-12-11 10,10,16559,7,1
2011-12-11 11,11,16342,7,1
2011-12-11 12,12,16166,7,1
2011-12-11 13,13,16046,7,1
2011-12-11 14,14,15833,7,1
2011-12-11 15,15,16062,7,1
2011-12-11 16,16,16680,7,1
2011-12-11 17,17,17421,7,1
2011-12-11 18,18,17507,7,1
2011-12-11 19,19,17360,7,1
2011-12-11 20,20,17333,7,1
2011-12-11 21,21,16949,7,1
2011-12-11 22,22,16000,7,1
2011-12-11 23,23,14820,7,1
2011-12-12 00,0,13488,1,0
2011-12-12 01,1,12817,1,0
2011-12-12 02,2,12127,1,0
2011-12-12 03,3,11980,1,0
2011-12-12 04,4,12076,1,0
2011-12-12 05,5,12559,1,0
2011-12-12 06,6,13345,1,0
2011-12-12 07,7,15163,1,0
2011-12-12 08,8,17458,1,0
2011-12-12 09,9,18991,1,0
2011-12-12 10,10,19294,1,0
2011-12-12 11,11,19006,1,0
2011-12-12 12,12,18076,1,0
2011-12-12 13,13,18072,1,0
2011-12-12 14,14,18072,1,0
2011-12-12 15,15,18174,1,0
2011-12-12 16,16,18606,1,0
2011-12-12 17,17,18939,1,0
2011-12-12 18,18,18613,1,0
2011-12-12 19,19,18098,1,0
2011-12-12 20,20,17660,1,0
2011-12-12 21,21,17218,1,0
2011-12-12 22,22,16452,1,0
2011-12-12 23,23,15509,1,0
2011-12-13 00,0,14195,2,0
2011-12-13 01,1,12932,2,0
2011-12-13 02,2,12407,2,0
2011-12-13 03,3,12166,2,0
2011-12-13 04,4,12087,2,0
2011-12-13 05,5,12703,2,0
2011-12-13 06,6,13334,2,0
2011-12-13 07,7,14974,2,0
2011-12-13 08,8,17539,2,0
2011-12-13 09,9,18734,2,0
2011-12-13 10,10,19158,2,0
2011-12-13 11,11,18912,2,0
2011-12-13 12,12,17700,2,0
2011-12-13 13,13,17738,2,0
2011-12-13 14,14,17882,2,0
2011-12-13 15,15,18090,2,0
2011-12-13 16,16,18371,2,0
2011-12-13 17,17,18561,2,0
2011-12-13 18,18,18214,2,0
2011-12-13 19,19,18082,2,0
2011-12-13 20,20,17533,2,0
2011-12-13 21,21,17240,2,0
2011-12-13 22,22,16465,2,0
2011-12-13 23,23,15444,2,0
2011-12-14 00,0,14099,3,0
2011-12-14 01,1,13146,3,0
2011-12-14 02,2,12669,3,0
2011-12-14 03,3,12512,3,0
2011-12-14 04,4,12459,3,0
2011-12-14 05,5,13188,3,0
2011-12-14 06,6,13773,3,0
2011-12-14 07,7,15426,3,0
2011-12-14 08,8,17325,3,0
2011-12-14 09,9,18527,3,0
2011-12-14 10,10,18748,3,0
2011-12-14 11,11,18245,3,0
2011-12-14 12,12,17735,3,0
2011-12-14 13,13,17959,3,0
2011-12-14 14,14,17773,3,0
2011-12-14 15,15,17822,3,0
2011-12-14 16,16,18294,3,0
2011-12-14 17,17,18350,3,0
2011-12-14 18,18,18358,3,0
2011-12-14 19,19,18259,3,0
2011-12-14 20,20,18022,3,0
2011-12-14 21,21,17778,3,0
2011-12-14 22,22,16534,3,0
2011-12-14 23,23,15215,3,0
2011-12-15 00,0,13684,4,0
2011-12-15 01,1,13143,4,0
2011-12-15 02,2,12701,4,0
2011-12-15 03,3,12556,4,0
2011-12-15 04,4,12474,4,0
2011-12-15 05,5,13181,4,0
2011-12-15 06,6,13709,4,0
2011-12-15 07,7,15669,4,0
2011-12-15 08,8,17680,4,0
2011-12-15 09,9,19066,4,0
2011-12-15 10,10,19183,4,0
2011-12-15 11,11,18763,4,0
2011-12-15 12,12,17942,4,0
2011-12-15 13,13,17889,4,0
2011-12-15 14,14,17861,4,0
2011-12-15 15,15,18214,4,0
2011-12-15 16,16,18539,4,0
2011-12-15 17,17,18983,4,0
2011-12-15 18,18,18609,4,0
2011-12-15 19,19,18484,4,0
2011-12-15 20,20,18069,4,0
2011-12-15 21,21,17701,4,0
2011-12-15 22,22,16622,4,0
2011-12-15 23,23,15365,4,0
2011-12-16 00,0,13975,5,0
2011-12-16 01,1,13449,5,0
2011-12-16 02,2,13076,5,0
2011-12-16 03,3,12736,5,0
2011-12-16 04,4,12769,5,0
2011-12-16 05,5,13442,5,0
2011-12-16 06,6,13937,5,0
2011-12-16 07,7,15778,5,0
2011-12-16 08,8,18088,5,0
2011-12-16 09,9,19541,5,0
2011-12-16 10,10,19748,5,0
2011-12-16 11,11,19267,5,0
2011-12-16 12,12,18577,5,0
2011-12-16 13,13,18655,5,0
2011-12-16 14,14,18679,5,0
2011-12-16 15,15,18745,5,0
2011-12-16 16,16,19276,5,0
2011-12-16 17,17,19601,5,0
2011-12-16 18,18,19412,5,0
2011-12-16 19,19,18760,5,0
2011-12-16 20,20,18333,5,0
2011-12-16 21,21,17971,5,0
2011-12-16 22,22,16882,5,0
2011-12-16 23,23,15631,5,0
2011-12-17 00,0,14242,6,1
2011-12-17 01,1,13846,6,1
2011-12-17 02,2,13365,6,1
2011-12-17 03,3,13038,6,1
2011-12-17 04,4,12866,6,1
2011-12-17 05,5,13246,6,1
2011-12-17 06,6,13318,6,1
2011-12-17 07,7,14635,6,1
2011-12-17 08,8,16391,6,1
2011-12-17 09,9,17477,6,1
2011-12-17 10,10,17865,6,1
2011-12-17 11,11,17566,6,1
2011-12-17 12,12,17067,6,1
2011-12-17 13,13,17340,6,1
2011-12-17 14,14,17175,6,1
2011-12-17 15,15,17517,6,1
2011-12-17 16,16,17664,6,1
2011-12-17 17,17,18533,6,1
2011-12-17 18,18,18459,6,1
2011-12-17 19,19,18312,6,1
2011-12-17 20,20,18176,6,1
2011-12-17 21,21,17785,6,1
2011-12-17 22,22,17020,6,1
2011-12-17 23,23,15848,6,1
2011-12-18 00,0,14517,7,1
2011-12-18 01,1,13516,7,1
2011-12-18 02,2,12989,7,1
2011-12-18 03,3,12639,7,1
2011-12-18 04,4,12642,7,1
2011-12-18 05,5,12983,7,1
2011-12-18 06,6,12951,7,1
2011-12-18 07,7,13895,7,1
2011-12-18 08,8,15288,7,1
2011-12-18 09,9,15963,7,1
2011-12-18 10,10,16603,7,1
2011-12-18 11,11,16545,7,1
2011-12-18 12,12,15963,7,1
2011-12-18 13,13,15932,7,1
2011-12-18 14,14,15688,7,1
2011-12-18 15,15,16107,7,1
2011-12-18 16,16,17374,7,1
2011-12-18 17,17,17793,7,1
2011-12-18 18,18,17576,7,1
2011-12-18 19,19,17519,7,1
2011-12-18 20,20,17428,7,1
2011-12-18 21,21,16947,7,1
2011-12-18 22,22,16058,7,1
2011-12-18 23,23,14948,7,1
2011-12-19 00,0,13561,1,0
2011-12-19 01,1,13004,1,0
2011-12-19 02,2,12434,1,0
2011-12-19 03,3,12278,1,0
2011-12-19 04,4,12339,1,0
2011-12-19 05,5,13097,1,0
2011-12-19 06,6,13506,1,0
2011-12-19 07,7,14917,1,0
2011-12-19 08,8,17700,1,0
2011-12-19 09,9,19025,1,0
2011-12-19 10,10,19444,1,0
2011-12-19 11,11,18935,1,0
2011-12-19 12,12,18101,1,0
2011-12-19 13,13,18454,1,0
2011-12-19 14,14,18050,1,0
2011-12-19 15,15,18355,1,0
2011-12-19 16,16,18796,1,0
2011-12-19 17,17,18869,1,0
2011-12-19 18,18,18712,1,0
2011-12-19 19,19,18353,1,0
2011-12-19 20,20,18301,1,0
2011-12-19 21,21,17941,1,0
2011-12-19 22,22,16889,1,0
2011-12-19 23,23,15532,1,0
2011-12-20 00,0,14014,2,0
2011-12-20 01,1,13341,2,0
2011-12-20 02,2,13085,2,0
2011-12-20 03,3,12740,2,0
2011-12-20 04,4,12778,2,0
2011-12-20 05,5,13439,2,0
2011-12-20 06,6,13750,2,0
2011-12-20 07,7,15715,2,0
2011-12-20 08,8,18125,2,0
2011-12-20 09,9,19151,2,0
2011-12-20 10,10,19510,2,0
2011-12-20 11,11,19042,2,0
2011-12-20 12,12,18489,2,0
2011-12-20 13,13,18533,2,0
2011-12-20 14,14,18305,2,0
2011-12-20 15,15,18626,2,0
2011-12-20 16,16,19408,2,0
2011-12-20 17,17,19235,2,0
2011-12-20 18,18,18637,2,0
2011-12-20 19,19,18427,2,0
2011-12-20 20,20,18010,2,0
2011-12-20 21,21,17648,2,0
2011-12-20 22,22,16559,2,0
2011-12-20 23,23,15308,2,0
2011-12-21 00,0,13915,3,0
2011-12-21 01,1,13285,3,0
2011-12-21 02,2,12870,3,0
2011-12-21 03,3,12528,3,0
2011-12-21 04,4,12527,3,0
2011-12-21 05,5,13058,3,0
2011-12-21 06,6,13734,3,0
2011-12-21 07,7,15531,3,0
2011-12-21 08,8,17973,3,0
2011-12-21 09,9,18924,3,0
2011-12-21 10,10,19298,3,0
2011-12-21 11,11,19212,3,0
2011-12-21 12,12,18298,3,0
2011-12-21 13,13,18569,3,0
2011-12-21 14,14,18555,3,0
2011-12-21 15,15,18662,3,0
2011-12-21 16,16,19358,3,0
2011-12-21 17,17,19135,3,0
2011-12-21 18,18,19076,3,0
2011-12-21 19,19,19019,3,0
2011-12-21 20,20,18820,3,0
2011-12-21 21,21,18234,3,0
2011-12-21 22,22,17235,3,0
2011-12-21 23,23,15880,3,0
2011-12-22 00,0,14343,4,0
2011-12-22 01,1,13610,4,0
2011-12-22 02,2,13161,4,0
2011-12-22 03,3,12820,4,0
2011-12-22 04,4,12817,4,0
2011-12-22 05,5,13348,4,0
2011-12-22 06,6,14015,4,0
2011-12-22 07,7,15561,4,0
2011-12-22 08,8,18457,4,0
2011-12-22 09,9,19269,4,0
2011-12-22 10,10,19465,4,0
2011-12-22 11,11,19095,4,0
2011-12-22 12,12,18894,4,0
2011-12-22 13,13,19020,4,0
2011-12-22 14,14,18965,4,0
2011-12-22 15,15,19015,4,0
2011-12-22 16,16,19338,4,0
2011-12-22 17,17,19491,4,0
2011-12-22 18,18,19367,4,0
2011-12-22 19,19,19392,4,0
2011-12-22 20,20,19040,4,0
2011-12-22 21,21,18466,4,0
2011-12-22 22,22,17724,4,0
2011-12-22 23,23,16075,4,0
2011-12-23 00,0,14559,5,0
2011-12-23 01,1,13922,5,0
2011-12-23 02,2,13171,5,0
2011-12-23 03,3,12970,5,0
2011-12-23 04,4,12948,5,0
2011-12-23 05,5,13582,5,0
2011-12-23 06,6,14248,5,0
2011-12-23 07,7,16020,5,0
2011-12-23 08,8,18605,5,0
2011-12-23 09,9,19498,5,0
2011-12-23 10,10,19717,5,0
2011-12-23 11,11,19491,5,0
2011-12-23 12,12,18941,5,0
2011-12-23 13,13,19067,5,0
2011-12-23 14,14,19012,5,0
2011-12-23 15,15,19069,5,0
2011-12-23 16,16,19217,5,0
2011-12-23 17,17,19587,5,0
2011-12-23 18,18,19414,5,0
2011-12-23 19,19,19446,5,0
2011-12-23 20,20,19087,5,0
2011-12-23 21,21,18513,5,0
2011-12-23 22,22,17771,5,0
2011-12-23 23,23,16122,5,0
2011-12-24 00,0,14606,6,1
2011-12-24 01,1,13956,6,1
2011-12-24 02,2,13562,6,1
2011-12-24 03,3,13080,6,1
2011-12-24 04,4,12923,6,1
2011-12-24 05,5,13314,6,1
2011-12-24 06,6,13470,6,1
2011-12-24 07,7,14646,6,1
2011-12-24 08,8,16570,6,1
2011-12-24 09,9,17507,6,1
2011-12-24 10,10,17896,6,1
2011-12-24 11,11,17695,6,1
2011-12-24 12,12,17110,6,1
2011-12-24 13,13,17312,6,1
2011-12-24 14,14,17177,6,1
2011-12-24 15,15,17106,6,1
2011-12-24 16,16,17623,6,1
2011-12-24 17,17,18411,6,1
2011-12-24 18,18,18394,6,1
2011-12-24 19,19,18450,6,1
2011-12-24 20,20,18298,6,1
2011-12-24 21,21,17880,6,1
2011-12-24 22,22,17028,6,1
2011-12-24 23,23,16139,6,1
2011-12-25 00,0,14403,7,1
2011-12-25 01,1,13518,7,1
2011-12-25 02,2,12943,7,1
2011-12-25 03,3,12598,7,1
2011-12-25 04,4,12555,7,1
2011-12-25 05,5,12984,7,1
2011-12-25 06,6,12928,7,1
2011-12-25 07,7,13916,7,1
2011-12-25 08,8,15090,7,1
2011-12-25 09,9,16091,7,1
2011-12-25 10,10,16665,7,1
2011-12-25 11,11,16573,7,1
2011-12-25 12,12,16282,7,1
2011-12-25 13,13,16515,7,1
2011-12-25 14,14,16524,7,1
2011-12-25 15,15,16426,7,1
2011-12-25 16,16,17251,7,1
2011-12-25 17,17,17714,7,1
2011-12-25 18,18,17637,7,1
2011-12-25 19,19,17778,7,1
2011-12-25 20,20,17657,7,1
2011-12-25 21,21,17412,7,1
2011-12-25 22,22,16391,7,1
2011-12-25 23,23,15345,7,1
2011-12-26 00,0,13714,1,0
2011-12-26 01,1,13006,1,0
2011-12-26 02,2,12388,1,0
2011-12-26 03,3,12264,1,0
2011-12-26 04,4,12281,1,0
2011-12-26 05,5,12960,1,0
2011-12-26 06,6,13755,1,0
2011-12-26 07,7,15556,1,0
2011-12-26 08,8,18047,1,0
2011-12-26 09,9,19152,1,0
2011-12-26 10,10,19601,1,0
2011-12-26 11,11,19108,1,0
2011-12-26 12,12,18123,1,0
2011-12-26 13,13,18398,1,0
2011-12-26 14,14,18268,1,0
2011-12-26 15,15,18478,1,0
2011-12-26 16,16,18786,1,0
2011-12-26 17,17,19103,1,0
2011-12-26 18,18,18913,1,0
2011-12-26 19,19,18897,1,0
2011-12-26 20,20,18558,1,0
2011-12-26 21,21,18087,1,0
2011-12-26 22,22,17134,1,0
2011-12-26 23,23,15819,1,0
2011-12-27 00,0,14292,2,0
2011-12-27 01,1,13402,2,0
2011-12-27 02,2,12959,2,0
2011-12-27 03,3,12617,2,0
2011-12-27 04,4,12615,2,0
2011-12-27 05,5,13145,2,0
2011-12-27 06,6,13821,2,0
2011-12-27 07,7,15609,2,0
2011-12-27 08,8,18271,2,0
2011-12-27 09,9,19111,2,0
2011-12-27 10,10,19438,2,0
2011-12-27 11,11,19058,2,0
2011-12-27 12,12,18588,2,0
2011-12-27 13,13,18739,2,0
2011-12-27 14,14,18533,2,0
2011-12-27 15,15,18594,2,0
2011-12-27 16,16,18751,2,0
2011-12-27 17,17,18785,2,0
2011-12-27 18,18,18608,2,0
2011-12-27 19,19,18514,2,0
2011-12-27 20,20,18232,2,0
2011-12-27 21,21,17748,2,0
2011-12-27 22,22,16848,2,0
2011-12-27 23,23,15551,2,0
2011-12-28 00,0,13883,3,0
2011-12-28 01,1,13353,3,0
2011-12-28 02,2,12766,3,0
2011-12-28 03,3,12425,3,0
2011-12-28 04,4,12476,3,0
2011-12-28 05,5,13045,3,0
2011-12-28 06,6,13728,3,0
2011-12-28 07,7,15359,3,0
2011-12-28 08,8,17896,3,0
2011-12-28 09,9,18638,3,0
2011-12-28 10,10,18839,3,0
2011-12-28 11,11,18487,3,0
2011-12-28 12,12,18517,3,0
2011-12-28 13,13,18559,3,0
2011-12-28 14,14,18410,3,0
2011-12-28 15,15,18569,3,0
2011-12-28 16,16,18696,3,0
2011-12-28 17,17,18394,3,0
2011-12-28 18,18,18287,3,0
2011-12-28 19,19,18075,3,0
2011-12-28 20,20,18037,3,0
2011-12-28 21,21,17802,3,0
2011-12-28 22,22,17052,3,0
2011-12-28 23,23,15575,3,0
2011-12-29 00,0,14154,4,0
2011-12-29 01,1,13032,4,0
2011-12-29 02,2,12443,4,0
2011-12-29 03,3,12210,4,0
2011-12-29 04,4,12265,4,0
2011-12-29 05,5,12830,4,0
2011-12-29 06,6,13506,4,0
2011-12-29 07,7,15146,4,0
2011-12-29 08,8,17405,4,0
2011-12-29 09,9,18450,4,0
2011-12-29 10,10,18506,4,0
2011-12-29 11,11,18159,4,0
2011-12-29 12,12,18064,4,0
2011-12-29 13,13,18224,4,0
2011-12-29 14,14,18086,4,0
2011-12-29 15,15,18119,4,0
2011-12-29 16,16,18273,4,0
2011-12-29 17,17,18242,4,0
2011-12-29 18,18,18177,4,0
2011-12-29 19,19,18039,4,0
2011-12-29 20,20,17940,4,0
2011-12-29 21,21,17280,4,0
2011-12-29 22,22,16441,4,0
2011-12-29 23,23,15135,4,0
2011-12-30 00,0,13409,5,0
2011-12-30 01,1,12808,5,0
2011-12-30 02,2,12317,5,0
2011-12-30 03,3,12059,5,0
2011-12-30 04,4,12050,5,0
2011-12-30 05,5,12841,5,0
2011-12-30 06,6,13259,5,0
2011-12-30 07,7,15007,5,0
2011-12-30 08,8,17268,5,0
2011-12-30 09,9,18429,5,0
2011-12-30 10,10,18574,5,0
2011-12-30 11,11,18152,5,0
2011-12-30 12,12,17829,5,0
2011-12-30 13,13,17968,5,0
2011-12-30 14,14,17956,5,0
2011-12-30 15,15,17964,5,0
2011-12-30 16,16,18175,5,0
2011-12-30 17,17,18289,5,0
2011-12-30 18,18,18365,5,0
2011-12-30 19,19,18169,5,0
2011-12-30 20,20,17938,5,0
2011-12-30 21,21,17296,5,0
2011-12-30 22,22,16165,5,0
2011-12-30 23,23,14683,5,0
2011-12-31 00,0,13581,6,1
2011-12-31 01,1,13002,6,1
2011-12-31 02,2,12698,6,1
2011-12-31 03,3,12215,6,1
2011-12-31 04,4,12363,6,1
2011-12-31 05,5,12783,6,1
2011-12-31 06,6,13444,6,1
2011-12-31 07,7,15022,6,1
2011-12-31 08,8,16953,6,1
2011-12-31 09,9,17466,6,1
2011-12-31 10,10,17657,6,1
2011-12-31 11,11,17336,6,1
2011-12-31 12,12,17243,6,1
2011-12-31 13,13,17527,6,1
2011-12-31 14,14,17544,6,1
2011-12-31 15,15,17488,6,1
2011-12-31 16,16,17533,6,1
2011-12-31 17,17,17656,6,1
2011-12-31 18,18,17642,6,1
2011-12-31 19,19,17560,6,1
2011-12-31 20,20,17381,6,1
2011-12-31 21,21,17081,6,1
2011-12-31 22,22,16530,6,1
2011-12-31 23,23,15337,6,1
2012-01-01 00,0,13553,7,-1
2012-01-01 01,1,12169,7,-1
2012-01-01 02,2,11450,7,-1
2012-01-01 03,3,11111,7,-1
2012-01-01 04,4,10878,7,-1
2012-01-01 05,5,11015,7,-1
2012-01-01 06,6,10938,7,-1
2012-01-01 07,7,11470,7,-1
2012-01-01 08,8,12176,7,-1
2012-01-01 09,9,12594,7,-1
2012-01-01 10,10,13265,7,-1
2012-01-01 11,11,13203,7,-1
2012-01-01 12,12,13163,7,-1
2012-01-01 13,13,12933,7,-1
2012-01-01 14,14,12810,7,-1
2012-01-01 15,15,13123,7,-1
2012-01-01 16,16,14309,7,-1
2012-01-01 17,17,15360,7,-1
2012-01-01 18,18,15311,7,-1
2012-01-01 19,19,15488,7,-1
2012-01-01 20,20,15347,7,-1
2012-01-01 21,21,15097,7,-1
2012-01-01 22,22,14334,7,-1
2012-01-01 23,23,13222,7,-1
2012-01-02 00,0,12010,1,1
2012-01-02 01,1,11452,1,1
2012-01-02 02,2,10914,1,1
2012-01-02 03,3,10731,1,1
2012-01-02 04,4,10676,1,1
2012-01-02 05,5,10757,1,1
2012-01-02 06,6,10885,1,1
2012-01-02 07,7,12053,1,1
2012-01-02 08,8,13542,1,1
2012-01-02 09,9,14386,1,1
2012-01-02 10,10,14824,1,1
2012-01-02 11,11,14764,1,1
2012-01-02 12,12,14738,1,1
2012-01-02 13,13,15141,1,1
2012-01-02 14,14,15095,1,1
2012-01-02 15,15,15373,1,1
2012-01-02 16,16,16152,1,1
2012-01-02 17,17,16604,1,1
2012-01-02 18,18,16832,1,1
2012-01-02 19,19,16920,1,1
2012-01-02 20,20,16739,1,1
2012-01-02 21,21,16530,1,1
2012-01-02 22,22,15717,1,1
2012-01-02 23,23,14577,1,1
2012-01-03 00,0,13124,2,1
2012-01-03 01,1,12409,2,1
2012-01-03 02,2,11494,2,1
2012-01-03 03,3,11288,2,1
2012-01-03 04,4,11201,2,1
2012-01-03 05,5,11473,2,1
2012-01-03 06,6,11791,2,1
2012-01-03 07,7,12942,2,1
2012-01-03 08,8,14850,2,1
2012-01-03 09,9,16227,2,1
2012-01-03 10,10,16668,2,1
2012-01-03 11,11,16573,2,1
2012-01-03 12,12,16353,2,1
2012-01-03 13,13,16612,2,1
2012-01-03 14,14,16605,2,1
2012-01-03 15,15,17057,2,1
2012-01-03 16,16,18207,2,1
2012-01-03 17,17,19275,2,1
2012-01-03 18,18,19189,2,1
2012-01-03 19,19,19151,2,1
2012-01-03 20,20,18652,2,1
2012-01-03 21,21,17682,2,1
2012-01-03 22,22,16573,2,1
2012-01-03 23,23,15258,2,1
2012-01-04 00,0,13593,3,0
2012-01-04 01,1,13347,3,0
2012-01-04 02,2,12945,3,0
2012-01-04 03,3,12789,3,0
2012-01-04 04,4,12715,3,0
2012-01-04 05,5,13474,3,0
2012-01-04 06,6,14182,3,0
2012-01-04 07,7,15626,3,0
2012-01-04 08,8,18977,3,0
2012-01-04 09,9,20338,3,0
2012-01-04 10,10,20582,3,0
2012-01-04 11,11,20427,3,0
2012-01-04 12,12,19696,3,0
2012-01-04 13,13,19427,3,0
2012-01-04 14,14,19071,3,0
2012-01-04 15,15,19352,3,0
2012-01-04 16,16,19958,3,0
2012-01-04 17,17,20462,3,0
2012-01-04 18,18,20494,3,0
2012-01-04 19,19,20578,3,0
2012-01-04 20,20,20044,3,0
2012-01-04 21,21,19271,3,0
2012-01-04 22,22,18034,3,0
2012-01-04 23,23,16667,3,0
2012-01-05 00,0,15052,4,0
2012-01-05 01,1,14283,4,0
2012-01-05 02,2,13560,4,0
2012-01-05 03,3,13270,4,0
2012-01-05 04,4,13451,4,0
2012-01-05 05,5,14003,4,0
2012-01-05 06,6,14540,4,0
2012-01-05 07,7,16374,4,0
2012-01-05 08,8,19352,4,0
2012-01-05 09,9,20879,4,0
2012-01-05 10,10,20996,4,0
2012-01-05 11,11,20682,4,0
2012-01-05 12,12,20291,4,0
2012-01-05 13,13,20458,4,0
2012-01-05 14,14,20166,4,0
2012-01-05 15,15,20275,4,0
2012-01-05 16,16,20167,4,0
2012-01-05 17,17,20153,4,0
2012-01-05 18,18,20141,4,0
2012-01-05 19,19,20182,4,0
2012-01-05 20,20,20197,4,0
2012-01-05 21,21,19544,4,0
2012-01-05 22,22,18607,4,0
2012-01-05 23,23,17179,4,0
2012-01-06 00,0,15305,5,0
2012-01-06 01,1,14184,5,0
2012-01-06 02,2,13542,5,0
2012-01-06 03,3,13167,5,0
2012-01-06 04,4,13127,5,0
2012-01-06 05,5,13563,5,0
2012-01-06 06,6,14367,5,0
2012-01-06 07,7,16084,5,0
2012-01-06 08,8,19250,5,0
2012-01-06 09,9,20452,5,0
2012-01-06 10,10,20905,5,0
2012-01-06 11,11,20695,5,0
2012-01-06 12,12,19988,5,0
2012-01-06 13,13,19707,5,0
2012-01-06 14,14,19270,5,0
2012-01-06 15,15,19466,5,0
2012-01-06 16,16,19557,5,0
2012-01-06 17,17,19863,5,0
2012-01-06 18,18,19790,5,0
2012-01-06 19,19,19853,5,0
2012-01-06 20,20,19846,5,0
2012-01-06 21,21,19319,5,0
2012-01-06 22,22,18110,5,0
2012-01-06 23,23,16455,5,0
2012-01-07 00,0,14678,6,1
2012-01-07 01,1,13870,6,1
2012-01-07 02,2,13394,6,1
2012-01-07 03,3,12979,6,1
2012-01-07 04,4,12732,6,1
2012-01-07 05,5,13148,6,1
2012-01-07 06,6,13502,6,1
2012-01-07 07,7,14921,6,1
2012-01-07 08,8,16639,6,1
2012-01-07 09,9,17382,6,1
2012-01-07 10,10,17976,6,1
2012-01-07 11,11,17585,6,1
2012-01-07 12,12,17170,6,1
2012-01-07 13,13,17255,6,1
2012-01-07 14,14,17039,6,1
2012-01-07 15,15,17145,6,1
2012-01-07 16,16,17860,6,1
2012-01-07 17,17,18739,6,1
2012-01-07 18,18,18664,6,1
2012-01-07 19,19,18693,6,1
2012-01-07 20,20,18369,6,1
2012-01-07 21,21,17981,6,1
2012-01-07 22,22,17079,6,1
2012-01-07 23,23,16045,6,1
2012-01-08 00,0,14413,7,1
2012-01-08 01,1,13661,7,1
2012-01-08 02,2,13066,7,1
2012-01-08 03,3,12708,7,1
2012-01-08 04,4,12585,7,1
2012-01-08 05,5,12960,7,1
2012-01-08 06,6,12910,7,1
2012-01-08 07,7,13795,7,1
2012-01-08 08,8,15224,7,1
2012-01-08 09,9,16142,7,1
2012-01-08 10,10,16590,7,1
2012-01-08 11,11,16437,7,1
2012-01-08 12,12,16348,7,1
2012-01-08 13,13,16527,7,1
2012-01-08 14,14,16515,7,1
2012-01-08 15,15,16697,7,1
2012-01-08 16,16,17892,7,1
2012-01-08 17,17,18027,7,1
2012-01-08 18,18,17973,7,1
2012-01-08 19,19,18020,7,1
2012-01-08 20,20,17698,7,1
2012-01-08 21,21,17473,7,1
2012-01-08 22,22,16302,7,1
2012-01-08 23,23,15234,7,1
2012-01-09 00,0,13696,1,0
2012-01-09 01,1,13096,1,0
2012-01-09 02,2,12475,1,0
2012-01-09 03,3,12354,1,0
2012-01-09 04,4,12378,1,0
2012-01-09 05,5,13054,1,0
2012-01-09 06,6,13842,1,0
2012-01-09 07,7,15657,1,0
2012-01-09 08,8,18215,1,0
2012-01-09 09,9,19417,1,0
2012-01-09 10,10,19707,1,0
2012-01-09 11,11,19367,1,0
2012-01-09 12,12,18695,1,0
2012-01-09 13,13,18654,1,0
2012-01-09 14,14,18215,1,0
2012-01-09 15,15,18591,1,0
2012-01-09 16,16,18925,1,0
2012-01-09 17,17,18924,1,0
2012-01-09 18,18,18729,1,0
2012-01-09 19,19,18796,1,0
2012-01-09 20,20,18698,1,0
2012-01-09 21,21,18269,1,0
2012-01-09 22,22,17271,1,0
2012-01-09 23,23,15913,1,0
2012-01-10 00,0,14368,2,0
2012-01-10 01,1,13445,2,0
2012-01-10 02,2,12977,2,0
2012-01-10 03,3,12657,2,0
2012-01-10 04,4,12565,2,0
2012-01-10 05,5,13188,2,0
2012-01-10 06,6,13665,2,0
2012-01-10 07,7,15761,2,0
2012-01-10 08,8,17986,2,0
2012-01-10 09,9,19264,2,0
2012-01-10 10,10,19448,2,0
2012-01-10 11,11,19013,2,0
2012-01-10 12,12,18794,2,0
2012-01-10 13,13,18821,2,0
2012-01-10 14,14,18758,2,0
2012-01-10 15,15,18783,2,0
2012-01-10 16,16,18754,2,0
2012-01-10 17,17,18657,2,0
2012-01-10 18,18,18521,2,0
2012-01-10 19,19,18657,2,0
2012-01-10 20,20,18506,2,0
2012-01-10 21,21,17932,2,0
2012-01-10 22,22,16889,2,0
2012-01-10 23,23,15875,2,0
2012-01-11 00,0,14259,3,0
2012-01-11 01,1,13338,3,0
2012-01-11 02,2,12719,3,0
2012-01-11 03,3,12445,3,0
2012-01-11 04,4,12312,3,0
2012-01-11 05,5,12898,3,0
2012-01-11 06,6,13664,3,0
2012-01-11 07,7,15761,3,0
2012-01-11 08,8,18021,3,0
2012-01-11 09,9,19308,3,0
2012-01-11 10,10,19425,3,0
2012-01-11 11,11,19084,3,0
2012-01-11 12,12,18700,3,0
2012-01-11 13,13,18705,3,0
2012-01-11 14,14,18563,3,0
2012-01-11 15,15,18672,3,0
2012-01-11 16,16,18875,3,0
2012-01-11 17,17,18840,3,0
2012-01-11 18,18,18837,3,0
2012-01-11 19,19,18809,3,0
2012-01-11 20,20,18545,3,0
2012-01-11 21,21,17846,3,0
2012-01-11 22,22,17009,3,0
2012-01-11 23,23,15800,3,0
2012-01-12 00,0,14259,4,0
2012-01-12 01,1,13320,4,0
2012-01-12 02,2,12715,4,0
2012-01-12 03,3,12514,4,0
2012-01-12 04,4,12666,4,0
2012-01-12 05,5,12898,4,0
2012-01-12 06,6,13462,4,0
2012-01-12 07,7,15477,4,0
2012-01-12 08,8,18166,4,0
2012-01-12 09,9,19171,4,0
2012-01-12 10,10,19327,4,0
2012-01-12 11,11,19094,4,0
2012-01-12 12,12,18456,4,0
2012-01-12 13,13,18453,4,0
2012-01-12 14,14,18330,4,0
2012-01-12 15,15,18423,4,0
2012-01-12 16,16,18704,4,0
2012-01-12 17,17,18541,4,0
2012-01-12 18,18,18487,4,0
2012-01-12 19,19,18559,4,0
2012-01-12 20,20,18282,4,0
2012-01-12 21,21,17889,4,0
2012-01-12 22,22,17116,4,0
2012-01-12 23,23,15761,4,0
2012-01-13 00,0,14124,5,0
2012-01-13 01,1,13414,5,0
2012-01-13 02,2,12730,5,0
2012-01-13 03,3,12475,5,0
2012-01-13 04,4,12256,5,0
2012-01-13 05,5,13022,5,0
2012-01-13 06,6,13549,5,0
2012-01-13 07,7,15505,5,0
2012-01-13 08,8,17682,5,0
2012-01-13 09,9,18767,5,0
2012-01-13 10,10,18987,5,0
2012-01-13 11,11,18735,5,0
2012-01-13 12,12,18405,5,0
2012-01-13 13,13,18331,5,0
2012-01-13 14,14,18208,5,0
2012-01-13 15,15,18519,5,0
2012-01-13 16,16,18681,5,0
2012-01-13 17,17,18214,5,0
2012-01-13 18,18,18104,5,0
2012-01-13 19,19,18122,5,0
2012-01-13 20,20,18143,5,0
2012-01-13 21,21,18220,5,0
2012-01-13 22,22,17358,5,0
2012-01-13 23,23,16143,5,0
2012-01-14 00,0,14519,6,1
2012-01-14 01,1,13515,6,1
2012-01-14 02,2,12844,6,1
2012-01-14 03,3,12424,6,1
2012-01-14 04,4,12169,6,1
2012-01-14 05,5,12593,6,1
2012-01-14 06,6,12853,6,1
2012-01-14 07,7,13567,6,1
2012-01-14 08,8,15477,6,1
2012-01-14 09,9,16318,6,1
2012-01-14 10,10,16637,6,1
2012-01-14 11,11,16429,6,1
2012-01-14 12,12,15915,6,1
2012-01-14 13,13,16010,6,1
2012-01-14 14,14,15884,6,1
2012-01-14 15,15,16076,6,1
2012-01-14 16,16,17006,6,1
2012-01-14 17,17,17588,6,1
2012-01-14 18,18,17570,6,1
2012-01-14 19,19,17375,6,1
2012-01-14 20,20,17112,6,1
2012-01-14 21,21,16826,6,1
2012-01-14 22,22,16123,6,1
2012-01-14 23,23,15271,6,1
2012-01-15 00,0,13660,7,1
2012-01-15 01,1,12924,7,1
2012-01-15 02,2,12437,7,1
2012-01-15 03,3,11974,7,1
2012-01-15 04,4,11692,7,1
2012-01-15 05,5,12242,7,1
2012-01-15 06,6,12259,7,1
2012-01-15 07,7,13172,7,1
2012-01-15 08,8,14213,7,1
2012-01-15 09,9,15238,7,1
2012-01-15 10,10,15711,7,1
2012-01-15 11,11,15613,7,1
2012-01-15 12,12,15435,7,1
2012-01-15 13,13,15609,7,1
2012-01-15 14,14,15593,7,1
2012-01-15 15,15,15548,7,1
2012-01-15 16,16,16440,7,1
2012-01-15 17,17,16807,7,1
2012-01-15 18,18,16706,7,1
2012-01-15 19,19,16764,7,1
2012-01-15 20,20,16661,7,1
2012-01-15 21,21,16601,7,1
2012-01-15 22,22,15517,7,1
2012-01-15 23,23,14542,7,1
2012-01-16 00,0,12994,1,0
2012-01-16 01,1,12477,1,0
2012-01-16 02,2,11863,1,0
2012-01-16 03,3,11742,1,0
2012-01-16 04,4,11445,1,0
2012-01-16 05,5,12329,1,0
2012-01-16 06,6,13066,1,0
2012-01-16 07,7,14739,1,0
2012-01-16 08,8,16785,1,0
2012-01-16 09,9,17750,1,0
2012-01-16 10,10,18028,1,0
2012-01-16 11,11,17865,1,0
2012-01-16 12,12,17688,1,0
2012-01-16 13,13,17805,1,0
2012-01-16 14,14,17689,1,0
2012-01-16 15,15,17720,1,0
2012-01-16 16,16,17552,1,0
2012-01-16 17,17,17677,1,0
2012-01-16 18,18,17912,1,0
2012-01-16 19,19,17914,1,0
2012-01-16 20,20,17739,1,0
2012-01-16 21,21,17360,1,0
2012-01-16 22,22,16377,1,0
2012-01-16 23,23,15503,1,0
2012-01-17 00,0,13687,2,0
2012-01-17 01,1,12349,2,0
2012-01-17 02,2,11780,2,0
2012-01-17 03,3,11621,2,0
2012-01-17 04,4,11736,2,0
2012-01-17 05,5,11800,2,0
2012-01-17 06,6,11964,2,0
2012-01-17 07,7,13706,2,0
2012-01-17 08,8,16009,2,0
2012-01-17 09,9,16809,2,0
2012-01-17 10,10,16955,2,0
2012-01-17 11,11,16605,2,0
2012-01-17 12,12,16593,2,0
2012-01-17 13,13,16694,2,0
2012-01-17 14,14,16492,2,0
2012-01-17 15,15,16365,2,0
2012-01-17 16,16,16029,2,0
2012-01-17 17,17,16655,2,0
2012-01-17 18,18,16548,2,0
2012-01-17 19,19,16484,2,0
2012-01-17 20,20,16249,2,0
2012-01-17 21,21,15851,2,0
2012-01-17 22,22,15125,2,0
2012-01-17 23,23,14445,2,0
2012-01-18 00,0,12967,3,0
2012-01-18 01,1,12206,3,0
2012-01-18 02,2,11881,3,0
2012-01-18 03,3,11460,3,0
2012-01-18 04,4,11164,3,0
2012-01-18 05,5,11723,3,0
2012-01-18 06,6,12311,3,0
2012-01-18 07,7,13443,3,0
2012-01-18 08,8,15587,3,0
2012-01-18 09,9,16327,3,0
2012-01-18 10,10,16881,3,0
2012-01-18 11,11,16752,3,0
2012-01-18 12,12,16363,3,0
2012-01-18 13,13,15913,3,0
2012-01-18 14,14,15328,3,0
2012-01-18 15,15,14858,3,0
2012-01-18 16,16,15320,3,0
2012-01-18 17,17,15382,3,0
2012-01-18 18,18,15433,3,0
2012-01-18 19,19,15440,3,0
2012-01-18 20,20,15462,3,0
2012-01-18 21,21,15246,3,0
2012-01-18 22,22,14849,3,0
2012-01-18 23,23,13947,3,0
2012-01-19 00,0,12389,4,0
2012-01-19 01,1,11915,4,0
2012-01-19 02,2,11670,4,0
2012-01-19 03,3,11247,4,0
2012-01-19 04,4,10937,4,0
2012-01-19 05,5,11647,4,0
2012-01-19 06,6,11870,4,0
2012-01-19 07,7,13099,4,0
2012-01-19 08,8,15104,4,0
2012-01-19 09,9,15691,4,0
2012-01-19 10,10,15933,4,0
2012-01-19 11,11,15700,4,0
2012-01-19 12,12,15720,4,0
2012-01-19 13,13,15845,4,0
2012-01-19 14,14,15467,4,0
2012-01-19 15,15,15537,4,0
2012-01-19 16,16,15622,4,0
2012-01-19 17,17,15893,4,0
2012-01-19 18,18,15897,4,0
2012-01-19 19,19,15900,4,0
2012-01-19 20,20,15897,4,0
2012-01-19 21,21,15686,4,0
2012-01-19 22,22,14972,4,0
2012-01-19 23,23,13939,4,0
2012-01-20 00,0,12502,5,0
2012-01-20 01,1,11388,5,0
2012-01-20 02,2,10843,5,0
2012-01-20 03,3,10665,5,0
2012-01-20 04,4,10507,5,0
2012-01-20 05,5,10929,5,0
2012-01-20 06,6,11197,5,0
2012-01-20 07,7,12712,5,0
2012-01-20 08,8,14249,5,0
2012-01-20 09,9,14779,5,0
2012-01-20 10,10,14960,5,0
2012-01-20 11,11,14702,5,0
2012-01-20 12,12,14539,5,0
2012-01-20 13,13,14505,5,0
2012-01-20 14,14,14461,5,0
2012-01-20 15,15,14357,5,0
2012-01-20 16,16,14379,5,0
2012-01-20 17,17,14492,5,0
2012-01-20 18,18,14466,5,0
2012-01-20 19,19,14443,5,0
2012-01-20 20,20,14516,5,0
2012-01-20 21,21,14378,5,0
2012-01-20 22,22,13822,5,0
2012-01-20 23,23,13021,5,0
2012-01-21 00,0,11912,6,0
2012-01-21 01,1,10895,6,0
2012-01-21 02,2,10303,6,0
2012-01-21 03,3,10076,6,0
2012-01-21 04,4,9841,6,0
2012-01-21 05,5,10447,6,0
2012-01-21 06,6,10748,6,0
2012-01-21 07,7,11734,6,0
2012-01-21 08,8,12684,6,0
2012-01-21 09,9,13401,6,0
2012-01-21 10,10,13686,6,0
2012-01-21 11,11,13724,6,0
2012-01-21 12,12,13533,6,0
2012-01-21 13,13,13431,6,0
2012-01-21 14,14,13255,6,0
2012-01-21 15,15,12832,6,0
2012-01-21 16,16,13127,6,0
2012-01-21 17,17,13523,6,0
2012-01-21 18,18,13499,6,0
2012-01-21 19,19,13513,6,0
2012-01-21 20,20,13506,6,0
2012-01-21 21,21,13455,6,0
2012-01-21 22,22,12731,6,0
2012-01-21 23,23,12166,6,0
2012-01-22 00,0,11310,7,-1
2012-01-22 01,1,10740,7,-1
2012-01-22 02,2,9877,7,-1
2012-01-22 03,3,9223,7,-1
2012-01-22 04,4,9074,7,-1
2012-01-22 05,5,9633,7,-1
2012-01-22 06,6,9937,7,-1
2012-01-22 07,7,10664,7,-1
2012-01-22 08,8,11149,7,-1
2012-01-22 09,9,11623,7,-1
2012-01-22 10,10,11780,7,-1
2012-01-22 11,11,11768,7,-1
2012-01-22 12,12,11452,7,-1
2012-01-22 13,13,11546,7,-1
2012-01-22 14,14,11956,7,-1
2012-01-22 15,15,12549,7,-1
2012-01-22 16,16,12951,7,-1
2012-01-22 17,17,13058,7,-1
2012-01-22 18,18,13056,7,-1
2012-01-22 19,19,13321,7,-1
2012-01-22 20,20,13450,7,-1
2012-01-22 21,21,13391,7,-1
2012-01-22 22,22,13358,7,-1
2012-01-22 23,23,12843,7,-1
2012-01-23 00,0,12044,1,-1
2012-01-23 01,1,10458,1,-1
2012-01-23 02,2,9614,1,-1
2012-01-23 03,3,9314,1,-1
2012-01-23 04,4,9158,1,-1
2012-01-23 05,5,9390,1,-1
2012-01-23 06,6,9393,1,-1
2012-01-23 07,7,10171,1,-1
2012-01-23 08,8,10599,1,-1
2012-01-23 09,9,10979,1,-1
2012-01-23 10,10,11450,1,-1
2012-01-23 11,11,11788,1,-1
2012-01-23 12,12,12031,1,-1
2012-01-23 13,13,12333,1,-1
2012-01-23 14,14,12398,1,-1
2012-01-23 15,15,12632,1,-1
2012-01-23 16,16,13126,1,-1
2012-01-23 17,17,13269,1,-1
2012-01-23 18,18,13338,1,-1
2012-01-23 19,19,13537,1,-1
2012-01-23 20,20,13390,1,-1
2012-01-23 21,21,13165,1,-1
2012-01-23 22,22,12848,1,-1
2012-01-23 23,23,12161,1,-1
2012-01-24 00,0,11276,2,-1
2012-01-24 01,1,10548,2,-1
2012-01-24 02,2,9788,2,-1
2012-01-24 03,3,9356,2,-1
2012-01-24 04,4,9172,2,-1
2012-01-24 05,5,9377,2,-1
2012-01-24 06,6,9364,2,-1
2012-01-24 07,7,9679,2,-1
2012-01-24 08,8,10316,2,-1
2012-01-24 09,9,10834,2,-1
2012-01-24 10,10,11269,2,-1
2012-01-24 11,11,11431,2,-1
2012-01-24 12,12,11430,2,-1
2012-01-24 13,13,11127,2,-1
2012-01-24 14,14,11084,2,-1
2012-01-24 15,15,11248,2,-1
2012-01-24 16,16,11829,2,-1
2012-01-24 17,17,13027,2,-1
2012-01-24 18,18,13273,2,-1
2012-01-24 19,19,13393,2,-1
2012-01-24 20,20,13380,2,-1
2012-01-24 21,21,12860,2,-1
2012-01-24 22,22,12213,2,-1
2012-01-24 23,23,11686,2,-1
2012-01-25 00,0,10809,3,1
2012-01-25 01,1,10125,3,1
2012-01-25 02,2,9672,3,1
2012-01-25 03,3,9448,3,1
2012-01-25 04,4,9324,3,1
2012-01-25 05,5,9512,3,1
2012-01-25 06,6,9622,3,1
2012-01-25 07,7,9761,3,1
2012-01-25 08,8,10611,3,1
2012-01-25 09,9,11092,3,1
2012-01-25 10,10,11744,3,1
2012-01-25 11,11,12021,3,1
2012-01-25 12,12,11954,3,1
2012-01-25 13,13,11728,3,1
2012-01-25 14,14,11761,3,1
2012-01-25 15,15,11886,3,1
2012-01-25 16,16,12451,3,1
2012-01-25 17,17,12932,3,1
2012-01-25 18,18,13226,3,1
2012-01-25 19,19,13731,3,1
2012-01-25 20,20,13543,3,1
2012-01-25 21,21,13336,3,1
2012-01-25 22,22,12816,3,1
2012-01-25 23,23,12051,3,1
2012-01-26 00,0,11180,4,1
2012-01-26 01,1,10408,4,1
2012-01-26 02,2,9940,4,1
2012-01-26 03,3,9577,4,1
2012-01-26 04,4,9491,4,1
2012-01-26 05,5,9653,4,1
2012-01-26 06,6,9628,4,1
2012-01-26 07,7,9938,4,1
2012-01-26 08,8,10594,4,1
2012-01-26 09,9,11263,4,1
2012-01-26 10,10,11656,4,1
2012-01-26 11,11,11628,4,1
2012-01-26 12,12,11613,4,1
2012-01-26 13,13,11636,4,1
2012-01-26 14,14,11498,4,1
2012-01-26 15,15,11525,4,1
2012-01-26 16,16,11930,4,1
2012-01-26 17,17,12651,4,1
2012-01-26 18,18,13117,4,1
2012-01-26 19,19,13365,4,1
2012-01-26 20,20,13296,4,1
2012-01-26 21,21,13276,4,1
2012-01-26 22,22,12659,4,1
2012-01-26 23,23,11739,4,1
2012-01-27 00,0,11253,5,1
2012-01-27 01,1,10575,5,1
2012-01-27 02,2,10079,5,1
2012-01-27 03,3,9846,5,1
2012-01-27 04,4,9718,5,1
2012-01-27 05,5,9738,5,1
2012-01-27 06,6,9806,5,1
2012-01-27 07,7,10505,5,1
2012-01-27 08,8,11248,5,1
2012-01-27 09,9,11781,5,1
2012-01-27 10,10,12216,5,1
2012-01-27 11,11,12132,5,1
2012-01-27 12,12,11932,5,1
2012-01-27 13,13,11832,5,1
2012-01-27 14,14,11777,5,1
2012-01-27 15,15,11844,5,1
2012-01-27 16,16,12210,5,1
2012-01-27 17,17,12858,5,1
2012-01-27 18,18,13793,5,1
2012-01-27 19,19,13914,5,1
2012-01-27 20,20,13956,5,1
2012-01-27 21,21,13623,5,1
2012-01-27 22,22,13018,5,1
2012-01-27 23,23,12412,5,1
2012-01-28 00,0,11509,6,1
2012-01-28 01,1,10238,6,1
2012-01-28 02,2,9680,6,1
2012-01-28 03,3,9555,6,1
2012-01-28 04,4,9486,6,1
2012-01-28 05,5,9625,6,1
2012-01-28 06,6,9642,6,1
2012-01-28 07,7,10370,6,1
2012-01-28 08,8,11329,6,1
2012-01-28 09,9,11905,6,1
2012-01-28 10,10,12332,6,1
2012-01-28 11,11,12348,6,1
2012-01-28 12,12,11956,6,1
2012-01-28 13,13,11990,6,1
2012-01-28 14,14,11874,6,1
2012-01-28 15,15,12002,6,1
2012-01-28 16,16,12624,6,1
2012-01-28 17,17,13092,6,1
2012-01-28 18,18,13683,6,1
2012-01-28 19,19,13834,6,1
2012-01-28 20,20,13825,6,1
2012-01-28 21,21,13705,6,1
2012-01-28 22,22,12843,6,1
2012-01-28 23,23,11989,6,1
2012-01-29 00,0,11411,7,0
2012-01-29 01,1,10597,7,0
2012-01-29 02,2,10136,7,0
2012-01-29 03,3,9888,7,0
2012-01-29 04,4,10068,7,0
2012-01-29 05,5,10091,7,0
2012-01-29 06,6,10464,7,0
2012-01-29 07,7,12420,7,0
2012-01-29 08,8,13708,7,0
2012-01-29 09,9,14293,7,0
2012-01-29 10,10,14731,7,0
2012-01-29 11,11,14839,7,0
2012-01-29 12,12,14818,7,0
2012-01-29 13,13,14217,7,0
2012-01-29 14,14,14139,7,0
2012-01-29 15,15,14235,7,0
2012-01-29 16,16,14324,7,0
2012-01-29 17,17,14955,7,0
2012-01-29 18,18,15791,7,0
2012-01-29 19,19,15835,7,0
2012-01-29 20,20,15767,7,0
2012-01-29 21,21,15145,7,0
2012-01-29 22,22,14550,7,0
2012-01-29 23,23,13649,7,0
2012-01-30 00,0,12985,1,0
2012-01-30 01,1,11488,1,0
2012-01-30 02,2,10896,1,0
2012-01-30 03,3,10484,1,0
2012-01-30 04,4,10451,1,0
2012-01-30 05,5,10909,1,0
2012-01-30 06,6,10942,1,0
2012-01-30 07,7,12527,1,0
2012-01-30 08,8,14876,1,0
2012-01-30 09,9,16173,1,0
2012-01-30 10,10,16285,1,0
2012-01-30 11,11,16207,1,0
2012-01-30 12,12,16127,1,0
2012-01-30 13,13,16078,1,0
2012-01-30 14,14,16029,1,0
2012-01-30 15,15,16233,1,0
2012-01-30 16,16,16309,1,0
2012-01-30 17,17,16136,1,0
2012-01-30 18,18,16200,1,0
2012-01-30 19,19,16027,1,0
2012-01-30 20,20,15681,1,0
2012-01-30 21,21,15324,1,0
2012-01-30 22,22,14404,1,0
2012-01-30 23,23,13375,1,0
2012-01-31 00,0,12365,2,0
2012-01-31 01,1,11696,2,0
2012-01-31 02,2,11243,2,0
2012-01-31 03,3,10919,2,0
2012-01-31 04,4,11016,2,0
2012-01-31 05,5,11281,2,0
2012-01-31 06,6,11510,2,0
2012-01-31 07,7,13365,2,0
2012-01-31 08,8,15591,2,0
2012-01-31 09,9,16341,2,0
2012-01-31 10,10,16514,2,0
2012-01-31 11,11,16239,2,0
2012-01-31 12,12,16126,2,0
2012-01-31 13,13,16322,2,0
2012-01-31 14,14,16385,2,0
2012-01-31 15,15,16399,2,0
2012-01-31 16,16,16265,2,0
2012-01-31 17,17,15909,2,0
2012-01-31 18,18,16284,2,0
2012-01-31 19,19,16085,2,0
2012-01-31 20,20,16059,2,0
2012-01-31 21,21,15670,2,0
2012-01-31 22,22,15057,2,0
2012-01-31 23,23,13870,2,0
2012-02-01 00,0,12749,3,0
2012-02-01 01,1,11696,3,0
2012-02-01 02,2,11243,3,0
2012-02-01 03,3,11002,3,0
2012-02-01 04,4,11012,3,0
2012-02-01 05,5,11281,3,0
2012-02-01 06,6,11516,3,0
2012-02-01 07,7,13358,3,0
2012-02-01 08,8,15825,3,0
2012-02-01 09,9,17103,3,0
2012-02-01 10,10,17513,3,0
2012-02-01 11,11,17341,3,0
2012-02-01 12,12,17255,3,0
2012-02-01 13,13,17136,3,0
2012-02-01 14,14,16672,3,0
2012-02-01 15,15,16224,3,0
2012-02-01 16,16,15791,3,0
2012-02-01 17,17,15718,3,0
2012-02-01 18,18,15784,3,0
2012-02-01 19,19,15685,3,0
2012-02-01 20,20,15669,3,0
2012-02-01 21,21,15355,3,0
2012-02-01 22,22,14657,3,0
2012-02-01 23,23,13870,3,0
2012-02-02 00,0,12749,4,0
2012-02-02 01,1,12445,4,0
2012-02-02 02,2,12003,4,0
2012-02-02 03,3,11772,4,0
2012-02-02 04,4,11820,4,0
2012-02-02 05,5,12355,4,0
2012-02-02 06,6,13573,4,0
2012-02-02 07,7,15158,4,0
2012-02-02 08,8,17478,4,0
2012-02-02 09,9,18793,4,0
2012-02-02 10,10,19049,4,0
2012-02-02 11,11,18945,4,0
2012-02-02 12,12,18419,4,0
2012-02-02 13,13,18607,4,0
2012-02-02 14,14,18387,4,0
2012-02-02 15,15,18541,4,0
2012-02-02 16,16,18728,4,0
2012-02-02 17,17,18629,4,0
2012-02-02 18,18,18904,4,0
2012-02-02 19,19,18999,4,0
2012-02-02 20,20,18822,4,0
2012-02-02 21,21,18385,4,0
2012-02-02 22,22,17521,4,0
2012-02-02 23,23,16082,4,0
2012-02-03 00,0,14619,5,0
2012-02-03 01,1,13487,5,0
2012-02-03 02,2,12840,5,0
2012-02-03 03,3,12413,5,0
2012-02-03 04,4,12393,5,0
2012-02-03 05,5,12869,5,0
2012-02-03 06,6,13321,5,0
2012-02-03 07,7,15208,5,0
2012-02-03 08,8,17952,5,0
2012-02-03 09,9,18976,5,0
2012-02-03 10,10,19277,5,0
2012-02-03 11,11,18871,5,0
2012-02-03 12,12,18443,5,0
2012-02-03 13,13,18503,5,0
2012-02-03 14,14,18327,5,0
2012-02-03 15,15,18420,5,0
2012-02-03 16,16,18475,5,0
2012-02-03 17,17,18450,5,0
2012-02-03 18,18,18715,5,0
2012-02-03 19,19,18869,5,0
2012-02-03 20,20,18771,5,0
2012-02-03 21,21,18330,5,0
2012-02-03 22,22,17018,5,0
2012-02-03 23,23,15605,5,0
2012-02-04 00,0,14153,6,1
2012-02-04 01,1,13115,6,1
2012-02-04 02,2,12874,6,1
2012-02-04 03,3,12577,6,1
2012-02-04 04,4,12328,6,1
2012-02-04 05,5,12657,6,1
2012-02-04 06,6,12784,6,1
2012-02-04 07,7,14049,6,1
2012-02-04 08,8,16002,6,1
2012-02-04 09,9,16947,6,1
2012-02-04 10,10,17315,6,1
2012-02-04 11,11,17076,6,1
2012-02-04 12,12,16961,6,1
2012-02-04 13,13,16896,6,1
2012-02-04 14,14,16613,6,1
2012-02-04 15,15,16725,6,1
2012-02-04 16,16,17015,6,1
2012-02-04 17,17,17939,6,1
2012-02-04 18,18,17810,6,1
2012-02-04 19,19,17877,6,1
2012-02-04 20,20,17765,6,1
2012-02-04 21,21,17414,6,1
2012-02-04 22,22,16506,6,1
2012-02-04 23,23,15200,6,1
2012-02-05 00,0,13871,7,1
2012-02-05 01,1,12917,7,1
2012-02-05 02,2,12295,7,1
2012-02-05 03,3,11937,7,1
2012-02-05 04,4,11890,7,1
2012-02-05 05,5,12056,7,1
2012-02-05 06,6,12256,7,1
2012-02-05 07,7,12953,7,1
2012-02-05 08,8,14607,7,1
2012-02-05 09,9,15620,7,1
2012-02-05 10,10,16308,7,1
2012-02-05 11,11,16270,7,1
2012-02-05 12,12,16199,7,1
2012-02-05 13,13,16321,7,1
2012-02-05 14,14,16082,7,1
2012-02-05 15,15,16195,7,1
2012-02-05 16,16,17019,7,1
2012-02-05 17,17,17127,7,1
2012-02-05 18,18,17060,7,1
2012-02-05 19,19,17173,7,1
2012-02-05 20,20,16958,7,1
2012-02-05 21,21,16668,7,1
2012-02-05 22,22,15641,7,1
2012-02-05 23,23,14497,7,1
2012-02-06 00,0,13268,1,0
2012-02-06 01,1,12443,1,0
2012-02-06 02,2,12085,1,0
2012-02-06 03,3,11473,1,0
2012-02-06 04,4,11284,1,0
2012-02-06 05,5,12017,1,0
2012-02-06 06,6,13184,1,0
2012-02-06 07,7,14950,1,0
2012-02-06 08,8,17155,1,0
2012-02-06 09,9,18493,1,0
2012-02-06 10,10,18980,1,0
2012-02-06 11,11,18881,1,0
2012-02-06 12,12,18596,1,0
2012-02-06 13,13,18649,1,0
2012-02-06 14,14,18534,1,0
2012-02-06 15,15,18609,1,0
2012-02-06 16,16,18641,1,0
2012-02-06 17,17,18441,1,0
2012-02-06 18,18,18612,1,0
2012-02-06 19,19,18613,1,0
2012-02-06 20,20,18460,1,0
2012-02-06 21,21,18128,1,0
2012-02-06 22,22,17202,1,0
2012-02-06 23,23,15656,1,0
2012-02-07 00,0,13979,2,0
2012-02-07 01,1,12965,2,0
2012-02-07 02,2,12382,2,0
2012-02-07 03,3,12072,2,0
2012-02-07 04,4,12256,2,0
2012-02-07 05,5,12698,2,0
2012-02-07 06,6,13427,2,0
2012-02-07 07,7,15500,2,0
2012-02-07 08,8,18427,2,0
2012-02-07 09,9,19929,2,0
2012-02-07 10,10,20304,2,0
2012-02-07 11,11,20123,2,0
2012-02-07 12,12,19658,2,0
2012-02-07 13,13,19510,2,0
2012-02-07 14,14,19455,2,0
2012-02-07 15,15,19345,2,0
2012-02-07 16,16,19450,2,0
2012-02-07 17,17,19586,2,0
2012-02-07 18,18,19569,2,0
2012-02-07 19,19,19692,2,0
2012-02-07 20,20,19519,2,0
2012-02-07 21,21,18929,2,0
2012-02-07 22,22,17946,2,0
2012-02-07 23,23,16183,2,0
2012-02-08 00,0,14506,3,0
2012-02-08 01,1,13919,3,0
2012-02-08 02,2,13374,3,0
2012-02-08 03,3,13041,3,0
2012-02-08 04,4,13226,3,0
2012-02-08 05,5,13489,3,0
2012-02-08 06,6,14023,3,0
2012-02-08 07,7,16175,3,0
2012-02-08 08,8,19269,3,0
2012-02-08 09,9,20717,3,0
2012-02-08 10,10,21177,3,0
2012-02-08 11,11,20965,3,0
2012-02-08 12,12,20444,3,0
2012-02-08 13,13,20036,3,0
2012-02-08 14,14,19689,3,0
2012-02-08 15,15,19707,3,0
2012-02-08 16,16,19730,3,0
2012-02-08 17,17,19983,3,0
2012-02-08 18,18,19936,3,0
2012-02-08 19,19,20039,3,0
2012-02-08 20,20,19853,3,0
2012-02-08 21,21,19540,3,0
2012-02-08 22,22,18314,3,0
2012-02-08 23,23,16690,3,0
2012-02-09 00,0,15062,4,0
2012-02-09 01,1,13913,4,0
2012-02-09 02,2,13405,4,0
2012-02-09 03,3,13298,4,0
2012-02-09 04,4,13277,4,0
2012-02-09 05,5,13962,4,0
2012-02-09 06,6,14643,4,0
2012-02-09 07,7,16516,4,0
2012-02-09 08,8,19396,4,0
2012-02-09 09,9,20395,4,0
2012-02-09 10,10,20680,4,0
2012-02-09 11,11,20326,4,0
2012-02-09 12,12,20052,4,0
2012-02-09 13,13,20284,4,0
2012-02-09 14,14,19790,4,0
2012-02-09 15,15,19680,4,0
2012-02-09 16,16,19643,4,0
2012-02-09 17,17,19605,4,0
2012-02-09 18,18,20125,4,0
2012-02-09 19,19,20188,4,0
2012-02-09 20,20,20006,4,0
2012-02-09 21,21,19684,4,0
2012-02-09 22,22,18778,4,0
2012-02-09 23,23,17197,4,0
2012-02-10 00,0,15704,5,0
2012-02-10 01,1,14136,5,0
2012-02-10 02,2,13584,5,0
2012-02-10 03,3,13434,5,0
2012-02-10 04,4,13033,5,0
2012-02-10 05,5,13780,5,0
2012-02-10 06,6,14456,5,0
2012-02-10 07,7,16199,5,0
2012-02-10 08,8,19058,5,0
2012-02-10 09,9,20778,5,0
2012-02-10 10,10,21249,5,0
2012-02-10 11,11,21150,5,0
2012-02-10 12,12,20775,5,0
2012-02-10 13,13,20622,5,0
2012-02-10 14,14,21354,5,0
2012-02-10 15,15,20878,5,0
2012-02-10 16,16,19591,5,0
2012-02-10 17,17,19473,5,0
2012-02-10 18,18,19782,5,0
2012-02-10 19,19,19988,5,0
2012-02-10 20,20,19801,5,0
2012-02-10 21,21,19380,5,0
2012-02-10 22,22,18093,5,0
2012-02-10 23,23,16533,5,0
2012-02-11 00,0,14966,6,1
2012-02-11 01,1,14367,6,1
2012-02-11 02,2,13900,6,1
2012-02-11 03,3,13547,6,1
2012-02-11 04,4,13345,6,1
2012-02-11 05,5,13568,6,1
2012-02-11 06,6,13702,6,1
2012-02-11 07,7,14966,6,1
2012-02-11 08,8,16712,6,1
2012-02-11 09,9,17925,6,1
2012-02-11 10,10,18313,6,1
2012-02-11 11,11,18174,6,1
2012-02-11 12,12,17903,6,1
2012-02-11 13,13,17775,6,1
2012-02-11 14,14,17517,6,1
2012-02-11 15,15,17641,6,1
2012-02-11 16,16,18026,6,1
2012-02-11 17,17,18924,6,1
2012-02-11 18,18,18945,6,1
2012-02-11 19,19,18853,6,1
2012-02-11 20,20,18778,6,1
2012-02-11 21,21,18390,6,1
2012-02-11 22,22,17549,6,1
2012-02-11 23,23,16351,6,1
2012-02-12 00,0,14741,7,1
2012-02-12 01,1,13524,7,1
2012-02-12 02,2,13002,7,1
2012-02-12 03,3,12566,7,1
2012-02-12 04,4,12467,7,1
2012-02-12 05,5,12727,7,1
2012-02-12 06,6,12729,7,1
2012-02-12 07,7,13841,7,1
2012-02-12 08,8,15431,7,1
2012-02-12 09,9,16509,7,1
2012-02-12 10,10,17108,7,1
2012-02-12 11,11,17047,7,1
2012-02-12 12,12,17135,7,1
2012-02-12 13,13,17046,7,1
2012-02-12 14,14,17018,7,1
2012-02-12 15,15,17096,7,1
2012-02-12 16,16,17725,7,1
2012-02-12 17,17,17961,7,1
2012-02-12 18,18,17871,7,1
2012-02-12 19,19,17881,7,1
2012-02-12 20,20,17804,7,1
2012-02-12 21,21,17407,7,1
2012-02-12 22,22,16406,7,1
2012-02-12 23,23,15266,7,1
2012-02-13 00,0,14043,1,0
2012-02-13 01,1,12948,1,0
2012-02-13 02,2,12365,1,0
2012-02-13 03,3,12019,1,0
2012-02-13 04,4,11905,1,0
2012-02-13 05,5,12585,1,0
2012-02-13 06,6,13215,1,0
2012-02-13 07,7,15379,1,0
2012-02-13 08,8,18584,1,0
2012-02-13 09,9,19943,1,0
2012-02-13 10,10,20280,1,0
2012-02-13 11,11,20181,1,0
2012-02-13 12,12,18716,1,0
2012-02-13 13,13,18567,1,0
2012-02-13 14,14,18451,1,0
2012-02-13 15,15,18444,1,0
2012-02-13 16,16,18499,1,0
2012-02-13 17,17,18382,1,0
2012-02-13 18,18,18257,1,0
2012-02-13 19,19,18118,1,0
2012-02-13 20,20,17969,1,0
2012-02-13 21,21,17942,1,0
2012-02-13 22,22,17014,1,0
2012-02-13 23,23,15674,1,0
2012-02-14 00,0,13982,2,0
2012-02-14 01,1,13220,2,0
2012-02-14 02,2,12921,2,0
2012-02-14 03,3,12537,2,0
2012-02-14 04,4,12569,2,0
2012-02-14 05,5,12901,2,0
2012-02-14 06,6,13468,2,0
2012-02-14 07,7,15469,2,0
2012-02-14 08,8,18535,2,0
2012-02-14 09,9,20057,2,0
2012-02-14 10,10,20399,2,0
2012-02-14 11,11,20132,2,0
2012-02-14 12,12,19527,2,0
2012-02-14 13,13,19247,2,0
2012-02-14 14,14,19045,2,0
2012-02-14 15,15,19136,2,0
2012-02-14 16,16,19425,2,0
2012-02-14 17,17,19234,2,0
2012-02-14 18,18,19122,2,0
2012-02-14 19,19,18823,2,0
2012-02-14 20,20,18595,2,0
2012-02-14 21,21,18003,2,0
2012-02-14 22,22,17030,2,0
2012-02-14 23,23,15666,2,0
2012-02-15 00,0,14166,3,0
2012-02-15 01,1,13602,3,0
2012-02-15 02,2,13095,3,0
2012-02-15 03,3,12847,3,0
2012-02-15 04,4,12794,3,0
2012-02-15 05,5,13177,3,0
2012-02-15 06,6,13942,3,0
2012-02-15 07,7,16421,3,0
2012-02-15 08,8,18922,3,0
2012-02-15 09,9,20172,3,0
2012-02-15 10,10,20539,3,0
2012-02-15 11,11,20323,3,0
2012-02-15 12,12,19877,3,0
2012-02-15 13,13,19960,3,0
2012-02-15 14,14,19864,3,0
2012-02-15 15,15,19827,3,0
2012-02-15 16,16,19844,3,0
2012-02-15 17,17,19473,3,0
2012-02-15 18,18,19351,3,0
2012-02-15 19,19,19500,3,0
2012-02-15 20,20,19270,3,0
2012-02-15 21,21,18755,3,0
2012-02-15 22,22,17727,3,0
2012-02-15 23,23,16358,3,0
2012-02-16 00,0,14702,4,0
2012-02-16 01,1,13467,4,0
2012-02-16 02,2,13012,4,0
2012-02-16 03,3,12861,4,0
2012-02-16 04,4,12760,4,0
2012-02-16 05,5,13166,4,0
2012-02-16 06,6,13946,4,0
2012-02-16 07,7,15879,4,0
2012-02-16 08,8,19050,4,0
2012-02-16 09,9,20154,4,0
2012-02-16 10,10,20545,4,0
2012-02-16 11,11,20123,4,0
2012-02-16 12,12,19775,4,0
2012-02-16 13,13,19646,4,0
2012-02-16 14,14,19640,4,0
2012-02-16 15,15,19632,4,0
2012-02-16 16,16,19736,4,0
2012-02-16 17,17,19328,4,0
2012-02-16 18,18,19278,4,0
2012-02-16 19,19,19056,4,0
2012-02-16 20,20,18851,4,0
2012-02-16 21,21,18267,4,0
2012-02-16 22,22,17522,4,0
2012-02-16 23,23,16175,4,0
2012-02-17 00,0,14761,5,0
2012-02-17 01,1,13662,5,0
2012-02-17 02,2,13066,5,0
2012-02-17 03,3,12895,5,0
2012-02-17 04,4,12826,5,0
2012-02-17 05,5,13194,5,0
2012-02-17 06,6,14182,5,0
2012-02-17 07,7,15914,5,0
2012-02-17 08,8,19003,5,0
2012-02-17 09,9,19786,5,0
2012-02-17 10,10,20084,5,0
2012-02-17 11,11,19748,5,0
2012-02-17 12,12,19427,5,0
2012-02-17 13,13,19651,5,0
2012-02-17 14,14,19892,5,0
2012-02-17 15,15,19808,5,0
2012-02-17 16,16,19834,5,0
2012-02-17 17,17,19504,5,0
2012-02-17 18,18,19667,5,0
2012-02-17 19,19,19669,5,0
2012-02-17 20,20,19504,5,0
2012-02-17 21,21,18962,5,0
2012-02-17 22,22,17685,5,0
2012-02-17 23,23,16358,5,0
2012-02-18 00,0,14657,6,1
2012-02-18 01,1,13460,6,1
2012-02-18 02,2,13020,6,1
2012-02-18 03,3,12699,6,1
2012-02-18 04,4,12640,6,1
2012-02-18 05,5,13235,6,1
2012-02-18 06,6,13565,6,1
2012-02-18 07,7,14474,6,1
2012-02-18 08,8,16428,6,1
2012-02-18 09,9,17590,6,1
2012-02-18 10,10,17957,6,1
2012-02-18 11,11,17441,6,1
2012-02-18 12,12,17337,6,1
2012-02-18 13,13,17385,6,1
2012-02-18 14,14,17167,6,1
2012-02-18 15,15,17294,6,1
2012-02-18 16,16,17606,6,1
2012-02-18 17,17,18203,6,1
2012-02-18 18,18,18323,6,1
2012-02-18 19,19,18306,6,1
2012-02-18 20,20,18160,6,1
2012-02-18 21,21,17812,6,1
2012-02-18 22,22,16761,6,1
2012-02-18 23,23,15590,6,1
2012-02-19 00,0,14296,7,1
2012-02-19 01,1,13127,7,1
2012-02-19 02,2,12592,7,1
2012-02-19 03,3,12192,7,1
2012-02-19 04,4,12145,7,1
2012-02-19 05,5,12355,7,1
2012-02-19 06,6,12333,7,1
2012-02-19 07,7,13454,7,1
2012-02-19 08,8,15006,7,1
2012-02-19 09,9,16070,7,1
2012-02-19 10,10,16762,7,1
2012-02-19 11,11,16665,7,1
2012-02-19 12,12,16652,7,1
2012-02-19 13,13,16670,7,1
2012-02-19 14,14,16534,7,1
2012-02-19 15,15,16650,7,1
2012-02-19 16,16,17361,7,1
2012-02-19 17,17,17691,7,1
2012-02-19 18,18,17682,7,1
2012-02-19 19,19,17861,7,1
2012-02-19 20,20,17523,7,1
2012-02-19 21,21,17121,7,1
2012-02-19 22,22,16093,7,1
2012-02-19 23,23,14899,7,1
2012-02-20 00,0,14083,1,0
2012-02-20 01,1,13200,1,0
2012-02-20 02,2,12372,1,0
2012-02-20 03,3,12199,1,0
2012-02-20 04,4,12053,1,0
2012-02-20 05,5,12562,1,0
2012-02-20 06,6,13088,1,0
2012-02-20 07,7,15864,1,0
2012-02-20 08,8,18381,1,0
2012-02-20 09,9,19823,1,0
2012-02-20 10,10,20297,1,0
2012-02-20 11,11,20230,1,0
2012-02-20 12,12,18929,1,0
2012-02-20 13,13,18989,1,0
2012-02-20 14,14,18894,1,0
2012-02-20 15,15,18978,1,0
2012-02-20 16,16,18989,1,0
2012-02-20 17,17,18817,1,0
2012-02-20 18,18,18901,1,0
2012-02-20 19,19,18901,1,0
2012-02-20 20,20,18748,1,0
2012-02-20 21,21,18603,1,0
2012-02-20 22,22,17678,1,0
2012-02-20 23,23,16135,1,0
2012-02-21 00,0,14458,2,0
2012-02-21 01,1,13640,2,0
2012-02-21 02,2,13052,2,0
2012-02-21 03,3,12759,2,0
2012-02-21 04,4,12709,2,0
2012-02-21 05,5,13350,2,0
2012-02-21 06,6,13806,2,0
2012-02-21 07,7,15896,2,0
2012-02-21 08,8,18706,2,0
2012-02-21 09,9,19955,2,0
2012-02-21 10,10,20087,2,0
2012-02-21 11,11,19818,2,0
2012-02-21 12,12,19208,2,0
2012-02-21 13,13,18979,2,0
2012-02-21 14,14,18926,2,0
2012-02-21 15,15,18814,2,0
2012-02-21 16,16,18824,2,0
2012-02-21 17,17,18547,2,0
2012-02-21 18,18,18987,2,0
2012-02-21 19,19,19075,2,0
2012-02-21 20,20,18941,2,0
2012-02-21 21,21,18554,2,0
2012-02-21 22,22,17758,2,0
2012-02-21 23,23,16639,2,0
2012-02-22 00,0,14989,3,0
2012-02-22 01,1,13640,3,0
2012-02-22 02,2,12881,3,0
2012-02-22 03,3,12591,3,0
2012-02-22 04,4,12381,3,0
2012-02-22 05,5,13216,3,0
2012-02-22 06,6,13594,3,0
2012-02-22 07,7,15698,3,0
2012-02-22 08,8,18289,3,0
2012-02-22 09,9,18924,3,0
2012-02-22 10,10,19245,3,0
2012-02-22 11,11,19082,3,0
2012-02-22 12,12,19002,3,0
2012-02-22 13,13,18788,3,0
2012-02-22 14,14,18720,3,0
2012-02-22 15,15,18608,3,0
2012-02-22 16,16,18611,3,0
2012-02-22 17,17,18341,3,0
2012-02-22 18,18,18781,3,0
2012-02-22 19,19,18880,3,0
2012-02-22 20,20,18735,3,0
2012-02-22 21,21,18142,3,0
2012-02-22 22,22,16946,3,0
2012-02-22 23,23,15829,3,0
2012-02-23 00,0,13970,4,0
2012-02-23 01,1,12933,4,0
2012-02-23 02,2,12441,4,0
2012-02-23 03,3,12325,4,0
2012-02-23 04,4,12361,4,0
2012-02-23 05,5,12608,4,0
2012-02-23 06,6,13834,4,0
2012-02-23 07,7,15804,4,0
2012-02-23 08,8,18105,4,0
2012-02-23 09,9,19201,4,0
2012-02-23 10,10,19728,4,0
2012-02-23 11,11,19473,4,0
2012-02-23 12,12,18867,4,0
2012-02-23 13,13,18979,4,0
2012-02-23 14,14,18822,4,0
2012-02-23 15,15,18663,4,0
2012-02-23 16,16,18640,4,0
2012-02-23 17,17,18112,4,0
2012-02-23 18,18,18067,4,0
2012-02-23 19,19,18212,4,0
2012-02-23 20,20,17989,4,0
2012-02-23 21,21,17489,4,0
2012-02-23 22,22,16429,4,0
2012-02-23 23,23,15019,4,0
2012-02-24 00,0,13663,5,0
2012-02-24 01,1,13518,5,0
2012-02-24 02,2,13115,5,0
2012-02-24 03,3,12872,5,0
2012-02-24 04,4,12561,5,0
2012-02-24 05,5,13094,5,0
2012-02-24 06,6,13842,5,0
2012-02-24 07,7,15812,5,0
2012-02-24 08,8,18577,5,0
2012-02-24 09,9,19752,5,0
2012-02-24 10,10,20109,5,0
2012-02-24 11,11,19897,5,0
2012-02-24 12,12,19182,5,0
2012-02-24 13,13,19323,5,0
2012-02-24 14,14,19337,5,0
2012-02-24 15,15,20238,5,0
2012-02-24 16,16,19238,5,0
2012-02-24 17,17,18863,5,0
2012-02-24 18,18,18855,5,0
2012-02-24 19,19,18977,5,0
2012-02-24 20,20,18836,5,0
2012-02-24 21,21,18309,5,0
2012-02-24 22,22,17210,5,0
2012-02-24 23,23,15776,5,0
2012-02-25 00,0,14381,6,1
2012-02-25 01,1,13422,6,1
2012-02-25 02,2,12990,6,1
2012-02-25 03,3,12813,6,1
2012-02-25 04,4,12698,6,1
2012-02-25 05,5,13154,6,1
2012-02-25 06,6,13262,6,1
2012-02-25 07,7,14637,6,1
2012-02-25 08,8,16657,6,1
2012-02-25 09,9,17181,6,1
2012-02-25 10,10,17733,6,1
2012-02-25 11,11,17476,6,1
2012-02-25 12,12,17007,6,1
2012-02-25 13,13,16968,6,1
2012-02-25 14,14,16900,6,1
2012-02-25 15,15,16940,6,1
2012-02-25 16,16,17260,6,1
2012-02-25 17,17,17558,6,1
2012-02-25 18,18,18240,6,1
2012-02-25 19,19,18510,6,1
2012-02-25 20,20,18567,6,1
2012-02-25 21,21,17843,6,1
2012-02-25 22,22,17207,6,1
2012-02-25 23,23,16357,6,1
2012-02-26 00,0,14592,7,1
2012-02-26 01,1,13399,7,1
2012-02-26 02,2,13014,7,1
2012-02-26 03,3,12733,7,1
2012-02-26 04,4,12618,7,1
2012-02-26 05,5,13083,7,1
2012-02-26 06,6,13096,7,1
2012-02-26 07,7,13798,7,1
2012-02-26 08,8,15462,7,1
2012-02-26 09,9,16258,7,1
2012-02-26 10,10,16558,7,1
2012-02-26 11,11,16494,7,1
2012-02-26 12,12,15817,7,1
2012-02-26 13,13,15795,7,1
2012-02-26 14,14,15603,7,1
2012-02-26 15,15,15909,7,1
2012-02-26 16,16,16338,7,1
2012-02-26 17,17,17163,7,1
2012-02-26 18,18,17985,7,1
2012-02-26 19,19,18453,7,1
2012-02-26 20,20,18382,7,1
2012-02-26 21,21,18051,7,1
2012-02-26 22,22,16807,7,1
2012-02-26 23,23,15441,7,1
2012-02-27 00,0,14174,1,0
2012-02-27 01,1,13206,1,0
2012-02-27 02,2,12499,1,0
2012-02-27 03,3,12194,1,0
2012-02-27 04,4,12215,1,0
2012-02-27 05,5,12838,1,0
2012-02-27 06,6,13584,1,0
2012-02-27 07,7,15617,1,0
2012-02-27 08,8,18882,1,0
2012-02-27 09,9,20443,1,0
2012-02-27 10,10,21023,1,0
2012-02-27 11,11,20775,1,0
2012-02-27 12,12,19016,1,0
2012-02-27 13,13,19089,1,0
2012-02-27 14,14,18924,1,0
2012-02-27 15,15,18991,1,0
2012-02-27 16,16,19031,1,0
2012-02-27 17,17,18846,1,0
2012-02-27 18,18,18995,1,0
2012-02-27 19,19,18976,1,0
2012-02-27 20,20,18568,1,0
2012-02-27 21,21,18367,1,0
2012-02-27 22,22,17301,1,0
2012-02-27 23,23,15827,1,0
2012-02-28 00,0,14775,2,0
2012-02-28 01,1,13467,2,0
2012-02-28 02,2,13247,2,0
2012-02-28 03,3,13028,2,0
2012-02-28 04,4,13068,2,0
2012-02-28 05,5,13390,2,0
2012-02-28 06,6,13773,2,0
2012-02-28 07,7,15988,2,0
2012-02-28 08,8,19142,2,0
2012-02-28 09,9,20961,2,0
2012-02-28 10,10,21217,2,0
2012-02-28 11,11,21241,2,0
2012-02-28 12,12,19881,2,0
2012-02-28 13,13,19848,2,0
2012-02-28 14,14,19748,2,0
2012-02-28 15,15,19594,2,0
2012-02-28 16,16,19822,2,0
2012-02-28 17,17,19485,2,0
2012-02-28 18,18,19551,2,0
2012-02-28 19,19,19573,2,0
2012-02-28 20,20,19158,2,0
2012-02-28 21,21,18488,2,0
2012-02-28 22,22,17772,2,0
2012-02-28 23,23,16391,2,0
2012-02-29 00,0,14836,3,0
2012-02-29 01,1,14170,3,0
2012-02-29 02,2,13464,3,0
2012-02-29 03,3,13095,3,0
2012-02-29 04,4,12959,3,0
2012-02-29 05,5,13607,3,0
2012-02-29 06,6,14181,3,0
2012-02-29 07,7,16036,3,0
2012-02-29 08,8,18927,3,0
2012-02-29 09,9,20007,3,0
2012-02-29 10,10,20061,3,0
2012-02-29 11,11,19892,3,0
2012-02-29 12,12,19609,3,0
2012-02-29 13,13,19610,3,0
2012-02-29 14,14,19637,3,0
2012-02-29 15,15,19619,3,0
2012-02-29 16,16,19739,3,0
2012-02-29 17,17,19306,3,0
2012-02-29 18,18,19565,3,0
2012-02-29 19,19,19557,3,0
2012-02-29 20,20,19363,3,0
2012-02-29 21,21,18891,3,0
2012-02-29 22,22,17638,3,0
2012-02-29 23,23,16153,3,0
2012-03-01 00,0,14368,4,0
2012-03-01 01,1,13454,4,0
2012-03-01 02,2,13002,4,0
2012-03-01 03,3,12695,4,0
2012-03-01 04,4,12645,4,0
2012-03-01 05,5,13035,4,0
2012-03-01 06,6,14116,4,0
2012-03-01 07,7,15708,4,0
2012-03-01 08,8,18823,4,0
2012-03-01 09,9,19658,4,0
2012-03-01 10,10,19938,4,0
2012-03-01 11,11,19613,4,0
2012-03-01 12,12,19309,4,0
2012-03-01 13,13,19310,4,0
2012-03-01 14,14,19337,4,0
2012-03-01 15,15,19319,4,0
2012-03-01 16,16,19439,4,0
2012-03-01 17,17,18908,4,0
2012-03-01 18,18,19165,4,0
2012-03-01 19,19,19157,4,0
2012-03-01 20,20,19062,4,0
2012-03-01 21,21,18591,4,0
2012-03-01 22,22,17338,4,0
2012-03-01 23,23,15853,4,0
2012-03-02 00,0,14186,5,0
2012-03-02 01,1,13433,5,0
2012-03-02 02,2,13023,5,0
2012-03-02 03,3,12709,5,0
2012-03-02 04,4,12731,5,0
2012-03-02 05,5,13043,5,0
2012-03-02 06,6,14046,5,0
2012-03-02 07,7,16144,5,0
2012-03-02 08,8,18835,5,0
2012-03-02 09,9,19810,5,0
2012-03-02 10,10,20284,5,0
2012-03-02 11,11,19826,5,0
2012-03-02 12,12,19040,5,0
2012-03-02 13,13,19283,5,0
2012-03-02 14,14,18965,5,0
2012-03-02 15,15,19054,5,0
2012-03-02 16,16,18945,5,0
2012-03-02 17,17,18636,5,0
2012-03-02 18,18,19014,5,0
2012-03-02 19,19,18950,5,0
2012-03-02 20,20,18734,5,0
2012-03-02 21,21,18172,5,0
2012-03-02 22,22,17160,5,0
2012-03-02 23,23,15768,5,0
2012-03-03 00,0,14453,6,1
2012-03-03 01,1,13544,6,1
2012-03-03 02,2,13116,6,1
2012-03-03 03,3,12727,6,1
2012-03-03 04,4,12390,6,1
2012-03-03 05,5,12726,6,1
2012-03-03 06,6,12807,6,1
2012-03-03 07,7,14360,6,1
2012-03-03 08,8,16307,6,1
2012-03-03 09,9,17764,6,1
2012-03-03 10,10,18535,6,1
2012-03-03 11,11,18418,6,1
2012-03-03 12,12,18138,6,1
2012-03-03 13,13,18227,6,1
2012-03-03 14,14,18176,6,1
2012-03-03 15,15,18242,6,1
2012-03-03 16,16,18425,6,1
2012-03-03 17,17,18433,6,1
2012-03-03 18,18,18711,6,1
2012-03-03 19,19,18641,6,1
2012-03-03 20,20,18408,6,1
2012-03-03 21,21,18065,6,1
2012-03-03 22,22,17172,6,1
2012-03-03 23,23,16056,6,1
2012-03-04 00,0,14758,7,1
2012-03-04 01,1,13628,7,1
2012-03-04 02,2,13013,7,1
2012-03-04 03,3,12637,7,1
2012-03-04 04,4,12388,7,1
2012-03-04 05,5,12663,7,1
2012-03-04 06,6,12642,7,1
2012-03-04 07,7,13583,7,1
2012-03-04 08,8,15153,7,1
2012-03-04 09,9,16506,7,1
2012-03-04 10,10,16963,7,1
2012-03-04 11,11,16868,7,1
2012-03-04 12,12,16298,7,1
2012-03-04 13,13,16410,7,1
2012-03-04 14,14,16292,7,1
2012-03-04 15,15,16357,7,1
2012-03-04 16,16,16846,7,1
2012-03-04 17,17,17338,7,1
2012-03-04 18,18,18057,7,1
2012-03-04 19,19,18183,7,1
2012-03-04 20,20,18093,7,1
2012-03-04 21,21,17717,7,1
2012-03-04 22,22,16454,7,1
2012-03-04 23,23,15184,7,1
2012-03-05 00,0,13914,1,0
2012-03-05 01,1,13133,1,0
2012-03-05 02,2,12517,1,0
2012-03-05 03,3,12270,1,0
2012-03-05 04,4,11931,1,0
2012-03-05 05,5,12742,1,0
2012-03-05 06,6,13643,1,0
2012-03-05 07,7,15704,1,0
2012-03-05 08,8,18423,1,0
2012-03-05 09,9,20014,1,0
2012-03-05 10,10,20358,1,0
2012-03-05 11,11,20142,1,0
2012-03-05 12,12,19496,1,0
2012-03-05 13,13,19496,1,0
2012-03-05 14,14,19293,1,0
2012-03-05 15,15,19397,1,0
2012-03-05 16,16,19517,1,0
2012-03-05 17,17,19199,1,0
2012-03-05 18,18,19319,1,0
2012-03-05 19,19,19257,1,0
2012-03-05 20,20,19085,1,0
2012-03-05 21,21,18419,1,0
2012-03-05 22,22,17345,1,0
2012-03-05 23,23,15865,1,0
2012-03-06 00,0,14122,2,0
2012-03-06 01,1,13305,2,0
2012-03-06 02,2,12983,2,0
2012-03-06 03,3,12958,2,0
2012-03-06 04,4,12953,2,0
2012-03-06 05,5,13248,2,0
2012-03-06 06,6,13948,2,0
2012-03-06 07,7,15794,2,0
2012-03-06 08,8,18380,2,0
2012-03-06 09,9,19518,2,0
2012-03-06 10,10,19647,2,0
2012-03-06 11,11,19458,2,0
2012-03-06 12,12,19715,2,0
2012-03-06 13,13,20019,2,0
2012-03-06 14,14,19756,2,0
2012-03-06 15,15,19790,2,0
2012-03-06 16,16,19685,2,0
2012-03-06 17,17,19101,2,0
2012-03-06 18,18,19085,2,0
2012-03-06 19,19,18918,2,0
2012-03-06 20,20,18778,2,0
2012-03-06 21,21,18370,2,0
2012-03-06 22,22,17517,2,0
2012-03-06 23,23,16344,2,0
2012-03-07 00,0,14943,3,0
2012-03-07 01,1,13518,3,0
2012-03-07 02,2,13069,3,0
2012-03-07 03,3,12735,3,0
2012-03-07 04,4,12569,3,0
2012-03-07 05,5,13434,3,0
2012-03-07 06,6,14255,3,0
2012-03-07 07,7,15753,3,0
2012-03-07 08,8,18414,3,0
2012-03-07 09,9,19986,3,0
2012-03-07 10,10,20429,3,0
2012-03-07 11,11,20251,3,0
2012-03-07 12,12,18810,3,0
2012-03-07 13,13,18831,3,0
2012-03-07 14,14,18770,3,0
2012-03-07 15,15,18786,3,0
2012-03-07 16,16,18782,3,0
2012-03-07 17,17,18454,3,0
2012-03-07 18,18,18354,3,0
2012-03-07 19,19,18460,3,0
2012-03-07 20,20,18046,3,0
2012-03-07 21,21,17794,3,0
2012-03-07 22,22,16653,3,0
2012-03-07 23,23,15276,3,0
2012-03-08 00,0,14200,4,0
2012-03-08 01,1,13581,4,0
2012-03-08 02,2,13167,4,0
2012-03-08 03,3,12998,4,0
2012-03-08 04,4,12967,4,0
2012-03-08 05,5,13263,4,0
2012-03-08 06,6,14052,4,0
2012-03-08 07,7,15817,4,0
2012-03-08 08,8,18967,4,0
2012-03-08 09,9,19917,4,0
2012-03-08 10,10,20306,4,0
2012-03-08 11,11,20040,4,0
2012-03-08 12,12,19444,4,0
2012-03-08 13,13,19540,4,0
2012-03-08 14,14,19363,4,0
2012-03-08 15,15,19476,4,0
2012-03-08 16,16,19542,4,0
2012-03-08 17,17,19186,4,0
2012-03-08 18,18,19342,4,0
2012-03-08 19,19,19312,4,0
2012-03-08 20,20,18967,4,0
2012-03-08 21,21,18623,4,0
2012-03-08 22,22,17897,4,0
2012-03-08 23,23,16541,4,0
2012-03-09 00,0,14958,5,0
2012-03-09 01,1,13620,5,0
2012-03-09 02,2,13126,5,0
2012-03-09 03,3,12910,5,0
2012-03-09 04,4,12879,5,0
2012-03-09 05,5,13391,5,0
2012-03-09 06,6,14142,5,0
2012-03-09 07,7,16140,5,0
2012-03-09 08,8,18852,5,0
2012-03-09 09,9,19808,5,0
2012-03-09 10,10,20032,5,0
2012-03-09 11,11,19443,5,0
2012-03-09 12,12,18731,5,0
2012-03-09 13,13,18715,5,0
2012-03-09 14,14,18510,5,0
2012-03-09 15,15,18647,5,0
2012-03-09 16,16,18550,5,0
2012-03-09 17,17,18258,5,0
2012-03-09 18,18,18505,5,0
2012-03-09 19,19,18678,5,0
2012-03-09 20,20,18395,5,0
2012-03-09 21,21,17935,5,0
2012-03-09 22,22,17115,5,0
2012-03-09 23,23,15862,5,0
2012-03-10 00,0,14782,6,1
2012-03-10 01,1,14066,6,1
2012-03-10 02,2,13342,6,1
2012-03-10 03,3,12963,6,1
2012-03-10 04,4,12847,6,1
2012-03-10 05,5,13097,6,1
2012-03-10 06,6,13084,6,1
2012-03-10 07,7,14598,6,1
2012-03-10 08,8,16435,6,1
2012-03-10 09,9,17514,6,1
2012-03-10 10,10,17884,6,1
2012-03-10 11,11,17887,6,1
2012-03-10 12,12,17192,6,1
2012-03-10 13,13,17263,6,1
2012-03-10 14,14,17125,6,1
2012-03-10 15,15,17314,6,1
2012-03-10 16,16,17379,6,1
2012-03-10 17,17,17308,6,1
2012-03-10 18,18,17644,6,1
2012-03-10 19,19,17564,6,1
2012-03-10 20,20,17486,6,1
2012-03-10 21,21,16944,6,1
2012-03-10 22,22,16507,6,1
2012-03-10 23,23,15246,6,1
2012-03-11 00,0,14160,7,1
2012-03-11 01,1,13337,7,1
2012-03-11 02,2,12745,7,1
2012-03-11 03,3,12291,7,1
2012-03-11 04,4,12292,7,1
2012-03-11 05,5,12145,7,1
2012-03-11 06,6,12252,7,1
2012-03-11 07,7,13403,7,1
2012-03-11 08,8,14753,7,1
2012-03-11 09,9,15690,7,1
2012-03-11 10,10,16200,7,1
2012-03-11 11,11,16149,7,1
2012-03-11 12,12,15889,7,1
2012-03-11 13,13,16054,7,1
2012-03-11 14,14,15876,7,1
2012-03-11 15,15,16083,7,1
2012-03-11 16,16,16481,7,1
2012-03-11 17,17,16631,7,1
2012-03-11 18,18,16936,7,1
2012-03-11 19,19,17079,7,1
2012-03-11 20,20,16949,7,1
2012-03-11 21,21,16648,7,1
2012-03-11 22,22,15772,7,1
2012-03-11 23,23,14497,7,1
2012-03-12 00,0,13733,1,0
2012-03-12 01,1,13020,1,0
2012-03-12 02,2,12594,1,0
2012-03-12 03,3,12256,1,0
2012-03-12 04,4,12256,1,0
2012-03-12 05,5,13035,1,0
2012-03-12 06,6,13707,1,0
2012-03-12 07,7,15451,1,0
2012-03-12 08,8,18514,1,0
2012-03-12 09,9,19690,1,0
2012-03-12 10,10,19863,1,0
2012-03-12 11,11,19465,1,0
2012-03-12 12,12,19175,1,0
2012-03-12 13,13,19198,1,0
2012-03-12 14,14,18934,1,0
2012-03-12 15,15,19060,1,0
2012-03-12 16,16,19092,1,0
2012-03-12 17,17,18750,1,0
2012-03-12 18,18,18969,1,0
2012-03-12 19,19,19023,1,0
2012-03-12 20,20,18553,1,0
2012-03-12 21,21,18242,1,0
2012-03-12 22,22,17007,1,0
2012-03-12 23,23,15638,1,0
2012-03-13 00,0,14156,2,0
2012-03-13 01,1,13457,2,0
2012-03-13 02,2,12892,2,0
2012-03-13 03,3,12819,2,0
2012-03-13 04,4,12819,2,0
2012-03-13 05,5,13088,2,0
2012-03-13 06,6,14051,2,0
2012-03-13 07,7,15728,2,0
2012-03-13 08,8,17995,2,0
2012-03-13 09,9,19217,2,0
2012-03-13 10,10,19335,2,0
2012-03-13 11,11,19166,2,0
2012-03-13 12,12,18598,2,0
2012-03-13 13,13,18658,2,0
2012-03-13 14,14,18472,2,0
2012-03-13 15,15,18493,2,0
2012-03-13 16,16,18551,2,0
2012-03-13 17,17,18261,2,0
2012-03-13 18,18,18470,2,0
2012-03-13 19,19,18500,2,0
2012-03-13 20,20,18072,2,0
2012-03-13 21,21,17693,2,0
2012-03-13 22,22,16718,2,0
2012-03-13 23,23,15467,2,0
2012-03-14 00,0,14237,3,0
2012-03-14 01,1,13587,3,0
2012-03-14 02,2,13067,3,0
2012-03-14 03,3,12857,3,0
2012-03-14 04,4,12525,3,0
2012-03-14 05,5,13309,3,0
2012-03-14 06,6,14090,3,0
2012-03-14 07,7,15926,3,0
2012-03-14 08,8,17762,3,0
2012-03-14 09,9,18488,3,0
2012-03-14 10,10,18444,3,0
2012-03-14 11,11,18058,3,0
2012-03-14 12,12,17999,3,0
2012-03-14 13,13,18027,3,0
2012-03-14 14,14,17964,3,0
2012-03-14 15,15,18083,3,0
2012-03-14 16,16,17940,3,0
2012-03-14 17,17,17847,3,0
2012-03-14 18,18,18289,3,0
2012-03-14 19,19,18432,3,0
2012-03-14 20,20,18381,3,0
2012-03-14 21,21,17890,3,0
2012-03-14 22,22,16733,3,0
2012-03-14 23,23,15668,3,0
2012-03-15 00,0,14316,4,0
2012-03-15 01,1,13637,4,0
2012-03-15 02,2,12787,4,0
2012-03-15 03,3,12425,4,0
2012-03-15 04,4,12196,4,0
2012-03-15 05,5,13207,4,0
2012-03-15 06,6,13827,4,0
2012-03-15 07,7,15490,4,0
2012-03-15 08,8,17555,4,0
2012-03-15 09,9,18265,4,0
2012-03-15 10,10,18629,4,0
2012-03-15 11,11,18235,4,0
2012-03-15 12,12,17531,4,0
2012-03-15 13,13,17501,4,0
2012-03-15 14,14,17374,4,0
2012-03-15 15,15,17216,4,0
2012-03-15 16,16,17208,4,0
2012-03-15 17,17,17159,4,0
2012-03-15 18,18,17625,4,0
2012-03-15 19,19,17775,4,0
2012-03-15 20,20,17699,4,0
2012-03-15 21,21,17407,4,0
2012-03-15 22,22,16399,4,0
2012-03-15 23,23,15075,4,0
2012-03-16 00,0,13690,5,0
2012-03-16 01,1,12795,5,0
2012-03-16 02,2,12496,5,0
2012-03-16 03,3,12164,5,0
2012-03-16 04,4,12328,5,0
2012-03-16 05,5,12704,5,0
2012-03-16 06,6,13395,5,0
2012-03-16 07,7,14643,5,0
2012-03-16 08,8,16722,5,0
2012-03-16 09,9,17369,5,0
2012-03-16 10,10,17703,5,0
2012-03-16 11,11,17302,5,0
2012-03-16 12,12,17251,5,0
2012-03-16 13,13,17443,5,0
2012-03-16 14,14,17323,5,0
2012-03-16 15,15,17209,5,0
2012-03-16 16,16,17199,5,0
2012-03-16 17,17,17079,5,0
2012-03-16 18,18,17530,5,0
2012-03-16 19,19,17618,5,0
2012-03-16 20,20,17416,5,0
2012-03-16 21,21,17084,5,0
2012-03-16 22,22,16105,5,0
2012-03-16 23,23,15129,5,0
2012-03-17 00,0,13828,6,1
2012-03-17 01,1,13287,6,1
2012-03-17 02,2,12601,6,1
2012-03-17 03,3,12277,6,1
2012-03-17 04,4,12272,6,1
2012-03-17 05,5,12574,6,1
2012-03-17 06,6,12607,6,1
2012-03-17 07,7,13861,6,1
2012-03-17 08,8,15561,6,1
2012-03-17 09,9,16506,6,1
2012-03-17 10,10,16717,6,1
2012-03-17 11,11,16461,6,1
2012-03-17 12,12,15834,6,1
2012-03-17 13,13,16023,6,1
2012-03-17 14,14,15844,6,1
2012-03-17 15,15,15913,6,1
2012-03-17 16,16,16000,6,1
2012-03-17 17,17,15919,6,1
2012-03-17 18,18,16610,6,1
2012-03-17 19,19,16801,6,1
2012-03-17 20,20,16580,6,1
2012-03-17 21,21,16118,6,1
2012-03-17 22,22,15506,6,1
2012-03-17 23,23,14333,6,1
2012-03-18 00,0,13458,7,1
2012-03-18 01,1,12926,7,1
2012-03-18 02,2,12405,7,1
2012-03-18 03,3,11927,7,1
2012-03-18 04,4,11924,7,1
2012-03-18 05,5,12236,7,1
2012-03-18 06,6,12132,7,1
2012-03-18 07,7,13139,7,1
2012-03-18 08,8,14369,7,1
2012-03-18 09,9,15421,7,1
2012-03-18 10,10,15999,7,1
2012-03-18 11,11,16009,7,1
2012-03-18 12,12,15825,7,1
2012-03-18 13,13,15431,7,1
2012-03-18 14,14,15109,7,1
2012-03-18 15,15,15131,7,1
2012-03-18 16,16,15377,7,1
2012-03-18 17,17,15829,7,1
2012-03-18 18,18,16403,7,1
2012-03-18 19,19,16613,7,1
2012-03-18 20,20,16504,7,1
2012-03-18 21,21,16289,7,1
2012-03-18 22,22,15415,7,1
2012-03-18 23,23,14192,7,1
2012-03-19 00,0,13097,1,0
2012-03-19 01,1,12325,1,0
2012-03-19 02,2,11619,1,0
2012-03-19 03,3,11412,1,0
2012-03-19 04,4,11238,1,0
2012-03-19 05,5,12000,1,0
2012-03-19 06,6,12646,1,0
2012-03-19 07,7,14616,1,0
2012-03-19 08,8,17158,1,0
2012-03-19 09,9,18507,1,0
2012-03-19 10,10,18889,1,0
2012-03-19 11,11,18565,1,0
2012-03-19 12,12,17087,1,0
2012-03-19 13,13,17211,1,0
2012-03-19 14,14,17106,1,0
2012-03-19 15,15,17027,1,0
2012-03-19 16,16,16946,1,0
2012-03-19 17,17,16959,1,0
2012-03-19 18,18,17220,1,0
2012-03-19 19,19,17238,1,0
2012-03-19 20,20,16941,1,0
2012-03-19 21,21,16399,1,0
2012-03-19 22,22,15308,1,0
2012-03-19 23,23,14000,1,0
2012-03-20 00,0,13536,2,0
2012-03-20 01,1,12808,2,0
2012-03-20 02,2,12512,2,0
2012-03-20 03,3,12113,2,0
2012-03-20 04,4,12029,2,0
2012-03-20 05,5,12631,2,0
2012-03-20 06,6,13500,2,0
2012-03-20 07,7,15207,2,0
2012-03-20 08,8,17506,2,0
2012-03-20 09,9,19127,2,0
2012-03-20 10,10,19487,2,0
2012-03-20 11,11,19069,2,0
2012-03-20 12,12,17925,2,0
2012-03-20 13,13,17829,2,0
2012-03-20 14,14,17672,2,0
2012-03-20 15,15,17705,2,0
2012-03-20 16,16,17632,2,0
2012-03-20 17,17,17365,2,0
2012-03-20 18,18,17994,2,0
2012-03-20 19,19,18134,2,0
2012-03-20 20,20,18045,2,0
2012-03-20 21,21,17726,2,0
2012-03-20 22,22,16505,2,0
2012-03-20 23,23,15177,2,0
2012-03-21 00,0,13792,3,0
2012-03-21 01,1,12702,3,0
2012-03-21 02,2,12416,3,0
2012-03-21 03,3,12231,3,0
2012-03-21 04,4,12370,3,0
2012-03-21 05,5,12726,3,0
2012-03-21 06,6,13293,3,0
2012-03-21 07,7,15268,3,0
2012-03-21 08,8,17399,3,0
2012-03-21 09,9,17972,3,0
2012-03-21 10,10,18170,3,0
2012-03-21 11,11,17587,3,0
2012-03-21 12,12,17251,3,0
2012-03-21 13,13,17352,3,0
2012-03-21 14,14,17023,3,0
2012-03-21 15,15,16909,3,0
2012-03-21 16,16,16898,3,0
2012-03-21 17,17,16580,3,0
2012-03-21 18,18,17530,3,0
2012-03-21 19,19,17619,3,0
2012-03-21 20,20,17416,3,0
2012-03-21 21,21,17084,3,0
2012-03-21 22,22,16105,3,0
2012-03-21 23,23,14933,3,0
2012-03-22 00,0,13629,4,0
2012-03-22 01,1,12755,4,0
2012-03-22 02,2,12297,4,0
2012-03-22 03,3,11971,4,0
2012-03-22 04,4,12065,4,0
2012-03-22 05,5,12500,4,0
2012-03-22 06,6,13173,4,0
2012-03-22 07,7,14750,4,0
2012-03-22 08,8,16625,4,0
2012-03-22 09,9,17373,4,0
2012-03-22 10,10,17520,4,0
2012-03-22 11,11,17057,4,0
2012-03-22 12,12,16400,4,0
2012-03-22 13,13,16629,4,0
2012-03-22 14,14,16350,4,0
2012-03-22 15,15,16449,4,0
2012-03-22 16,16,16549,4,0
2012-03-22 17,17,16382,4,0
2012-03-22 18,18,16685,4,0
2012-03-22 19,19,16690,4,0
2012-03-22 20,20,16362,4,0
2012-03-22 21,21,16186,4,0
2012-03-22 22,22,15424,4,0
2012-03-22 23,23,14371,4,0
2012-03-23 00,0,13343,5,0
2012-03-23 01,1,12794,5,0
2012-03-23 02,2,12376,5,0
2012-03-23 03,3,12118,5,0
2012-03-23 04,4,11842,5,0
2012-03-23 05,5,12705,5,0
2012-03-23 06,6,13196,5,0
2012-03-23 07,7,14839,5,0
2012-03-23 08,8,17187,5,0
2012-03-23 09,9,18819,5,0
2012-03-23 10,10,19087,5,0
2012-03-23 11,11,18805,5,0
2012-03-23 12,12,17489,5,0
2012-03-23 13,13,17292,5,0
2012-03-23 14,14,17054,5,0
2012-03-23 15,15,17090,5,0
2012-03-23 16,16,17175,5,0
2012-03-23 17,17,16926,5,0
2012-03-23 18,18,17271,5,0
2012-03-23 19,19,17551,5,0
2012-03-23 20,20,17299,5,0
2012-03-23 21,21,16724,5,0
2012-03-23 22,22,15788,5,0
2012-03-23 23,23,14524,5,0
2012-03-24 00,0,13270,6,1
2012-03-24 01,1,12492,6,1
2012-03-24 02,2,12179,6,1
2012-03-24 03,3,12009,6,1
2012-03-24 04,4,11904,6,1
2012-03-24 05,5,12183,6,1
2012-03-24 06,6,12343,6,1
2012-03-24 07,7,13512,6,1
2012-03-24 08,8,14893,6,1
2012-03-24 09,9,15639,6,1
2012-03-24 10,10,15966,6,1
2012-03-24 11,11,15734,6,1
2012-03-24 12,12,15201,6,1
2012-03-24 13,13,15231,6,1
2012-03-24 14,14,15121,6,1
2012-03-24 15,15,15538,6,1
2012-03-24 16,16,15836,6,1
2012-03-24 17,17,15732,6,1
2012-03-24 18,18,15866,6,1
2012-03-24 19,19,15735,6,1
2012-03-24 20,20,15654,6,1
2012-03-24 21,21,15027,6,1
2012-03-24 22,22,14368,6,1
2012-03-24 23,23,13872,6,1
2012-03-25 00,0,12855,7,1
2012-03-25 01,1,11997,7,1
2012-03-25 02,2,11479,7,1
2012-03-25 03,3,11301,7,1
2012-03-25 04,4,11290,7,1
2012-03-25 05,5,11581,7,1
2012-03-25 06,6,11633,7,1
2012-03-25 07,7,12434,7,1
2012-03-25 08,8,13324,7,1
2012-03-25 09,9,14202,7,1
2012-03-25 10,10,14474,7,1
2012-03-25 11,11,14476,7,1
2012-03-25 12,12,13955,7,1
2012-03-25 13,13,14043,7,1
2012-03-25 14,14,13751,7,1
2012-03-25 15,15,13684,7,1
2012-03-25 16,16,14183,7,1
2012-03-25 17,17,14253,7,1
2012-03-25 18,18,14717,7,1
2012-03-25 19,19,14989,7,1
2012-03-25 20,20,14882,7,1
2012-03-25 21,21,14715,7,1
2012-03-25 22,22,14118,7,1
2012-03-25 23,23,13422,7,1
2012-03-26 00,0,12362,1,0
2012-03-26 01,1,11651,1,0
2012-03-26 02,2,11131,1,0
2012-03-26 03,3,11064,1,0
2012-03-26 04,4,10743,1,0
2012-03-26 05,5,11955,1,0
2012-03-26 06,6,12781,1,0
2012-03-26 07,7,14815,1,0
2012-03-26 08,8,16037,1,0
2012-03-26 09,9,16597,1,0
2012-03-26 10,10,16807,1,0
2012-03-26 11,11,16384,1,0
2012-03-26 12,12,15905,1,0
2012-03-26 13,13,16798,1,0
2012-03-26 14,14,16607,1,0
2012-03-26 15,15,16752,1,0
2012-03-26 16,16,16896,1,0
2012-03-26 17,17,16893,1,0
2012-03-26 18,18,17224,1,0
2012-03-26 19,19,17184,1,0
2012-03-26 20,20,16748,1,0
2012-03-26 21,21,16278,1,0
2012-03-26 22,22,15537,1,0
2012-03-26 23,23,14168,1,0
2012-03-27 00,0,13259,2,0
2012-03-27 01,1,12207,2,0
2012-03-27 02,2,11829,2,0
2012-03-27 03,3,11601,2,0
2012-03-27 04,4,11546,2,0
2012-03-27 05,5,11921,2,0
2012-03-27 06,6,12576,2,0
2012-03-27 07,7,13811,2,0
2012-03-27 08,8,15461,2,0
2012-03-27 09,9,16337,2,0
2012-03-27 10,10,16686,2,0
2012-03-27 11,11,15989,2,0
2012-03-27 12,12,15592,2,0
2012-03-27 13,13,15739,2,0
2012-03-27 14,14,15440,2,0
2012-03-27 15,15,15628,2,0
2012-03-27 16,16,15795,2,0
2012-03-27 17,17,15810,2,0
2012-03-27 18,18,15990,2,0
2012-03-27 19,19,15984,2,0
2012-03-27 20,20,15748,2,0
2012-03-27 21,21,15278,2,0
2012-03-27 22,22,14461,2,0
2012-03-27 23,23,13168,2,0
2012-03-28 00,0,12601,3,0
2012-03-28 01,1,12096,3,0
2012-03-28 02,2,11606,3,0
2012-03-28 03,3,11526,3,0
2012-03-28 04,4,11523,3,0
2012-03-28 05,5,12039,3,0
2012-03-28 06,6,12505,3,0
2012-03-28 07,7,13957,3,0
2012-03-28 08,8,15467,3,0
2012-03-28 09,9,16204,3,0
2012-03-28 10,10,16302,3,0
2012-03-28 11,11,15948,3,0
2012-03-28 12,12,15575,3,0
2012-03-28 13,13,15712,3,0
2012-03-28 14,14,15612,3,0
2012-03-28 15,15,15719,3,0
2012-03-28 16,16,15626,3,0
2012-03-28 17,17,15462,3,0
2012-03-28 18,18,15800,3,0
2012-03-28 19,19,15909,3,0
2012-03-28 20,20,15670,3,0
2012-03-28 21,21,15221,3,0
2012-03-28 22,22,14489,3,0
2012-03-28 23,23,13755,3,0
2012-03-29 00,0,12735,4,0
2012-03-29 01,1,11895,4,0
2012-03-29 02,2,11411,4,0
2012-03-29 03,3,11331,4,0
2012-03-29 04,4,11322,4,0
2012-03-29 05,5,11838,4,0
2012-03-29 06,6,12299,4,0
2012-03-29 07,7,13551,4,0
2012-03-29 08,8,15410,4,0
2012-03-29 09,9,15939,4,0
2012-03-29 10,10,16161,4,0
2012-03-29 11,11,15778,4,0
2012-03-29 12,12,15387,4,0
2012-03-29 13,13,15672,4,0
2012-03-29 14,14,15482,4,0
2012-03-29 15,15,15603,4,0
2012-03-29 16,16,15637,4,0
2012-03-29 17,17,15340,4,0
2012-03-29 18,18,15951,4,0
2012-03-29 19,19,15914,4,0
2012-03-29 20,20,15600,4,0
2012-03-29 21,21,15107,4,0
2012-03-29 22,22,14433,4,0
2012-03-29 23,23,13306,4,0
2012-03-30 00,0,12388,5,0
2012-03-30 01,1,11765,5,0
2012-03-30 02,2,11347,5,0
2012-03-30 03,3,11106,5,0
2012-03-30 04,4,11100,5,0
2012-03-30 05,5,11647,5,0
2012-03-30 06,6,12054,5,0
2012-03-30 07,7,13405,5,0
2012-03-30 08,8,15322,5,0
2012-03-30 09,9,16353,5,0
2012-03-30 10,10,16449,5,0
2012-03-30 11,11,16023,5,0
2012-03-30 12,12,15575,5,0
2012-03-30 13,13,15817,5,0
2012-03-30 14,14,15612,5,0
2012-03-30 15,15,15719,5,0
2012-03-30 16,16,15625,5,0
2012-03-30 17,17,15461,5,0
2012-03-30 18,18,16000,5,0
2012-03-30 19,19,16109,5,0
2012-03-30 20,20,15870,5,0
2012-03-30 21,21,15467,5,0
2012-03-30 22,22,14687,5,0
2012-03-30 23,23,13556,5,0
2012-03-31 00,0,12535,6,0
2012-03-31 01,1,11454,6,0
2012-03-31 02,2,11097,6,0
2012-03-31 03,3,10844,6,0
2012-03-31 04,4,10812,6,0
2012-03-31 05,5,11221,6,0
2012-03-31 06,6,11962,6,0
2012-03-31 07,7,12937,6,0
2012-03-31 08,8,14593,6,0
2012-03-31 09,9,15757,6,0
2012-03-31 10,10,15926,6,0
2012-03-31 11,11,15554,6,0
2012-03-31 12,12,14277,6,0
2012-03-31 13,13,14453,6,0
2012-03-31 14,14,14375,6,0
2012-03-31 15,15,14493,6,0
2012-03-31 16,16,14417,6,0
2012-03-31 17,17,14284,6,0
2012-03-31 18,18,14514,6,0
2012-03-31 19,19,14878,6,0
2012-03-31 20,20,14856,6,0
2012-03-31 21,21,14377,6,0
2012-03-31 22,22,13657,6,0
2012-03-31 23,23,12587,6,0
2012-04-01 00,0,11933,7,0
2012-04-01 01,1,11368,7,0
2012-04-01 02,2,10896,7,0
2012-04-01 03,3,10843,7,0
2012-04-01 04,4,10812,7,0
2012-04-01 05,5,11226,7,0
2012-04-01 06,6,11962,7,0
2012-04-01 07,7,13045,7,0
2012-04-01 08,8,14455,7,0
2012-04-01 09,9,15158,7,0
2012-04-01 10,10,15375,7,0
2012-04-01 11,11,14977,7,0
2012-04-01 12,12,14477,7,0
2012-04-01 13,13,14653,7,0
2012-04-01 14,14,14574,7,0
2012-04-01 15,15,14693,7,0
2012-04-01 16,16,14618,7,0
2012-04-01 17,17,14484,7,0
2012-04-01 18,18,14613,7,0
2012-04-01 19,19,14978,7,0
2012-04-01 20,20,14658,7,0
2012-04-01 21,21,14177,7,0
2012-04-01 22,22,13456,7,0
2012-04-01 23,23,12585,7,0
2012-04-02 00,0,11911,1,1
2012-04-02 01,1,11438,1,1
2012-04-02 02,2,11194,1,1
2012-04-02 03,3,10899,1,1
2012-04-02 04,4,10790,1,1
2012-04-02 05,5,11293,1,1
2012-04-02 06,6,11294,1,1
2012-04-02 07,7,12268,1,1
2012-04-02 08,8,13623,1,1
2012-04-02 09,9,14391,1,1
2012-04-02 10,10,14931,1,1
2012-04-02 11,11,14732,1,1
2012-04-02 12,12,13867,1,1
2012-04-02 13,13,14124,1,1
2012-04-02 14,14,13946,1,1
2012-04-02 15,15,14134,1,1
2012-04-02 16,16,14329,1,1
2012-04-02 17,17,14252,1,1
2012-04-02 18,18,14509,1,1
2012-04-02 19,19,14273,1,1
2012-04-02 20,20,14126,1,1
2012-04-02 21,21,13557,1,1
2012-04-02 22,22,12997,1,1
2012-04-02 23,23,12137,1,1
2012-04-03 00,0,11997,2,1
2012-04-03 01,1,11758,2,1
2012-04-03 02,2,11309,2,1
2012-04-03 03,3,11116,2,1
2012-04-03 04,4,11083,2,1
2012-04-03 05,5,11465,2,1
2012-04-03 06,6,11554,2,1
2012-04-03 07,7,12038,2,1
2012-04-03 08,8,13251,2,1
2012-04-03 09,9,13857,2,1
2012-04-03 10,10,14359,2,1
2012-04-03 11,11,14094,2,1
2012-04-03 12,12,13692,2,1
2012-04-03 13,13,13568,2,1
2012-04-03 14,14,13535,2,1
2012-04-03 15,15,13685,2,1
2012-04-03 16,16,13683,2,1
2012-04-03 17,17,13881,2,1
2012-04-03 18,18,14478,2,1
2012-04-03 19,19,14654,2,1
2012-04-03 20,20,14455,2,1
2012-04-03 21,21,13875,2,1
2012-04-03 22,22,13149,2,1
2012-04-03 23,23,12207,2,1
2012-04-04 00,0,11857,3,-1
2012-04-04 01,1,11354,3,-1
2012-04-04 02,2,10879,3,-1
2012-04-04 03,3,10725,3,-1
2012-04-04 04,4,10810,3,-1
2012-04-04 05,5,11089,3,-1
2012-04-04 06,6,11281,3,-1
2012-04-04 07,7,11775,3,-1
2012-04-04 08,8,12831,3,-1
2012-04-04 09,9,13489,3,-1
2012-04-04 10,10,13727,3,-1
2012-04-04 11,11,13698,3,-1
2012-04-04 12,12,13023,3,-1
2012-04-04 13,13,13067,3,-1
2012-04-04 14,14,12945,3,-1
2012-04-04 15,15,13010,3,-1
2012-04-04 16,16,13529,3,-1
2012-04-04 17,17,13555,3,-1
2012-04-04 18,18,14156,3,-1
2012-04-04 19,19,14217,3,-1
2012-04-04 20,20,14045,3,-1
2012-04-04 21,21,13793,3,-1
2012-04-04 22,22,13088,3,-1
2012-04-04 23,23,11962,3,-1
2012-04-05 00,0,11072,4,0
2012-04-05 01,1,10684,4,0
2012-04-05 02,2,10330,4,0
2012-04-05 03,3,10249,4,0
2012-04-05 04,4,10226,4,0
2012-04-05 05,5,10975,4,0
2012-04-05 06,6,11767,4,0
2012-04-05 07,7,13102,4,0
2012-04-05 08,8,14716,4,0
2012-04-05 09,9,15386,4,0
2012-04-05 10,10,15686,4,0
2012-04-05 11,11,15319,4,0
2012-04-05 12,12,15176,4,0
2012-04-05 13,13,15418,4,0
2012-04-05 14,14,15212,4,0
2012-04-05 15,15,15319,4,0
2012-04-05 16,16,15225,4,0
2012-04-05 17,17,15062,4,0
2012-04-05 18,18,15600,4,0
2012-04-05 19,19,15709,4,0
2012-04-05 20,20,15470,4,0
2012-04-05 21,21,15067,4,0
2012-04-05 22,22,14287,4,0
2012-04-05 23,23,13056,4,0
2012-04-06 00,0,12035,5,0
2012-04-06 01,1,10084,5,0
2012-04-06 02,2,9727,5,0
2012-04-06 03,3,9646,5,0
2012-04-06 04,4,9622,5,0
2012-04-06 05,5,10370,5,0
2012-04-06 06,6,11167,5,0
2012-04-06 07,7,12502,5,0
2012-04-06 08,8,14495,5,0
2012-04-06 09,9,15607,5,0
2012-04-06 10,10,15874,5,0
2012-04-06 11,11,15521,5,0
2012-04-06 12,12,14475,5,0
2012-04-06 13,13,14718,5,0
2012-04-06 14,14,14513,5,0
2012-04-06 15,15,14617,5,0
2012-04-06 16,16,14526,5,0
2012-04-06 17,17,14361,5,0
2012-04-06 18,18,14901,5,0
2012-04-06 19,19,15009,5,0
2012-04-06 20,20,14658,5,0
2012-04-06 21,21,14074,5,0
2012-04-06 22,22,13182,5,0
2012-04-06 23,23,11803,5,0
2012-04-07 00,0,10695,6,1
2012-04-07 01,1,10262,6,1
2012-04-07 02,2,10078,6,1
2012-04-07 03,3,9946,6,1
2012-04-07 04,4,9963,6,1
2012-04-07 05,5,10340,6,1
2012-04-07 06,6,10664,6,1
2012-04-07 07,7,11762,6,1
2012-04-07 08,8,13632,6,1
2012-04-07 09,9,14514,6,1
2012-04-07 10,10,14965,6,1
2012-04-07 11,11,14684,6,1
2012-04-07 12,12,13715,6,1
2012-04-07 13,13,13844,6,1
2012-04-07 14,14,13686,6,1
2012-04-07 15,15,14029,6,1
2012-04-07 16,16,14237,6,1
2012-04-07 17,17,14221,6,1
2012-04-07 18,18,14488,6,1
2012-04-07 19,19,14352,6,1
2012-04-07 20,20,14401,6,1
2012-04-07 21,21,13421,6,1
2012-04-07 22,22,12676,6,1
2012-04-07 23,23,12009,6,1
2012-04-08 00,0,10800,7,1
2012-04-08 01,1,10413,7,1
2012-04-08 02,2,9981,7,1
2012-04-08 03,3,9621,7,1
2012-04-08 04,4,9705,7,1
2012-04-08 05,5,10004,7,1
2012-04-08 06,6,9937,7,1
2012-04-08 07,7,10937,7,1
2012-04-08 08,8,12169,7,1
2012-04-08 09,9,13032,7,1
2012-04-08 10,10,13405,7,1
2012-04-08 11,11,13665,7,1
2012-04-08 12,12,13138,7,1
2012-04-08 13,13,12759,7,1
2012-04-08 14,14,12499,7,1
2012-04-08 15,15,12600,7,1
2012-04-08 16,16,13036,7,1
2012-04-08 17,17,13204,7,1
2012-04-08 18,18,13862,7,1
2012-04-08 19,19,14115,7,1
2012-04-08 20,20,13944,7,1
2012-04-08 21,21,13596,7,1
2012-04-08 22,22,12615,7,1
2012-04-08 23,23,11401,7,1
2012-04-09 00,0,10940,1,0
2012-04-09 01,1,10623,1,0
2012-04-09 02,2,10200,1,0
2012-04-09 03,3,10031,1,0
2012-04-09 04,4,10025,1,0
2012-04-09 05,5,10597,1,0
2012-04-09 06,6,11067,1,0
2012-04-09 07,7,12637,1,0
2012-04-09 08,8,14787,1,0
2012-04-09 09,9,15695,1,0
2012-04-09 10,10,16161,1,0
2012-04-09 11,11,15663,1,0
2012-04-09 12,12,14956,1,0
2012-04-09 13,13,15186,1,0
2012-04-09 14,14,15082,1,0
2012-04-09 15,15,15191,1,0
2012-04-09 16,16,15429,1,0
2012-04-09 17,17,15019,1,0
2012-04-09 18,18,15414,1,0
2012-04-09 19,19,15433,1,0
2012-04-09 20,20,14867,1,0
2012-04-09 21,21,14369,1,0
2012-04-09 22,22,13483,1,0
2012-04-09 23,23,12747,1,0
2012-04-10 00,0,11914,2,0
2012-04-10 01,1,11223,2,0
2012-04-10 02,2,10805,2,0
2012-04-10 03,3,10629,2,0
2012-04-10 04,4,10626,2,0
2012-04-10 05,5,11199,2,0
2012-04-10 06,6,11673,2,0
2012-04-10 07,7,12843,2,0
2012-04-10 08,8,14975,2,0
2012-04-10 09,9,15977,2,0
2012-04-10 10,10,16310,2,0
2012-04-10 11,11,15832,2,0
2012-04-10 12,12,15154,2,0
2012-04-10 13,13,15283,2,0
2012-04-10 14,14,15038,2,0
2012-04-10 15,15,14964,2,0
2012-04-10 16,16,15109,2,0
2012-04-10 17,17,14935,2,0
2012-04-10 18,18,15424,2,0
2012-04-10 19,19,15321,2,0
2012-04-10 20,20,14630,2,0
2012-04-10 21,21,14430,2,0
2012-04-10 22,22,13542,2,0
2012-04-10 23,23,12727,2,0
2012-04-11 00,0,11889,3,0
2012-04-11 01,1,11457,3,0
2012-04-11 02,2,11121,3,0
2012-04-11 03,3,10836,3,0
2012-04-11 04,4,10853,3,0
2012-04-11 05,5,11319,3,0
2012-04-11 06,6,12107,3,0
2012-04-11 07,7,12957,3,0
2012-04-11 08,8,14940,3,0
2012-04-11 09,9,16398,3,0
2012-04-11 10,10,16405,3,0
2012-04-11 11,11,16021,3,0
2012-04-11 12,12,15043,3,0
2012-04-11 13,13,15108,3,0
2012-04-11 14,14,15046,3,0
2012-04-11 15,15,15208,3,0
2012-04-11 16,16,15342,3,0
2012-04-11 17,17,15346,3,0
2012-04-11 18,18,15587,3,0
2012-04-11 19,19,15767,3,0
2012-04-11 20,20,15136,3,0
2012-04-11 21,21,14810,3,0
2012-04-11 22,22,14033,3,0
2012-04-11 23,23,13002,3,0
2012-04-12 00,0,12046,4,0
2012-04-12 01,1,12010,4,0
2012-04-12 02,2,11505,4,0
2012-04-12 03,3,11392,4,0
2012-04-12 04,4,11324,4,0
2012-04-12 05,5,11767,4,0
2012-04-12 06,6,12325,4,0
2012-04-12 07,7,13373,4,0
2012-04-12 08,8,15221,4,0
2012-04-12 09,9,15975,4,0
2012-04-12 10,10,16153,4,0
2012-04-12 11,11,15741,4,0
2012-04-12 12,12,15289,4,0
2012-04-12 13,13,15547,4,0
2012-04-12 14,14,15428,4,0
2012-04-12 15,15,15636,4,0
2012-04-12 16,16,15705,4,0
2012-04-12 17,17,15386,4,0
2012-04-12 18,18,15693,4,0
2012-04-12 19,19,15833,4,0
2012-04-12 20,20,15367,4,0
2012-04-12 21,21,14894,4,0
2012-04-12 22,22,14409,4,0
2012-04-12 23,23,13116,4,0
2012-04-13 00,0,12227,5,0
2012-04-13 01,1,11626,5,0
2012-04-13 02,2,11379,5,0
2012-04-13 03,3,11069,5,0
2012-04-13 04,4,11098,5,0
2012-04-13 05,5,11466,5,0
2012-04-13 06,6,12022,5,0
2012-04-13 07,7,13301,5,0
2012-04-13 08,8,15091,5,0
2012-04-13 09,9,16483,5,0
2012-04-13 10,10,16679,5,0
2012-04-13 11,11,16144,5,0
2012-04-13 12,12,15282,5,0
2012-04-13 13,13,15449,5,0
2012-04-13 14,14,15306,5,0
2012-04-13 15,15,15450,5,0
2012-04-13 16,16,15491,5,0
2012-04-13 17,17,15125,5,0
2012-04-13 18,18,15813,5,0
2012-04-13 19,19,15625,5,0
2012-04-13 20,20,15329,5,0
2012-04-13 21,21,14868,5,0
2012-04-13 22,22,13960,5,0
2012-04-13 23,23,12934,5,0
2012-04-14 00,0,12090,6,1
2012-04-14 01,1,11527,6,1
2012-04-14 02,2,11087,6,1
2012-04-14 03,3,10987,6,1
2012-04-14 04,4,10870,6,1
2012-04-14 05,5,11148,6,1
2012-04-14 06,6,11478,6,1
2012-04-14 07,7,12398,6,1
2012-04-14 08,8,13938,6,1
2012-04-14 09,9,14810,6,1
2012-04-14 10,10,15122,6,1
2012-04-14 11,11,14717,6,1
2012-04-14 12,12,14233,6,1
2012-04-14 13,13,14187,6,1
2012-04-14 14,14,14214,6,1
2012-04-14 15,15,14371,6,1
2012-04-14 16,16,14366,6,1
2012-04-14 17,17,14268,6,1
2012-04-14 18,18,14810,6,1
2012-04-14 19,19,14791,6,1
2012-04-14 20,20,14436,6,1
2012-04-14 21,21,14092,6,1
2012-04-14 22,22,13520,6,1
2012-04-14 23,23,12669,6,1
2012-04-15 00,0,11731,7,1
2012-04-15 01,1,11302,7,1
2012-04-15 02,2,10925,7,1
2012-04-15 03,3,10768,7,1
2012-04-15 04,4,10651,7,1
2012-04-15 05,5,10970,7,1
2012-04-15 06,6,10966,7,1
2012-04-15 07,7,11796,7,1
2012-04-15 08,8,12815,7,1
2012-04-15 09,9,13858,7,1
2012-04-15 10,10,14098,7,1
2012-04-15 11,11,13989,7,1
2012-04-15 12,12,13310,7,1
2012-04-15 13,13,13438,7,1
2012-04-15 14,14,13242,7,1
2012-04-15 15,15,13502,7,1
2012-04-15 16,16,13793,7,1
2012-04-15 17,17,13819,7,1
2012-04-15 18,18,14345,7,1
2012-04-15 19,19,14451,7,1
2012-04-15 20,20,14017,7,1
2012-04-15 21,21,13648,7,1
2012-04-15 22,22,13110,7,1
2012-04-15 23,23,12168,7,1
2012-04-16 00,0,11602,1,0
2012-04-16 01,1,11208,1,0
2012-04-16 02,2,10930,1,0
2012-04-16 03,3,10657,1,0
2012-04-16 04,4,10749,1,0
2012-04-16 05,5,11211,1,0
2012-04-16 06,6,11613,1,0
2012-04-16 07,7,12990,1,0
2012-04-16 08,8,15162,1,0
2012-04-16 09,9,15990,1,0
2012-04-16 10,10,16159,1,0
2012-04-16 11,11,16040,1,0
2012-04-16 12,12,15445,1,0
2012-04-16 13,13,15619,1,0
2012-04-16 14,14,15593,1,0
2012-04-16 15,15,15514,1,0
2012-04-16 16,16,15717,1,0
2012-04-16 17,17,15513,1,0
2012-04-16 18,18,15736,1,0
2012-04-16 19,19,15700,1,0
2012-04-16 20,20,15506,1,0
2012-04-16 21,21,15051,1,0
2012-04-16 22,22,14182,1,0
2012-04-16 23,23,13042,1,0
2012-04-17 00,0,12186,2,0
2012-04-17 01,1,11478,2,0
2012-04-17 02,2,11233,2,0
2012-04-17 03,3,10911,2,0
2012-04-17 04,4,10902,2,0
2012-04-17 05,5,11291,2,0
2012-04-17 06,6,11645,2,0
2012-04-17 07,7,12921,2,0
2012-04-17 08,8,15038,2,0
2012-04-17 09,9,16038,2,0
2012-04-17 10,10,16109,2,0
2012-04-17 11,11,15658,2,0
2012-04-17 12,12,15326,2,0
2012-04-17 13,13,15596,2,0
2012-04-17 14,14,15392,2,0
2012-04-17 15,15,15493,2,0
2012-04-17 16,16,15503,2,0
2012-04-17 17,17,15292,2,0
2012-04-17 18,18,15559,2,0
2012-04-17 19,19,15624,2,0
2012-04-17 20,20,15148,2,0
2012-04-17 21,21,14662,2,0
2012-04-17 22,22,13992,2,0
2012-04-17 23,23,13039,2,0
2012-04-18 00,0,11922,3,0
2012-04-18 01,1,11334,3,0
2012-04-18 02,2,11079,3,0
2012-04-18 03,3,10968,3,0
2012-04-18 04,4,10857,3,0
2012-04-18 05,5,11426,3,0
2012-04-18 06,6,11809,3,0
2012-04-18 07,7,13339,3,0
2012-04-18 08,8,15082,3,0
2012-04-18 09,9,16031,3,0
2012-04-18 10,10,16266,3,0
2012-04-18 11,11,15735,3,0
2012-04-18 12,12,15527,3,0
2012-04-18 13,13,15608,3,0
2012-04-18 14,14,15688,3,0
2012-04-18 15,15,15607,3,0
2012-04-18 16,16,15712,3,0
2012-04-18 17,17,15435,3,0
2012-04-18 18,18,15931,3,0
2012-04-18 19,19,15990,3,0
2012-04-18 20,20,15484,3,0
2012-04-18 21,21,14939,3,0
2012-04-18 22,22,14054,3,0
2012-04-18 23,23,12801,3,0
2012-04-19 00,0,12072,4,0
2012-04-19 01,1,11757,4,0
2012-04-19 02,2,11417,4,0
2012-04-19 03,3,11167,4,0
2012-04-19 04,4,11262,4,0
2012-04-19 05,5,11785,4,0
2012-04-19 06,6,12334,4,0
2012-04-19 07,7,13737,4,0
2012-04-19 08,8,15351,4,0
2012-04-19 09,9,16226,4,0
2012-04-19 10,10,16304,4,0
2012-04-19 11,11,15683,4,0
2012-04-19 12,12,15618,4,0
2012-04-19 13,13,15769,4,0
2012-04-19 14,14,15651,4,0
2012-04-19 15,15,15724,4,0
2012-04-19 16,16,15756,4,0
2012-04-19 17,17,15588,4,0
2012-04-19 18,18,15740,4,0
2012-04-19 19,19,15890,4,0
2012-04-19 20,20,15447,4,0
2012-04-19 21,21,14971,4,0
2012-04-19 22,22,14282,4,0
2012-04-19 23,23,13087,4,0
2012-04-20 00,0,12326,5,0
2012-04-20 01,1,11771,5,0
2012-04-20 02,2,11376,5,0
2012-04-20 03,3,11067,5,0
2012-04-20 04,4,11169,5,0
2012-04-20 05,5,11785,5,0
2012-04-20 06,6,12135,5,0
2012-04-20 07,7,13321,5,0
2012-04-20 08,8,15154,5,0
2012-04-20 09,9,16100,5,0
2012-04-20 10,10,16405,5,0
2012-04-20 11,11,15875,5,0
2012-04-20 12,12,15577,5,0
2012-04-20 13,13,15729,5,0
2012-04-20 14,14,15696,5,0
2012-04-20 15,15,15804,5,0
2012-04-20 16,16,15941,5,0
2012-04-20 17,17,15686,5,0
2012-04-20 18,18,15779,5,0
2012-04-20 19,19,15831,5,0
2012-04-20 20,20,15446,5,0
2012-04-20 21,21,15112,5,0
2012-04-20 22,22,14212,5,0
2012-04-20 23,23,12973,5,0
2012-04-21 00,0,12217,6,1
2012-04-21 01,1,11808,6,1
2012-04-21 02,2,11462,6,1
2012-04-21 03,3,11037,6,1
2012-04-21 04,4,11122,6,1
2012-04-21 05,5,11418,6,1
2012-04-21 06,6,11447,6,1
2012-04-21 07,7,12613,6,1
2012-04-21 08,8,14118,6,1
2012-04-21 09,9,15066,6,1
2012-04-21 10,10,15331,6,1
2012-04-21 11,11,14887,6,1
2012-04-21 12,12,14664,6,1
2012-04-21 13,13,14747,6,1
2012-04-21 14,14,14580,6,1
2012-04-21 15,15,14752,6,1
2012-04-21 16,16,14802,6,1
2012-04-21 17,17,14565,6,1
2012-04-21 18,18,14942,6,1
2012-04-21 19,19,14984,6,1
2012-04-21 20,20,14577,6,1
2012-04-21 21,21,14422,6,1
2012-04-21 22,22,13601,6,1
2012-04-21 23,23,12735,6,1
2012-04-22 00,0,11728,7,1
2012-04-22 01,1,11417,7,1
2012-04-22 02,2,11055,7,1
2012-04-22 03,3,10762,7,1
2012-04-22 04,4,10691,7,1
2012-04-22 05,5,11123,7,1
2012-04-22 06,6,11032,7,1
2012-04-22 07,7,11905,7,1
2012-04-22 08,8,12933,7,1
2012-04-22 09,9,13598,7,1
2012-04-22 10,10,13966,7,1
2012-04-22 11,11,13827,7,1
2012-04-22 12,12,13488,7,1
2012-04-22 13,13,13394,7,1
2012-04-22 14,14,13315,7,1
2012-04-22 15,15,13454,7,1
2012-04-22 16,16,13892,7,1
2012-04-22 17,17,13634,7,1
2012-04-22 18,18,14203,7,1
2012-04-22 19,19,14311,7,1
2012-04-22 20,20,14119,7,1
2012-04-22 21,21,13749,7,1
2012-04-22 22,22,13030,7,1
2012-04-22 23,23,12072,7,1
2012-04-23 00,0,11299,1,0
2012-04-23 01,1,10886,1,0
2012-04-23 02,2,10504,1,0
2012-04-23 03,3,10449,1,0
2012-04-23 04,4,10502,1,0
2012-04-23 05,5,10959,1,0
2012-04-23 06,6,11507,1,0
2012-04-23 07,7,12840,1,0
2012-04-23 08,8,14886,1,0
2012-04-23 09,9,15992,1,0
2012-04-23 10,10,16325,1,0
2012-04-23 11,11,16005,1,0
2012-04-23 12,12,15444,1,0
2012-04-23 13,13,15686,1,0
2012-04-23 14,14,15654,1,0
2012-04-23 15,15,15750,1,0
2012-04-23 16,16,15815,1,0
2012-04-23 17,17,15531,1,0
2012-04-23 18,18,15762,1,0
2012-04-23 19,19,15879,1,0
2012-04-23 20,20,15481,1,0
2012-04-23 21,21,15044,1,0
2012-04-23 22,22,14109,1,0
2012-04-23 23,23,13234,1,0
2012-04-24 00,0,12056,2,0
2012-04-24 01,1,11974,2,0
2012-04-24 02,2,11420,2,0
2012-04-24 03,3,11254,2,0
2012-04-24 04,4,11105,2,0
2012-04-24 05,5,11523,2,0
2012-04-24 06,6,11946,2,0
2012-04-24 07,7,13073,2,0
2012-04-24 08,8,15088,2,0
2012-04-24 09,9,16439,2,0
2012-04-24 10,10,16760,2,0
2012-04-24 11,11,16189,2,0
2012-04-24 12,12,15898,2,0
2012-04-24 13,13,16099,2,0
2012-04-24 14,14,15922,2,0
2012-04-24 15,15,16126,2,0
2012-04-24 16,16,16160,2,0
2012-04-24 17,17,15863,2,0
2012-04-24 18,18,15954,2,0
2012-04-24 19,19,16094,2,0
2012-04-24 20,20,15575,2,0
2012-04-24 21,21,15009,2,0
2012-04-24 22,22,14047,2,0
2012-04-24 23,23,13170,2,0
2012-04-25 00,0,12230,3,0
2012-04-25 01,1,11905,3,0
2012-04-25 02,2,11340,3,0
2012-04-25 03,3,11094,3,0
2012-04-25 04,4,11074,3,0
2012-04-25 05,5,11444,3,0
2012-04-25 06,6,11796,3,0
2012-04-25 07,7,13355,3,0
2012-04-25 08,8,15065,3,0
2012-04-25 09,9,16353,3,0
2012-04-25 10,10,16599,3,0
2012-04-25 11,11,16167,3,0
2012-04-25 12,12,15725,3,0
2012-04-25 13,13,15854,3,0
2012-04-25 14,14,15934,3,0
2012-04-25 15,15,16073,3,0
2012-04-25 16,16,16103,3,0
2012-04-25 17,17,15783,3,0
2012-04-25 18,18,15832,3,0
2012-04-25 19,19,15901,3,0
2012-04-25 20,20,15371,3,0
2012-04-25 21,21,15152,3,0
2012-04-25 22,22,14370,3,0
2012-04-25 23,23,13368,3,0
2012-04-26 00,0,12318,4,0
2012-04-26 01,1,11836,4,0
2012-04-26 02,2,11453,4,0
2012-04-26 03,3,11295,4,0
2012-04-26 04,4,11211,4,0
2012-04-26 05,5,11801,4,0
2012-04-26 06,6,12199,4,0
2012-04-26 07,7,13433,4,0
2012-04-26 08,8,15140,4,0
2012-04-26 09,9,16125,4,0
2012-04-26 10,10,16185,4,0
2012-04-26 11,11,15829,4,0
2012-04-26 12,12,15469,4,0
2012-04-26 13,13,15817,4,0
2012-04-26 14,14,15741,4,0
2012-04-26 15,15,15670,4,0
2012-04-26 16,16,15718,4,0
2012-04-26 17,17,15399,4,0
2012-04-26 18,18,15609,4,0
2012-04-26 19,19,15865,4,0
2012-04-26 20,20,15570,4,0
2012-04-26 21,21,14939,4,0
2012-04-26 22,22,13974,4,0
2012-04-26 23,23,12964,4,0
2012-04-27 00,0,12160,5,0
2012-04-27 01,1,11822,5,0
2012-04-27 02,2,11406,5,0
2012-04-27 03,3,11041,5,0
2012-04-27 04,4,10941,5,0
2012-04-27 05,5,11607,5,0
2012-04-27 06,6,11964,5,0
2012-04-27 07,7,13459,5,0
2012-04-27 08,8,14943,5,0
2012-04-27 09,9,16148,5,0
2012-04-27 10,10,16310,5,0
2012-04-27 11,11,15838,5,0
2012-04-27 12,12,15633,5,0
2012-04-27 13,13,15771,5,0
2012-04-27 14,14,15649,5,0
2012-04-27 15,15,15701,5,0
2012-04-27 16,16,15778,5,0
2012-04-27 17,17,15314,5,0
2012-04-27 18,18,15431,5,0
2012-04-27 19,19,15629,5,0
2012-04-27 20,20,15184,5,0
2012-04-27 21,21,14699,5,0
2012-04-27 22,22,14070,5,0
2012-04-27 23,23,12968,5,0
2012-04-28 00,0,11964,6,0
2012-04-28 01,1,11608,6,0
2012-04-28 02,2,11148,6,0
2012-04-28 03,3,10868,6,0
2012-04-28 04,4,10915,6,0
2012-04-28 05,5,11299,6,0
2012-04-28 06,6,11650,6,0
2012-04-28 07,7,13261,6,0
2012-04-28 08,8,14836,6,0
2012-04-28 09,9,15957,6,0
2012-04-28 10,10,16132,6,0
2012-04-28 11,11,15774,6,0
2012-04-28 12,12,15382,6,0
2012-04-28 13,13,15741,6,0
2012-04-28 14,14,15715,6,0
2012-04-28 15,15,15634,6,0
2012-04-28 16,16,15597,6,0
2012-04-28 17,17,15342,6,0
2012-04-28 18,18,15190,6,0
2012-04-28 19,19,15428,6,0
2012-04-28 20,20,15129,6,0
2012-04-28 21,21,14776,6,0
2012-04-28 22,22,13935,6,0
2012-04-28 23,23,13102,6,0
2012-04-29 00,0,12052,7,1
2012-04-29 01,1,11465,7,1
2012-04-29 02,2,10997,7,1
2012-04-29 03,3,10582,7,1
2012-04-29 04,4,10776,7,1
2012-04-29 05,5,11032,7,1
2012-04-29 06,6,11062,7,1
2012-04-29 07,7,11998,7,1
2012-04-29 08,8,13332,7,1
2012-04-29 09,9,14251,7,1
2012-04-29 10,10,14438,7,1
2012-04-29 11,11,14117,7,1
2012-04-29 12,12,13548,7,1
2012-04-29 13,13,13868,7,1
2012-04-29 14,14,13724,7,1
2012-04-29 15,15,13783,7,1
2012-04-29 16,16,14038,7,1
2012-04-29 17,17,13963,7,1
2012-04-29 18,18,14316,7,1
2012-04-29 19,19,14376,7,1
2012-04-29 20,20,14122,7,1
2012-04-29 21,21,13818,7,1
2012-04-29 22,22,12990,7,1
2012-04-29 23,23,12036,7,1
2012-04-30 00,0,11318,1,1
2012-04-30 01,1,10891,1,1
2012-04-30 02,2,10401,1,1
2012-04-30 03,3,10291,1,1
2012-04-30 04,4,10084,1,1
2012-04-30 05,5,10443,1,1
2012-04-30 06,6,10293,1,1
2012-04-30 07,7,11108,1,1
2012-04-30 08,8,12005,1,1
2012-04-30 09,9,12797,1,1
2012-04-30 10,10,13047,1,1
2012-04-30 11,11,12935,1,1
2012-04-30 12,12,12533,1,1
2012-04-30 13,13,12475,1,1
2012-04-30 14,14,12504,1,1
2012-04-30 15,15,12404,1,1
2012-04-30 16,16,12679,1,1
2012-04-30 17,17,12777,1,1
2012-04-30 18,18,13442,1,1
2012-04-30 19,19,13634,1,1
2012-04-30 20,20,13427,1,1
2012-04-30 21,21,13020,1,1
2012-04-30 22,22,12204,1,1
2012-04-30 23,23,11301,1,1
2012-05-01 00,0,10520,2,-1
2012-05-01 01,1,9926,2,-1
2012-05-01 02,2,9531,2,-1
2012-05-01 03,3,9395,2,-1
2012-05-01 04,4,9369,2,-1
2012-05-01 05,5,9620,2,-1
2012-05-01 06,6,9482,2,-1
2012-05-01 07,7,10016,2,-1
2012-05-01 08,8,10442,2,-1
2012-05-01 09,9,11293,2,-1
2012-05-01 10,10,11780,2,-1
2012-05-01 11,11,11846,2,-1
2012-05-01 12,12,11534,2,-1
2012-05-01 13,13,11466,2,-1
2012-05-01 14,14,11418,2,-1
2012-05-01 15,15,11445,2,-1
2012-05-01 16,16,11817,2,-1
2012-05-01 17,17,12103,2,-1
2012-05-01 18,18,12393,2,-1
2012-05-01 19,19,12724,2,-1
2012-05-01 20,20,12613,2,-1
2012-05-01 21,21,12301,2,-1
2012-05-01 22,22,11567,2,-1
2012-05-01 23,23,10582,2,-1
2012-05-02 00,0,9878,3,0
2012-05-02 01,1,9366,3,0
2012-05-02 02,2,9047,3,0
2012-05-02 03,3,9057,3,0
2012-05-02 04,4,8998,3,0
2012-05-02 05,5,9995,3,0
2012-05-02 06,6,10604,3,0
2012-05-02 07,7,12460,3,0
2012-05-02 08,8,14429,3,0
2012-05-02 09,9,15135,3,0
2012-05-02 10,10,15343,3,0
2012-05-02 11,11,15413,3,0
2012-05-02 12,12,15085,3,0
2012-05-02 13,13,15389,3,0
2012-05-02 14,14,15315,3,0
2012-05-02 15,15,15439,3,0
2012-05-02 16,16,15550,3,0
2012-05-02 17,17,15217,3,0
2012-05-02 18,18,15584,3,0
2012-05-02 19,19,15597,3,0
2012-05-02 20,20,15202,3,0
2012-05-02 21,21,14487,3,0
2012-05-02 22,22,13610,3,0
2012-05-02 23,23,12537,3,0
2012-05-03 00,0,11677,4,0
2012-05-03 01,1,11219,4,0
2012-05-03 02,2,10850,4,0
2012-05-03 03,3,10675,4,0
2012-05-03 04,4,10619,4,0
2012-05-03 05,5,10990,4,0
2012-05-03 06,6,11350,4,0
2012-05-03 07,7,12426,4,0
2012-05-03 08,8,14642,4,0
2012-05-03 09,9,16145,4,0
2012-05-03 10,10,16243,4,0
2012-05-03 11,11,15843,4,0
2012-05-03 12,12,14836,4,0
2012-05-03 13,13,15102,4,0
2012-05-03 14,14,14973,4,0
2012-05-03 15,15,15021,4,0
2012-05-03 16,16,15078,4,0
2012-05-03 17,17,14860,4,0
2012-05-03 18,18,15289,4,0
2012-05-03 19,19,15540,4,0
2012-05-03 20,20,14935,4,0
2012-05-03 21,21,14464,4,0
2012-05-03 22,22,13682,4,0
2012-05-03 23,23,12552,4,0
2012-05-04 00,0,11836,5,0
2012-05-04 01,1,11474,5,0
2012-05-04 02,2,11149,5,0
2012-05-04 03,3,10872,5,0
2012-05-04 04,4,11174,5,0
2012-05-04 05,5,11528,5,0
2012-05-04 06,6,11906,5,0
2012-05-04 07,7,13241,5,0
2012-05-04 08,8,15039,5,0
2012-05-04 09,9,16272,5,0
2012-05-04 10,10,16477,5,0
2012-05-04 11,11,16163,5,0
2012-05-04 12,12,15540,5,0
2012-05-04 13,13,15724,5,0
2012-05-04 14,14,15664,5,0
2012-05-04 15,15,15544,5,0
2012-05-04 16,16,15516,5,0
2012-05-04 17,17,15393,5,0
2012-05-04 18,18,15806,5,0
2012-05-04 19,19,15869,5,0
2012-05-04 20,20,15402,5,0
2012-05-04 21,21,14992,5,0
2012-05-04 22,22,14156,5,0
2012-05-04 23,23,13000,5,0
2012-05-05 00,0,11989,6,1
2012-05-05 01,1,11592,6,1
2012-05-05 02,2,11195,6,1
2012-05-05 03,3,11081,6,1
2012-05-05 04,4,11010,6,1
2012-05-05 05,5,11483,6,1
2012-05-05 06,6,11612,6,1
2012-05-05 07,7,12553,6,1
2012-05-05 08,8,14194,6,1
2012-05-05 09,9,15180,6,1
2012-05-05 10,10,15510,6,1
2012-05-05 11,11,15151,6,1
2012-05-05 12,12,14975,6,1
2012-05-05 13,13,15098,6,1
2012-05-05 14,14,14934,6,1
2012-05-05 15,15,15162,6,1
2012-05-05 16,16,15218,6,1
2012-05-05 17,17,14690,6,1
2012-05-05 18,18,15043,6,1
2012-05-05 19,19,15175,6,1
2012-05-05 20,20,15018,6,1
2012-05-05 21,21,14519,6,1
2012-05-05 22,22,13792,6,1
2012-05-05 23,23,12799,6,1
2012-05-06 00,0,11992,7,1
2012-05-06 01,1,11458,7,1
2012-05-06 02,2,11200,7,1
2012-05-06 03,3,10797,7,1
2012-05-06 04,4,10732,7,1
2012-05-06 05,5,11161,7,1
2012-05-06 06,6,11064,7,1
2012-05-06 07,7,12200,7,1
2012-05-06 08,8,13061,7,1
2012-05-06 09,9,13943,7,1
2012-05-06 10,10,14419,7,1
2012-05-06 11,11,14155,7,1
2012-05-06 12,12,13634,7,1
2012-05-06 13,13,13578,7,1
2012-05-06 14,14,13725,7,1
2012-05-06 15,15,13823,7,1
2012-05-06 16,16,14075,7,1
2012-05-06 17,17,14097,7,1
2012-05-06 18,18,14487,7,1
2012-05-06 19,19,14800,7,1
2012-05-06 20,20,14537,7,1
2012-05-06 21,21,13990,7,1
2012-05-06 22,22,13519,7,1
2012-05-06 23,23,12512,7,1
2012-05-07 00,0,11593,1,0
2012-05-07 01,1,11114,1,0
2012-05-07 02,2,10779,1,0
2012-05-07 03,3,10524,1,0
2012-05-07 04,4,10564,1,0
2012-05-07 05,5,11124,1,0
2012-05-07 06,6,11437,1,0
2012-05-07 07,7,13087,1,0
2012-05-07 08,8,15697,1,0
2012-05-07 09,9,17280,1,0
2012-05-07 10,10,17825,1,0
2012-05-07 11,11,17397,1,0
2012-05-07 12,12,15655,1,0
2012-05-07 13,13,15923,1,0
2012-05-07 14,14,15986,1,0
2012-05-07 15,15,15898,1,0
2012-05-07 16,16,15958,1,0
2012-05-07 17,17,15636,1,0
2012-05-07 18,18,15939,1,0
2012-05-07 19,19,16060,1,0
2012-05-07 20,20,15694,1,0
2012-05-07 21,21,15068,1,0
2012-05-07 22,22,14123,1,0
2012-05-07 23,23,13296,1,0
2012-05-08 00,0,12490,2,0
2012-05-08 01,1,12223,2,0
2012-05-08 02,2,11602,2,0
2012-05-08 03,3,11365,2,0
2012-05-08 04,4,11234,2,0
2012-05-08 05,5,11667,2,0
2012-05-08 06,6,12225,2,0
2012-05-08 07,7,13564,2,0
2012-05-08 08,8,15321,2,0
2012-05-08 09,9,16526,2,0
2012-05-08 10,10,16853,2,0
2012-05-08 11,11,16521,2,0
2012-05-08 12,12,15701,2,0
2012-05-08 13,13,15920,2,0
2012-05-08 14,14,15708,2,0
2012-05-08 15,15,15883,2,0
2012-05-08 16,16,16070,2,0
2012-05-08 17,17,15712,2,0
2012-05-08 18,18,16094,2,0
2012-05-08 19,19,16119,2,0
2012-05-08 20,20,15694,2,0
2012-05-08 21,21,14903,2,0
2012-05-08 22,22,13942,2,0
2012-05-08 23,23,13046,2,0
2012-05-09 00,0,12317,3,0
2012-05-09 01,1,12084,3,0
2012-05-09 02,2,11614,3,0
2012-05-09 03,3,11267,3,0
2012-05-09 04,4,11382,3,0
2012-05-09 05,5,11828,3,0
2012-05-09 06,6,12196,3,0
2012-05-09 07,7,13628,3,0
2012-05-09 08,8,15399,3,0
2012-05-09 09,9,16351,3,0
2012-05-09 10,10,16665,3,0
2012-05-09 11,11,16421,3,0
2012-05-09 12,12,16005,3,0
2012-05-09 13,13,16121,3,0
2012-05-09 14,14,16222,3,0
2012-05-09 15,15,16117,3,0
2012-05-09 16,16,16253,3,0
2012-05-09 17,17,15779,3,0
2012-05-09 18,18,15767,3,0
2012-05-09 19,19,15856,3,0
2012-05-09 20,20,15398,3,0
2012-05-09 21,21,14975,3,0
2012-05-09 22,22,14061,3,0
2012-05-09 23,23,13060,3,0
2012-05-10 00,0,12238,4,0
2012-05-10 01,1,11609,4,0
2012-05-10 02,2,11248,4,0
2012-05-10 03,3,11130,4,0
2012-05-10 04,4,11274,4,0
2012-05-10 05,5,11680,4,0
2012-05-10 06,6,12164,4,0
2012-05-10 07,7,13501,4,0
2012-05-10 08,8,15458,4,0
2012-05-10 09,9,16433,4,0
2012-05-10 10,10,16626,4,0
2012-05-10 11,11,16235,4,0
2012-05-10 12,12,15986,4,0
2012-05-10 13,13,16263,4,0
2012-05-10 14,14,16120,4,0
2012-05-10 15,15,16237,4,0
2012-05-10 16,16,16302,4,0
2012-05-10 17,17,15810,4,0
2012-05-10 18,18,15768,4,0
2012-05-10 19,19,15911,4,0
2012-05-10 20,20,15496,4,0
2012-05-10 21,21,15110,4,0
2012-05-10 22,22,13981,4,0
2012-05-10 23,23,13087,4,0
2012-05-11 00,0,12221,5,0
2012-05-11 01,1,11618,5,0
2012-05-11 02,2,11330,5,0
2012-05-11 03,3,10954,5,0
2012-05-11 04,4,11059,5,0
2012-05-11 05,5,11560,5,0
2012-05-11 06,6,11945,5,0
2012-05-11 07,7,13363,5,0
2012-05-11 08,8,15101,5,0
2012-05-11 09,9,16131,5,0
2012-05-11 10,10,16542,5,0
2012-05-11 11,11,16026,5,0
2012-05-11 12,12,15910,5,0
2012-05-11 13,13,16107,5,0
2012-05-11 14,14,16144,5,0
2012-05-11 15,15,16205,5,0
2012-05-11 16,16,16315,5,0
2012-05-11 17,17,15792,5,0
2012-05-11 18,18,15592,5,0
2012-05-11 19,19,15950,5,0
2012-05-11 20,20,15280,5,0
2012-05-11 21,21,14846,5,0
2012-05-11 22,22,14028,5,0
2012-05-11 23,23,12990,5,0
2012-05-12 00,0,12278,6,1
2012-05-12 01,1,11554,6,1
2012-05-12 02,2,11221,6,1
2012-05-12 03,3,11047,6,1
2012-05-12 04,4,11106,6,1
2012-05-12 05,5,11340,6,1
2012-05-12 06,6,11324,6,1
2012-05-12 07,7,12536,6,1
2012-05-12 08,8,13912,6,1
2012-05-12 09,9,14802,6,1
2012-05-12 10,10,15238,6,1
2012-05-12 11,11,14948,6,1
2012-05-12 12,12,14645,6,1
2012-05-12 13,13,14805,6,1
2012-05-12 14,14,14785,6,1
2012-05-12 15,15,14807,6,1
2012-05-12 16,16,14958,6,1
2012-05-12 17,17,14502,6,1
2012-05-12 18,18,14874,6,1
2012-05-12 19,19,14963,6,1
2012-05-12 20,20,14831,6,1
2012-05-12 21,21,14449,6,1
2012-05-12 22,22,13706,6,1
2012-05-12 23,23,12752,6,1
2012-05-13 00,0,11837,7,1
2012-05-13 01,1,11330,7,1
2012-05-13 02,2,11027,7,1
2012-05-13 03,3,10718,7,1
2012-05-13 04,4,10644,7,1
2012-05-13 05,5,10922,7,1
2012-05-13 06,6,10938,7,1
2012-05-13 07,7,11993,7,1
2012-05-13 08,8,12925,7,1
2012-05-13 09,9,13581,7,1
2012-05-13 10,10,13974,7,1
2012-05-13 11,11,13770,7,1
2012-05-13 12,12,13380,7,1
2012-05-13 13,13,13568,7,1
2012-05-13 14,14,13450,7,1
2012-05-13 15,15,13580,7,1
2012-05-13 16,16,13706,7,1
2012-05-13 17,17,13878,7,1
2012-05-13 18,18,13970,7,1
2012-05-13 19,19,14358,7,1
2012-05-13 20,20,14241,7,1
2012-05-13 21,21,13654,7,1
2012-05-13 22,22,13044,7,1
2012-05-13 23,23,11933,7,1
2012-05-14 00,0,11329,1,0
2012-05-14 01,1,11048,1,0
2012-05-14 02,2,10776,1,0
2012-05-14 03,3,10617,1,0
2012-05-14 04,4,10781,1,0
2012-05-14 05,5,11200,1,0
2012-05-14 06,6,11663,1,0
2012-05-14 07,7,13242,1,0
2012-05-14 08,8,15470,1,0
2012-05-14 09,9,16231,1,0
2012-05-14 10,10,16545,1,0
2012-05-14 11,11,16220,1,0
2012-05-14 12,12,15878,1,0
2012-05-14 13,13,16264,1,0
2012-05-14 14,14,16263,1,0
2012-05-14 15,15,16319,1,0
2012-05-14 16,16,16409,1,0
2012-05-14 17,17,15934,1,0
2012-05-14 18,18,15873,1,0
2012-05-14 19,19,15898,1,0
2012-05-14 20,20,15467,1,0
2012-05-14 21,21,14876,1,0
2012-05-14 22,22,14021,1,0
2012-05-14 23,23,13010,1,0
2012-05-15 00,0,11982,2,0
2012-05-15 01,1,11340,2,0
2012-05-15 02,2,11025,2,0
2012-05-15 03,3,10784,2,0
2012-05-15 04,4,10764,2,0
2012-05-15 05,5,11132,2,0
2012-05-15 06,6,11939,2,0
2012-05-15 07,7,13290,2,0
2012-05-15 08,8,15155,2,0
2012-05-15 09,9,16360,2,0
2012-05-15 10,10,16325,2,0
2012-05-15 11,11,16051,2,0
2012-05-15 12,12,15716,2,0
2012-05-15 13,13,15996,2,0
2012-05-15 14,14,16092,2,0
2012-05-15 15,15,16111,2,0
2012-05-15 16,16,16118,2,0
2012-05-15 17,17,15681,2,0
2012-05-15 18,18,15429,2,0
2012-05-15 19,19,15649,2,0
2012-05-15 20,20,15331,2,0
2012-05-15 21,21,14816,2,0
2012-05-15 22,22,13986,2,0
2012-05-15 23,23,12881,2,0
2012-05-16 00,0,12277,3,0
2012-05-16 01,1,11926,3,0
2012-05-16 02,2,11677,3,0
2012-05-16 03,3,11341,3,0
2012-05-16 04,4,11259,3,0
2012-05-16 05,5,11716,3,0
2012-05-16 06,6,12137,3,0
2012-05-16 07,7,13557,3,0
2012-05-16 08,8,15274,3,0
2012-05-16 09,9,16695,3,0
2012-05-16 10,10,17061,3,0
2012-05-16 11,11,16576,3,0
2012-05-16 12,12,16206,3,0
2012-05-16 13,13,16350,3,0
2012-05-16 14,14,16499,3,0
2012-05-16 15,15,16539,3,0
2012-05-16 16,16,16568,3,0
2012-05-16 17,17,16034,3,0
2012-05-16 18,18,15908,3,0
2012-05-16 19,19,15846,3,0
2012-05-16 20,20,15712,3,0
2012-05-16 21,21,15147,3,0
2012-05-16 22,22,14371,3,0
2012-05-16 23,23,13254,3,0
2012-05-17 00,0,12464,4,0
2012-05-17 01,1,11624,4,0
2012-05-17 02,2,11269,4,0
2012-05-17 03,3,11144,4,0
2012-05-17 04,4,11206,4,0
2012-05-17 05,5,11643,4,0
2012-05-17 06,6,11880,4,0
2012-05-17 07,7,13351,4,0
2012-05-17 08,8,15623,4,0
2012-05-17 09,9,16989,4,0
2012-05-17 10,10,17385,4,0
2012-05-17 11,11,16742,4,0
2012-05-17 12,12,16509,4,0
2012-05-17 13,13,16566,4,0
2012-05-17 14,14,16758,4,0
2012-05-17 15,15,16514,4,0
2012-05-17 16,16,16612,4,0
2012-05-17 17,17,15987,4,0
2012-05-17 18,18,15908,4,0
2012-05-17 19,19,16132,4,0
2012-05-17 20,20,15763,4,0
2012-05-17 21,21,14981,4,0
2012-05-17 22,22,14270,4,0
2012-05-17 23,23,13313,4,0
2012-05-18 00,0,12325,5,0
2012-05-18 01,1,11830,5,0
2012-05-18 02,2,11314,5,0
2012-05-18 03,3,11218,5,0
2012-05-18 04,4,11153,5,0
2012-05-18 05,5,11699,5,0
2012-05-18 06,6,12028,5,0
2012-05-18 07,7,13449,5,0
2012-05-18 08,8,15721,5,0
2012-05-18 09,9,16993,5,0
2012-05-18 10,10,17394,5,0
2012-05-18 11,11,16958,5,0
2012-05-18 12,12,15990,5,0
2012-05-18 13,13,16305,5,0
2012-05-18 14,14,16381,5,0
2012-05-18 15,15,16376,5,0
2012-05-18 16,16,16252,5,0
2012-05-18 17,17,15865,5,0
2012-05-18 18,18,15675,5,0
2012-05-18 19,19,15946,5,0
2012-05-18 20,20,15798,5,0
2012-05-18 21,21,15185,5,0
2012-05-18 22,22,14465,5,0
2012-05-18 23,23,13219,5,0
2012-05-19 00,0,12295,6,1
2012-05-19 01,1,11974,6,1
2012-05-19 02,2,11648,6,1
2012-05-19 03,3,11229,6,1
2012-05-19 04,4,11309,6,1
2012-05-19 05,5,11603,6,1
2012-05-19 06,6,11694,6,1
2012-05-19 07,7,12775,6,1
2012-05-19 08,8,14240,6,1
2012-05-19 09,9,14955,6,1
2012-05-19 10,10,15303,6,1
2012-05-19 11,11,14989,6,1
2012-05-19 12,12,14626,6,1
2012-05-19 13,13,14751,6,1
2012-05-19 14,14,14702,6,1
2012-05-19 15,15,14665,6,1
2012-05-19 16,16,14902,6,1
2012-05-19 17,17,14632,6,1
2012-05-19 18,18,14884,6,1
2012-05-19 19,19,15075,6,1
2012-05-19 20,20,14579,6,1
2012-05-19 21,21,14339,6,1
2012-05-19 22,22,13437,6,1
2012-05-19 23,23,12564,6,1
2012-05-20 00,0,11855,7,1
2012-05-20 01,1,11289,7,1
2012-05-20 02,2,10963,7,1
2012-05-20 03,3,10759,7,1
2012-05-20 04,4,10697,7,1
2012-05-20 05,5,10961,7,1
2012-05-20 06,6,10962,7,1
2012-05-20 07,7,11643,7,1
2012-05-20 08,8,12610,7,1
2012-05-20 09,9,13641,7,1
2012-05-20 10,10,14113,7,1
2012-05-20 11,11,13947,7,1
2012-05-20 12,12,13295,7,1
2012-05-20 13,13,13472,7,1
2012-05-20 14,14,13451,7,1
2012-05-20 15,15,13611,7,1
2012-05-20 16,16,13829,7,1
2012-05-20 17,17,13960,7,1
2012-05-20 18,18,14027,7,1
2012-05-20 19,19,14388,7,1
2012-05-20 20,20,14064,7,1
2012-05-20 21,21,13579,7,1
2012-05-20 22,22,12809,7,1
2012-05-20 23,23,12054,7,1
2012-05-21 00,0,11125,1,0
2012-05-21 01,1,10904,1,0
2012-05-21 02,2,10615,1,0
2012-05-21 03,3,10521,1,0
2012-05-21 04,4,10622,1,0
2012-05-21 05,5,10943,1,0
2012-05-21 06,6,11536,1,0
2012-05-21 07,7,13041,1,0
2012-05-21 08,8,15237,1,0
2012-05-21 09,9,16072,1,0
2012-05-21 10,10,16437,1,0
2012-05-21 11,11,16336,1,0
2012-05-21 12,12,16111,1,0
2012-05-21 13,13,16209,1,0
2012-05-21 14,14,16398,1,0
2012-05-21 15,15,16138,1,0
2012-05-21 16,16,16094,1,0
2012-05-21 17,17,15894,1,0
2012-05-21 18,18,15807,1,0
2012-05-21 19,19,16025,1,0
2012-05-21 20,20,15399,1,0
2012-05-21 21,21,14980,1,0
2012-05-21 22,22,14062,1,0
2012-05-21 23,23,13062,1,0
2012-05-22 00,0,12128,2,0
2012-05-22 01,1,11710,2,0
2012-05-22 02,2,11218,2,0
2012-05-22 03,3,11083,2,0
2012-05-22 04,4,11140,2,0
2012-05-22 05,5,11512,2,0
2012-05-22 06,6,12004,2,0
2012-05-22 07,7,13249,2,0
2012-05-22 08,8,15299,2,0
2012-05-22 09,9,16114,2,0
2012-05-22 10,10,16426,2,0
2012-05-22 11,11,16168,2,0
2012-05-22 12,12,15778,2,0
2012-05-22 13,13,15973,2,0
2012-05-22 14,14,16135,2,0
2012-05-22 15,15,16145,2,0
2012-05-22 16,16,16189,2,0
2012-05-22 17,17,15600,2,0
2012-05-22 18,18,15435,2,0
2012-05-22 19,19,15706,2,0
2012-05-22 20,20,15457,2,0
2012-05-22 21,21,15115,2,0
2012-05-22 22,22,14100,2,0
2012-05-22 23,23,13128,2,0
2012-05-23 00,0,12229,3,0
2012-05-23 01,1,11805,3,0
2012-05-23 02,2,11238,3,0
2012-05-23 03,3,11152,3,0
2012-05-23 04,4,11180,3,0
2012-05-23 05,5,11630,3,0
2012-05-23 06,6,12022,3,0
2012-05-23 07,7,13294,3,0
2012-05-23 08,8,15286,3,0
2012-05-23 09,9,16266,3,0
2012-05-23 10,10,16568,3,0
2012-05-23 11,11,16222,3,0
2012-05-23 12,12,15771,3,0
2012-05-23 13,13,16140,3,0
2012-05-23 14,14,16122,3,0
2012-05-23 15,15,16302,3,0
2012-05-23 16,16,16215,3,0
2012-05-23 17,17,15639,3,0
2012-05-23 18,18,15613,3,0
2012-05-23 19,19,15694,3,0
2012-05-23 20,20,15418,3,0
2012-05-23 21,21,14862,3,0
2012-05-23 22,22,14086,3,0
2012-05-23 23,23,13164,3,0
2012-05-24 00,0,12176,4,0
2012-05-24 01,1,11941,4,0
2012-05-24 02,2,11469,4,0
2012-05-24 03,3,11241,4,0
2012-05-24 04,4,11356,4,0
2012-05-24 05,5,11642,4,0
2012-05-24 06,6,11942,4,0
2012-05-24 07,7,13414,4,0
2012-05-24 08,8,15335,4,0
2012-05-24 09,9,16525,4,0
2012-05-24 10,10,16696,4,0
2012-05-24 11,11,16482,4,0
2012-05-24 12,12,16049,4,0
2012-05-24 13,13,16302,4,0
2012-05-24 14,14,16158,4,0
2012-05-24 15,15,16242,4,0
2012-05-24 16,16,16321,4,0
2012-05-24 17,17,15784,4,0
2012-05-24 18,18,15650,4,0
2012-05-24 19,19,15817,4,0
2012-05-24 20,20,15309,4,0
2012-05-24 21,21,14835,4,0
2012-05-24 22,22,13862,4,0
2012-05-24 23,23,13061,4,0
2012-05-25 00,0,12177,5,0
2012-05-25 01,1,11917,5,0
2012-05-25 02,2,11413,5,0
2012-05-25 03,3,11170,5,0
2012-05-25 04,4,11253,5,0
2012-05-25 05,5,11534,5,0
2012-05-25 06,6,11933,5,0
2012-05-25 07,7,13412,5,0
2012-05-25 08,8,15445,5,0
2012-05-25 09,9,16157,5,0
2012-05-25 10,10,16426,5,0
2012-05-25 11,11,16239,5,0
2012-05-25 12,12,15742,5,0
2012-05-25 13,13,15988,5,0
2012-05-25 14,14,15904,5,0
2012-05-25 15,15,16088,5,0
2012-05-25 16,16,15977,5,0
2012-05-25 17,17,15851,5,0
2012-05-25 18,18,15606,5,0
2012-05-25 19,19,15861,5,0
2012-05-25 20,20,15238,5,0
2012-05-25 21,21,14829,5,0
2012-05-25 22,22,14151,5,0
2012-05-25 23,23,13121,5,0
2012-05-26 00,0,12210,6,1
2012-05-26 01,1,11654,6,1
2012-05-26 02,2,11219,6,1
2012-05-26 03,3,11173,6,1
2012-05-26 04,4,10911,6,1
2012-05-26 05,5,11305,6,1
2012-05-26 06,6,11544,6,1
2012-05-26 07,7,12594,6,1
2012-05-26 08,8,14128,6,1
2012-05-26 09,9,14855,6,1
2012-05-26 10,10,15201,6,1
2012-05-26 11,11,14782,6,1
2012-05-26 12,12,14335,6,1
2012-05-26 13,13,14624,6,1
2012-05-26 14,14,14552,6,1
2012-05-26 15,15,14539,6,1
2012-05-26 16,16,14730,6,1
2012-05-26 17,17,14406,6,1
2012-05-26 18,18,14412,6,1
2012-05-26 19,19,14646,6,1
2012-05-26 20,20,14377,6,1
2012-05-26 21,21,14122,6,1
2012-05-26 22,22,13415,6,1
2012-05-26 23,23,12452,6,1
2012-05-27 00,0,11585,7,1
2012-05-27 01,1,11180,7,1
2012-05-27 02,2,10820,7,1
2012-05-27 03,3,10594,7,1
2012-05-27 04,4,10559,7,1
2012-05-27 05,5,10733,7,1
2012-05-27 06,6,10857,7,1
2012-05-27 07,7,11600,7,1
2012-05-27 08,8,12863,7,1
2012-05-27 09,9,13731,7,1
2012-05-27 10,10,14154,7,1
2012-05-27 11,11,13947,7,1
2012-05-27 12,12,13523,7,1
2012-05-27 13,13,13472,7,1
2012-05-27 14,14,13633,7,1
2012-05-27 15,15,13472,7,1
2012-05-27 16,16,13720,7,1
2012-05-27 17,17,13770,7,1
2012-05-27 18,18,13777,7,1
2012-05-27 19,19,14218,7,1
2012-05-27 20,20,14155,7,1
2012-05-27 21,21,13699,7,1
2012-05-27 22,22,12816,7,1
2012-05-27 23,23,11835,7,1
2012-05-28 00,0,11094,1,0
2012-05-28 01,1,10797,1,0
2012-05-28 02,2,10483,1,0
2012-05-28 03,3,10342,1,0
2012-05-28 04,4,10488,1,0
2012-05-28 05,5,10987,1,0
2012-05-28 06,6,11584,1,0
2012-05-28 07,7,13086,1,0
2012-05-28 08,8,15338,1,0
2012-05-28 09,9,16422,1,0
2012-05-28 10,10,16659,1,0
2012-05-28 11,11,16327,1,0
2012-05-28 12,12,15874,1,0
2012-05-28 13,13,16265,1,0
2012-05-28 14,14,16141,1,0
2012-05-28 15,15,16207,1,0
2012-05-28 16,16,16195,1,0
2012-05-28 17,17,15704,1,0
2012-05-28 18,18,15496,1,0
2012-05-28 19,19,15583,1,0
2012-05-28 20,20,15440,1,0
2012-05-28 21,21,15059,1,0
2012-05-28 22,22,14168,1,0
2012-05-28 23,23,13138,1,0
2012-05-29 00,0,12164,2,0
2012-05-29 01,1,11747,2,0
2012-05-29 02,2,11213,2,0
2012-05-29 03,3,10856,2,0
2012-05-29 04,4,10955,2,0
2012-05-29 05,5,11313,2,0
2012-05-29 06,6,11942,2,0
2012-05-29 07,7,13445,2,0
2012-05-29 08,8,15428,2,0
2012-05-29 09,9,16617,2,0
2012-05-29 10,10,16928,2,0
2012-05-29 11,11,16440,2,0
2012-05-29 12,12,15816,2,0
2012-05-29 13,13,16069,2,0
2012-05-29 14,14,15967,2,0
2012-05-29 15,15,16016,2,0
2012-05-29 16,16,15990,2,0
2012-05-29 17,17,15634,2,0
2012-05-29 18,18,15386,2,0
2012-05-29 19,19,15641,2,0
2012-05-29 20,20,15430,2,0
2012-05-29 21,21,15008,2,0
2012-05-29 22,22,14208,2,0
2012-05-29 23,23,13303,2,0
2012-05-30 00,0,12182,3,0
2012-05-30 01,1,11650,3,0
2012-05-30 02,2,11135,3,0
2012-05-30 03,3,10796,3,0
2012-05-30 04,4,10848,3,0
2012-05-30 05,5,11311,3,0
2012-05-30 06,6,11841,3,0
2012-05-30 07,7,13430,3,0
2012-05-30 08,8,15356,3,0
2012-05-30 09,9,15899,3,0
2012-05-30 10,10,16142,3,0
2012-05-30 11,11,15803,3,0
2012-05-30 12,12,15713,3,0
2012-05-30 13,13,15867,3,0
2012-05-30 14,14,15597,3,0
2012-05-30 15,15,15778,3,0
2012-05-30 16,16,15755,3,0
2012-05-30 17,17,15481,3,0
2012-05-30 18,18,15001,3,0
2012-05-30 19,19,15616,3,0
2012-05-30 20,20,15214,3,0
2012-05-30 21,21,14473,3,0
2012-05-30 22,22,13733,3,0
2012-05-30 23,23,12826,3,0
2012-05-31 00,0,11978,4,0
2012-05-31 01,1,11599,4,0
2012-05-31 02,2,11196,4,0
2012-05-31 03,3,10807,4,0
2012-05-31 04,4,10883,4,0
2012-05-31 05,5,11432,4,0
2012-05-31 06,6,11783,4,0
2012-05-31 07,7,13324,4,0
2012-05-31 08,8,15353,4,0
2012-05-31 09,9,15883,4,0
2012-05-31 10,10,16203,4,0
2012-05-31 11,11,16098,4,0
2012-05-31 12,12,15531,4,0
2012-05-31 13,13,15947,4,0
2012-05-31 14,14,15754,4,0
2012-05-31 15,15,15824,4,0
2012-05-31 16,16,15878,4,0
2012-05-31 17,17,15381,4,0
2012-05-31 18,18,15365,4,0
2012-05-31 19,19,15808,4,0
2012-05-31 20,20,15255,4,0
2012-05-31 21,21,14853,4,0
2012-05-31 22,22,13837,4,0
2012-05-31 23,23,12885,4,0
2012-06-01 00,0,12012,5,0
2012-06-01 01,1,11519,5,0
2012-06-01 02,2,11153,5,0
2012-06-01 03,3,10900,5,0
2012-06-01 04,4,11006,5,0
2012-06-01 05,5,11532,5,0
2012-06-01 06,6,11783,5,0
2012-06-01 07,7,13324,5,0
2012-06-01 08,8,15255,5,0
2012-06-01 09,9,16180,5,0
2012-06-01 10,10,16209,5,0
2012-06-01 11,11,16174,5,0
2012-06-01 12,12,15644,5,0
2012-06-01 13,13,15886,5,0
2012-06-01 14,14,15795,5,0
2012-06-01 15,15,15884,5,0
2012-06-01 16,16,15841,5,0
2012-06-01 17,17,15421,5,0
2012-06-01 18,18,15177,5,0
2012-06-01 19,19,15609,5,0
2012-06-01 20,20,15068,5,0
2012-06-01 21,21,14629,5,0
2012-06-01 22,22,13933,5,0
2012-06-01 23,23,12787,5,0
2012-06-02 00,0,12105,6,1
2012-06-02 01,1,11472,6,1
2012-06-02 02,2,11121,6,1
2012-06-02 03,3,10911,6,1
2012-06-02 04,4,10972,6,1
2012-06-02 05,5,11326,6,1
2012-06-02 06,6,11221,6,1
2012-06-02 07,7,12517,6,1
2012-06-02 08,8,13817,6,1
2012-06-02 09,9,14712,6,1
2012-06-02 10,10,15117,6,1
2012-06-02 11,11,14709,6,1
2012-06-02 12,12,14452,6,1
2012-06-02 13,13,14625,6,1
2012-06-02 14,14,14674,6,1
2012-06-02 15,15,14597,6,1
2012-06-02 16,16,14858,6,1
2012-06-02 17,17,14477,6,1
2012-06-02 18,18,14163,6,1
2012-06-02 19,19,14596,6,1
2012-06-02 20,20,14439,6,1
2012-06-02 21,21,14142,6,1
2012-06-02 22,22,13471,6,1
2012-06-02 23,23,12502,6,1
2012-06-03 00,0,11662,7,1
2012-06-03 01,1,11063,7,1
2012-06-03 02,2,10707,7,1
2012-06-03 03,3,10646,7,1
2012-06-03 04,4,10692,7,1
2012-06-03 05,5,10806,7,1
2012-06-03 06,6,10827,7,1
2012-06-03 07,7,11675,7,1
2012-06-03 08,8,12739,7,1
2012-06-03 09,9,13435,7,1
2012-06-03 10,10,13933,7,1
2012-06-03 11,11,13761,7,1
2012-06-03 12,12,13381,7,1
2012-06-03 13,13,13465,7,1
2012-06-03 14,14,13372,7,1
2012-06-03 15,15,13377,7,1
2012-06-03 16,16,13649,7,1
2012-06-03 17,17,13692,7,1
2012-06-03 18,18,13523,7,1
2012-06-03 19,19,13917,7,1
2012-06-03 20,20,13973,7,1
2012-06-03 21,21,13536,7,1
2012-06-03 22,22,12935,7,1
2012-06-03 23,23,11797,7,1
2012-06-04 00,0,11140,1,0
2012-06-04 01,1,10785,1,0
2012-06-04 02,2,10494,1,0
2012-06-04 03,3,10319,1,0
2012-06-04 04,4,10480,1,0
2012-06-04 05,5,10910,1,0
2012-06-04 06,6,11179,1,0
2012-06-04 07,7,12917,1,0
2012-06-04 08,8,15079,1,0
2012-06-04 09,9,16469,1,0
2012-06-04 10,10,16696,1,0
2012-06-04 11,11,16515,1,0
2012-06-04 12,12,15877,1,0
2012-06-04 13,13,16308,1,0
2012-06-04 14,14,16240,1,0
2012-06-04 15,15,16232,1,0
2012-06-04 16,16,16225,1,0
2012-06-04 17,17,15588,1,0
2012-06-04 18,18,15513,1,0
2012-06-04 19,19,15813,1,0
2012-06-04 20,20,15653,1,0
2012-06-04 21,21,14745,1,0
2012-06-04 22,22,14280,1,0
2012-06-04 23,23,13021,1,0
2012-06-05 00,0,12202,2,0
2012-06-05 01,1,11559,2,0
2012-06-05 02,2,11274,2,0
2012-06-05 03,3,10799,2,0
2012-06-05 04,4,10937,2,0
2012-06-05 05,5,11222,2,0
2012-06-05 06,6,11619,2,0
2012-06-05 07,7,13162,2,0
2012-06-05 08,8,15475,2,0
2012-06-05 09,9,16592,2,0
2012-06-05 10,10,17126,2,0
2012-06-05 11,11,16694,2,0
2012-06-05 12,12,15904,2,0
2012-06-05 13,13,16022,2,0
2012-06-05 14,14,15943,2,0
2012-06-05 15,15,16058,2,0
2012-06-05 16,16,16082,2,0
2012-06-05 17,17,15704,2,0
2012-06-05 18,18,15470,2,0
2012-06-05 19,19,15798,2,0
2012-06-05 20,20,15528,2,0
2012-06-05 21,21,14786,2,0
2012-06-05 22,22,13925,2,0
2012-06-05 23,23,13080,2,0
2012-06-06 00,0,12119,3,0
2012-06-06 01,1,11869,3,0
2012-06-06 02,2,11412,3,0
2012-06-06 03,3,11353,3,0
2012-06-06 04,4,11378,3,0
2012-06-06 05,5,11765,3,0
2012-06-06 06,6,12153,3,0
2012-06-06 07,7,13727,3,0
2012-06-06 08,8,15752,3,0
2012-06-06 09,9,16753,3,0
2012-06-06 10,10,16998,3,0
2012-06-06 11,11,16704,3,0
2012-06-06 12,12,16322,3,0
2012-06-06 13,13,16737,3,0
2012-06-06 14,14,16766,3,0
2012-06-06 15,15,16697,3,0
2012-06-06 16,16,16732,3,0
2012-06-06 17,17,16367,3,0
2012-06-06 18,18,15806,3,0
2012-06-06 19,19,16113,3,0
2012-06-06 20,20,15741,3,0
2012-06-06 21,21,15179,3,0
2012-06-06 22,22,14397,3,0
2012-06-06 23,23,13280,3,0
2012-06-07 00,0,12427,4,0
2012-06-07 01,1,11974,4,0
2012-06-07 02,2,11723,4,0
2012-06-07 03,3,11297,4,0
2012-06-07 04,4,11458,4,0
2012-06-07 05,5,11786,4,0
2012-06-07 06,6,12208,4,0
2012-06-07 07,7,13662,4,0
2012-06-07 08,8,15904,4,0
2012-06-07 09,9,17342,4,0
2012-06-07 10,10,17682,4,0
2012-06-07 11,11,17589,4,0
2012-06-07 12,12,16404,4,0
2012-06-07 13,13,16591,4,0
2012-06-07 14,14,16642,4,0
2012-06-07 15,15,16557,4,0
2012-06-07 16,16,16582,4,0
2012-06-07 17,17,16207,4,0
2012-06-07 18,18,15968,4,0
2012-06-07 19,19,16101,4,0
2012-06-07 20,20,15828,4,0
2012-06-07 21,21,15086,4,0
2012-06-07 22,22,14252,4,0
2012-06-07 23,23,13444,4,0
2012-06-08 00,0,12752,5,0
2012-06-08 01,1,12188,5,0
2012-06-08 02,2,11969,5,0
2012-06-08 03,3,11695,5,0
2012-06-08 04,4,11891,5,0
2012-06-08 05,5,12313,5,0
2012-06-08 06,6,12619,5,0
2012-06-08 07,7,14123,5,0
2012-06-08 08,8,17102,5,0
2012-06-08 09,9,18825,5,0
2012-06-08 10,10,19137,5,0
2012-06-08 11,11,18812,5,0
2012-06-08 12,12,17602,5,0
2012-06-08 13,13,17820,5,0
2012-06-08 14,14,17694,5,0
2012-06-08 15,15,17709,5,0
2012-06-08 16,16,17645,5,0
2012-06-08 17,17,17174,5,0
2012-06-08 18,18,17056,5,0
2012-06-08 19,19,17107,5,0
2012-06-08 20,20,16360,5,0
2012-06-08 21,21,15399,5,0
2012-06-08 22,22,14515,5,0
2012-06-08 23,23,13511,5,0
2012-06-09 00,0,12976,6,1
2012-06-09 01,1,12568,6,1
2012-06-09 02,2,12180,6,1
2012-06-09 03,3,12061,6,1
2012-06-09 04,4,12176,6,1
2012-06-09 05,5,12318,6,1
2012-06-09 06,6,12341,6,1
2012-06-09 07,7,13616,6,1
2012-06-09 08,8,15174,6,1
2012-06-09 09,9,16391,6,1
2012-06-09 10,10,16781,6,1
2012-06-09 11,11,16140,6,1
2012-06-09 12,12,15954,6,1
2012-06-09 13,13,15989,6,1
2012-06-09 14,14,16078,6,1
2012-06-09 15,15,16095,6,1
2012-06-09 16,16,16267,6,1
2012-06-09 17,17,15717,6,1
2012-06-09 18,18,15593,6,1
2012-06-09 19,19,16044,6,1
2012-06-09 20,20,15995,6,1
2012-06-09 21,21,15432,6,1
2012-06-09 22,22,14523,6,1
2012-06-09 23,23,13678,6,1
2012-06-10 00,0,12580,7,1
2012-06-10 01,1,12284,7,1
2012-06-10 02,2,11928,7,1
2012-06-10 03,3,11852,7,1
2012-06-10 04,4,11709,7,1
2012-06-10 05,5,12030,7,1
2012-06-10 06,6,12051,7,1
2012-06-10 07,7,12689,7,1
2012-06-10 08,8,13839,7,1
2012-06-10 09,9,15014,7,1
2012-06-10 10,10,15382,7,1
2012-06-10 11,11,14907,7,1
2012-06-10 12,12,14491,7,1
2012-06-10 13,13,14678,7,1
2012-06-10 14,14,14575,7,1
2012-06-10 15,15,14513,7,1
2012-06-10 16,16,14787,7,1
2012-06-10 17,17,14750,7,1
2012-06-10 18,18,14596,7,1
2012-06-10 19,19,15035,7,1
2012-06-10 20,20,15090,7,1
2012-06-10 21,21,14583,7,1
2012-06-10 22,22,13938,7,1
2012-06-10 23,23,12923,7,1
2012-06-11 00,0,12284,1,0
2012-06-11 01,1,11756,1,0
2012-06-11 02,2,11444,1,0
2012-06-11 03,3,11325,1,0
2012-06-11 04,4,11454,1,0
2012-06-11 05,5,11972,1,0
2012-06-11 06,6,12478,1,0
2012-06-11 07,7,14267,1,0
2012-06-11 08,8,17207,1,0
2012-06-11 09,9,18920,1,0
2012-06-11 10,10,19363,1,0
2012-06-11 11,11,18357,1,0
2012-06-11 12,12,17211,1,0
2012-06-11 13,13,17658,1,0
2012-06-11 14,14,17595,1,0
2012-06-11 15,15,17595,1,0
2012-06-11 16,16,17727,1,0
2012-06-11 17,17,17134,1,0
2012-06-11 18,18,16681,1,0
2012-06-11 19,19,17042,1,0
2012-06-11 20,20,16544,1,0
2012-06-11 21,21,15929,1,0
2012-06-11 22,22,14992,1,0
2012-06-11 23,23,13876,1,0
2012-06-12 00,0,13760,2,0
2012-06-12 01,1,13214,2,0
2012-06-12 02,2,12813,2,0
2012-06-12 03,3,12452,2,0
2012-06-12 04,4,12369,2,0
2012-06-12 05,5,12848,2,0
2012-06-12 06,6,13138,2,0
2012-06-12 07,7,15179,2,0
2012-06-12 08,8,17489,2,0
2012-06-12 09,9,18452,2,0
2012-06-12 10,10,19011,2,0
2012-06-12 11,11,18862,2,0
2012-06-12 12,12,19094,2,0
2012-06-12 13,13,19310,2,0
2012-06-12 14,14,19348,2,0
2012-06-12 15,15,19343,2,0
2012-06-12 16,16,19204,2,0
2012-06-12 17,17,18927,2,0
2012-06-12 18,18,18066,2,0
2012-06-12 19,19,18105,2,0
2012-06-12 20,20,17813,2,0
2012-06-12 21,21,17155,2,0
2012-06-12 22,22,16042,2,0
2012-06-12 23,23,15006,2,0
2012-06-13 00,0,14131,3,0
2012-06-13 01,1,13349,3,0
2012-06-13 02,2,12946,3,0
2012-06-13 03,3,12635,3,0
2012-06-13 04,4,12447,3,0
2012-06-13 05,5,12687,3,0
2012-06-13 06,6,12948,3,0
2012-06-13 07,7,14913,3,0
2012-06-13 08,8,17410,3,0
2012-06-13 09,9,18712,3,0
2012-06-13 10,10,19254,3,0
2012-06-13 11,11,18866,3,0
2012-06-13 12,12,18712,3,0
2012-06-13 13,13,19082,3,0
2012-06-13 14,14,19267,3,0
2012-06-13 15,15,19365,3,0
2012-06-13 16,16,19185,3,0
2012-06-13 17,17,18521,3,0
2012-06-13 18,18,17491,3,0
2012-06-13 19,19,17724,3,0
2012-06-13 20,20,17364,3,0
2012-06-13 21,21,16591,3,0
2012-06-13 22,22,15894,3,0
2012-06-13 23,23,14995,3,0
2012-06-14 00,0,13871,4,0
2012-06-14 01,1,12939,4,0
2012-06-14 02,2,12459,4,0
2012-06-14 03,3,12228,4,0
2012-06-14 04,4,12185,4,0
2012-06-14 05,5,12537,4,0
2012-06-14 06,6,12905,4,0
2012-06-14 07,7,14886,4,0
2012-06-14 08,8,17375,4,0
2012-06-14 09,9,18461,4,0
2012-06-14 10,10,18951,4,0
2012-06-14 11,11,18810,4,0
2012-06-14 12,12,18647,4,0
2012-06-14 13,13,18978,4,0
2012-06-14 14,14,19136,4,0
2012-06-14 15,15,19056,4,0
2012-06-14 16,16,19061,4,0
2012-06-14 17,17,18133,4,0
2012-06-14 18,18,17158,4,0
2012-06-14 19,19,17373,4,0
2012-06-14 20,20,17418,4,0
2012-06-14 21,21,16747,4,0
2012-06-14 22,22,15695,4,0
2012-06-14 23,23,14628,4,0
2012-06-15 00,0,13721,5,0
2012-06-15 01,1,12900,5,0
2012-06-15 02,2,12546,5,0
2012-06-15 03,3,12285,5,0
2012-06-15 04,4,12155,5,0
2012-06-15 05,5,12442,5,0
2012-06-15 06,6,12931,5,0
2012-06-15 07,7,14708,5,0
2012-06-15 08,8,17041,5,0
2012-06-15 09,9,18262,5,0
2012-06-15 10,10,18607,5,0
2012-06-15 11,11,18246,5,0
2012-06-15 12,12,18575,5,0
2012-06-15 13,13,18814,5,0
2012-06-15 14,14,18907,5,0
2012-06-15 15,15,18877,5,0
2012-06-15 16,16,18551,5,0
2012-06-15 17,17,17655,5,0
2012-06-15 18,18,17157,5,0
2012-06-15 19,19,17373,5,0
2012-06-15 20,20,17112,5,0
2012-06-15 21,21,16457,5,0
2012-06-15 22,22,15455,5,0
2012-06-15 23,23,14292,5,0
2012-06-16 00,0,13426,6,1
2012-06-16 01,1,12721,6,1
2012-06-16 02,2,12388,6,1
2012-06-16 03,3,12163,6,1
2012-06-16 04,4,12079,6,1
2012-06-16 05,5,12293,6,1
2012-06-16 06,6,12151,6,1
2012-06-16 07,7,13261,6,1
2012-06-16 08,8,15439,6,1
2012-06-16 09,9,16760,6,1
2012-06-16 10,10,17303,6,1
2012-06-16 11,11,17257,6,1
2012-06-16 12,12,17209,6,1
2012-06-16 13,13,17414,6,1
2012-06-16 14,14,17236,6,1
2012-06-16 15,15,17250,6,1
2012-06-16 16,16,17278,6,1
2012-06-16 17,17,17008,6,1
2012-06-16 18,18,16594,6,1
2012-06-16 19,19,16952,6,1
2012-06-16 20,20,16898,6,1
2012-06-16 21,21,16285,6,1
2012-06-16 22,22,15503,6,1
2012-06-16 23,23,14714,6,1
2012-06-17 00,0,13479,7,1
2012-06-17 01,1,12737,7,1
2012-06-17 02,2,12226,7,1
2012-06-17 03,3,12049,7,1
2012-06-17 04,4,11936,7,1
2012-06-17 05,5,11897,7,1
2012-06-17 06,6,12035,7,1
2012-06-17 07,7,12710,7,1
2012-06-17 08,8,14255,7,1
2012-06-17 09,9,15367,7,1
2012-06-17 10,10,16437,7,1
2012-06-17 11,11,16419,7,1
2012-06-17 12,12,16088,7,1
2012-06-17 13,13,16164,7,1
2012-06-17 14,14,16168,7,1
2012-06-17 15,15,16009,7,1
2012-06-17 16,16,16001,7,1
2012-06-17 17,17,16015,7,1
2012-06-17 18,18,15761,7,1
2012-06-17 19,19,16095,7,1
2012-06-17 20,20,15982,7,1
2012-06-17 21,21,15655,7,1
2012-06-17 22,22,14728,7,1
2012-06-17 23,23,13868,7,1
2012-06-18 00,0,12748,1,0
2012-06-18 01,1,11598,1,0
2012-06-18 02,2,11066,1,0
2012-06-18 03,3,10849,1,0
2012-06-18 04,4,10954,1,0
2012-06-18 05,5,11473,1,0
2012-06-18 06,6,11965,1,0
2012-06-18 07,7,14034,1,0
2012-06-18 08,8,16334,1,0
2012-06-18 09,9,17301,1,0
2012-06-18 10,10,17604,1,0
2012-06-18 11,11,17408,1,0
2012-06-18 12,12,17328,1,0
2012-06-18 13,13,17646,1,0
2012-06-18 14,14,17456,1,0
2012-06-18 15,15,17542,1,0
2012-06-18 16,16,17648,1,0
2012-06-18 17,17,17086,1,0
2012-06-18 18,18,16388,1,0
2012-06-18 19,19,16618,1,0
2012-06-18 20,20,16164,1,0
2012-06-18 21,21,15660,1,0
2012-06-18 22,22,14922,1,0
2012-06-18 23,23,13808,1,0
2012-06-19 00,0,12921,2,0
2012-06-19 01,1,12296,2,0
2012-06-19 02,2,11881,2,0
2012-06-19 03,3,11510,2,0
2012-06-19 04,4,11361,2,0
2012-06-19 05,5,11743,2,0
2012-06-19 06,6,12380,2,0
2012-06-19 07,7,14117,2,0
2012-06-19 08,8,16086,2,0
2012-06-19 09,9,17254,2,0
2012-06-19 10,10,17578,2,0
2012-06-19 11,11,17283,2,0
2012-06-19 12,12,17011,2,0
2012-06-19 13,13,17259,2,0
2012-06-19 14,14,17228,2,0
2012-06-19 15,15,17268,2,0
2012-06-19 16,16,17266,2,0
2012-06-19 17,17,16832,2,0
2012-06-19 18,18,16480,2,0
2012-06-19 19,19,16642,2,0
2012-06-19 20,20,16376,2,0
2012-06-19 21,21,15713,2,0
2012-06-19 22,22,14992,2,0
2012-06-19 23,23,14079,2,0
2012-06-20 00,0,13132,3,0
2012-06-20 01,1,12354,3,0
2012-06-20 02,2,11952,3,0
2012-06-20 03,3,11551,3,0
2012-06-20 04,4,11633,3,0
2012-06-20 05,5,11813,3,0
2012-06-20 06,6,12355,3,0
2012-06-20 07,7,14085,3,0
2012-06-20 08,8,16241,3,0
2012-06-20 09,9,17278,3,0
2012-06-20 10,10,17634,3,0
2012-06-20 11,11,17153,3,0
2012-06-20 12,12,17054,3,0
2012-06-20 13,13,17322,3,0
2012-06-20 14,14,17338,3,0
2012-06-20 15,15,17296,3,0
2012-06-20 16,16,17301,3,0
2012-06-20 17,17,16855,3,0
2012-06-20 18,18,16414,3,0
2012-06-20 19,19,16597,3,0
2012-06-20 20,20,16322,3,0
2012-06-20 21,21,15655,3,0
2012-06-20 22,22,14876,3,0
2012-06-20 23,23,14103,3,0
2012-06-21 00,0,13057,4,0
2012-06-21 01,1,12312,4,0
2012-06-21 02,2,11831,4,0
2012-06-21 03,3,11695,4,0
2012-06-21 04,4,11624,4,0
2012-06-21 05,5,11950,4,0
2012-06-21 06,6,12390,4,0
2012-06-21 07,7,14101,4,0
2012-06-21 08,8,16323,4,0
2012-06-21 09,9,17390,4,0
2012-06-21 10,10,17900,4,0
2012-06-21 11,11,17719,4,0
2012-06-21 12,12,17094,4,0
2012-06-21 13,13,17155,4,0
2012-06-21 14,14,17139,4,0
2012-06-21 15,15,17200,4,0
2012-06-21 16,16,17227,4,0
2012-06-21 17,17,16661,4,0
2012-06-21 18,18,16216,4,0
2012-06-21 19,19,16325,4,0
2012-06-21 20,20,16168,4,0
2012-06-21 21,21,15457,4,0
2012-06-21 22,22,14573,4,0
2012-06-21 23,23,13444,4,0
2012-06-22 00,0,12529,5,1
2012-06-22 01,1,11931,5,1
2012-06-22 02,2,11590,5,1
2012-06-22 03,3,11448,5,1
2012-06-22 04,4,11221,5,1
2012-06-22 05,5,11647,5,1
2012-06-22 06,6,11925,5,1
2012-06-22 07,7,12938,5,1
2012-06-22 08,8,14546,5,1
2012-06-22 09,9,15619,5,1
2012-06-22 10,10,16145,5,1
2012-06-22 11,11,16097,5,1
2012-06-22 12,12,15660,5,1
2012-06-22 13,13,15824,5,1
2012-06-22 14,14,15564,5,1
2012-06-22 15,15,15569,5,1
2012-06-22 16,16,15488,5,1
2012-06-22 17,17,15496,5,1
2012-06-22 18,18,15401,5,1
2012-06-22 19,19,15573,5,1
2012-06-22 20,20,15226,5,1
2012-06-22 21,21,14675,5,1
2012-06-22 22,22,13916,5,1
2012-06-22 23,23,12726,5,1
2012-06-23 00,0,11732,6,-1
2012-06-23 01,1,11236,6,-1
2012-06-23 02,2,10848,6,-1
2012-06-23 03,3,10653,6,-1
2012-06-23 04,4,10601,6,-1
2012-06-23 05,5,10829,6,-1
2012-06-23 06,6,10870,6,-1
2012-06-23 07,7,11771,6,-1
2012-06-23 08,8,13009,6,-1
2012-06-23 09,9,14013,6,-1
2012-06-23 10,10,14561,6,-1
2012-06-23 11,11,14224,6,-1
2012-06-23 12,12,13925,6,-1
2012-06-23 13,13,13826,6,-1
2012-06-23 14,14,13546,6,-1
2012-06-23 15,15,13760,6,-1
2012-06-23 16,16,13909,6,-1
2012-06-23 17,17,13989,6,-1
2012-06-23 18,18,14130,6,-1
2012-06-23 19,19,14547,6,-1
2012-06-23 20,20,14363,6,-1
2012-06-23 21,21,13643,6,-1
2012-06-23 22,22,12983,6,-1
2012-06-23 23,23,12277,6,-1
2012-06-24 00,0,11310,7,1
2012-06-24 01,1,10801,7,1
2012-06-24 02,2,10483,7,1
2012-06-24 03,3,10246,7,1
2012-06-24 04,4,10073,7,1
2012-06-24 05,5,10369,7,1
2012-06-24 06,6,10384,7,1
2012-06-24 07,7,11192,7,1
2012-06-24 08,8,12269,7,1
2012-06-24 09,9,13283,7,1
2012-06-24 10,10,13501,7,1
2012-06-24 11,11,13112,7,1
2012-06-24 12,12,12944,7,1
2012-06-24 13,13,12957,7,1
2012-06-24 14,14,12962,7,1
2012-06-24 15,15,12856,7,1
2012-06-24 16,16,13205,7,1
2012-06-24 17,17,13387,7,1
2012-06-24 18,18,13715,7,1
2012-06-24 19,19,13850,7,1
2012-06-24 20,20,13741,7,1
2012-06-24 21,21,13258,7,1
2012-06-24 22,22,12643,7,1
2012-06-24 23,23,11676,7,1
2012-06-25 00,0,10946,1,0
2012-06-25 01,1,10492,1,0
2012-06-25 02,2,10121,1,0
2012-06-25 03,3,9944,1,0
2012-06-25 04,4,10025,1,0
2012-06-25 05,5,10697,1,0
2012-06-25 06,6,11684,1,0
2012-06-25 07,7,13740,1,0
2012-06-25 08,8,16598,1,0
2012-06-25 09,9,18702,1,0
2012-06-25 10,10,19027,1,0
2012-06-25 11,11,18022,1,0
2012-06-25 12,12,17120,1,0
2012-06-25 13,13,17406,1,0
2012-06-25 14,14,17306,1,0
2012-06-25 15,15,17288,1,0
2012-06-25 16,16,17491,1,0
2012-06-25 17,17,16754,1,0
2012-06-25 18,18,16289,1,0
2012-06-25 19,19,16823,1,0
2012-06-25 20,20,16534,1,0
2012-06-25 21,21,15729,1,0
2012-06-25 22,22,14718,1,0
2012-06-25 23,23,13764,1,0
2012-06-26 00,0,13237,2,0
2012-06-26 01,1,12683,2,0
2012-06-26 02,2,12181,2,0
2012-06-26 03,3,12086,2,0
2012-06-26 04,4,11991,2,0
2012-06-26 05,5,12281,2,0
2012-06-26 06,6,12987,2,0
2012-06-26 07,7,14838,2,0
2012-06-26 08,8,17122,2,0
2012-06-26 09,9,17759,2,0
2012-06-26 10,10,18107,2,0
2012-06-26 11,11,18250,2,0
2012-06-26 12,12,18051,2,0
2012-06-26 13,13,18387,2,0
2012-06-26 14,14,18385,2,0
2012-06-26 15,15,18521,2,0
2012-06-26 16,16,18456,2,0
2012-06-26 17,17,17805,2,0
2012-06-26 18,18,16864,2,0
2012-06-26 19,19,17109,2,0
2012-06-26 20,20,16767,2,0
2012-06-26 21,21,16456,2,0
2012-06-26 22,22,15386,2,0
2012-06-26 23,23,14317,2,0
2012-06-27 00,0,13462,3,0
2012-06-27 01,1,12784,3,0
2012-06-27 02,2,12101,3,0
2012-06-27 03,3,11993,3,0
2012-06-27 04,4,11891,3,0
2012-06-27 05,5,12174,3,0
2012-06-27 06,6,12711,3,0
2012-06-27 07,7,14634,3,0
2012-06-27 08,8,17128,3,0
2012-06-27 09,9,17728,3,0
2012-06-27 10,10,18012,3,0
2012-06-27 11,11,17782,3,0
2012-06-27 12,12,18053,3,0
2012-06-27 13,13,18526,3,0
2012-06-27 14,14,18335,3,0
2012-06-27 15,15,18304,3,0
2012-06-27 16,16,18212,3,0
2012-06-27 17,17,17651,3,0
2012-06-27 18,18,16587,3,0
2012-06-27 19,19,16929,3,0
2012-06-27 20,20,16642,3,0
2012-06-27 21,21,16114,3,0
2012-06-27 22,22,15193,3,0
2012-06-27 23,23,14056,3,0
2012-06-28 00,0,13092,4,0
2012-06-28 01,1,12688,4,0
2012-06-28 02,2,12338,4,0
2012-06-28 03,3,12081,4,0
2012-06-28 04,4,11966,4,0
2012-06-28 05,5,12429,4,0
2012-06-28 06,6,12921,4,0
2012-06-28 07,7,14672,4,0
2012-06-28 08,8,17151,4,0
2012-06-28 09,9,17889,4,0
2012-06-28 10,10,18319,4,0
2012-06-28 11,11,18112,4,0
2012-06-28 12,12,18016,4,0
2012-06-28 13,13,18331,4,0
2012-06-28 14,14,18475,4,0
2012-06-28 15,15,18419,4,0
2012-06-28 16,16,18367,4,0
2012-06-28 17,17,17956,4,0
2012-06-28 18,18,17039,4,0
2012-06-28 19,19,17380,4,0
2012-06-28 20,20,17225,4,0
2012-06-28 21,21,16580,4,0
2012-06-28 22,22,15650,4,0
2012-06-28 23,23,14535,4,0
2012-06-29 00,0,13599,5,0
2012-06-29 01,1,13101,5,0
2012-06-29 02,2,12738,5,0
2012-06-29 03,3,12481,5,0
2012-06-29 04,4,12343,5,0
2012-06-29 05,5,12622,5,0
2012-06-29 06,6,13021,5,0
2012-06-29 07,7,14884,5,0
2012-06-29 08,8,18001,5,0
2012-06-29 09,9,19473,5,0
2012-06-29 10,10,19812,5,0
2012-06-29 11,11,19703,5,0
2012-06-29 12,12,18991,5,0
2012-06-29 13,13,19341,5,0
2012-06-29 14,14,19375,5,0
2012-06-29 15,15,19322,5,0
2012-06-29 16,16,19271,5,0
2012-06-29 17,17,18357,5,0
2012-06-29 18,18,17540,5,0
2012-06-29 19,19,17680,5,0
2012-06-29 20,20,17525,5,0
2012-06-29 21,21,16877,5,0
2012-06-29 22,22,15950,5,0
2012-06-29 23,23,14641,5,0
2012-06-30 00,0,14507,6,1
2012-06-30 01,1,13815,6,1
2012-06-30 02,2,13229,6,1
2012-06-30 03,3,12904,6,1
2012-06-30 04,4,12980,6,1
2012-06-30 05,5,12936,6,1
2012-06-30 06,6,12995,6,1
2012-06-30 07,7,14381,6,1
2012-06-30 08,8,16195,6,1
2012-06-30 09,9,17936,6,1
2012-06-30 10,10,18638,6,1
2012-06-30 11,11,18070,6,1
2012-06-30 12,12,18267,6,1
2012-06-30 13,13,18508,6,1
2012-06-30 14,14,18405,6,1
2012-06-30 15,15,18399,6,1
2012-06-30 16,16,18568,6,1
2012-06-30 17,17,17915,6,1
2012-06-30 18,18,17131,6,1
2012-06-30 19,19,17805,6,1
2012-06-30 20,20,17758,6,1
2012-06-30 21,21,17297,6,1
2012-06-30 22,22,16330,6,1
2012-06-30 23,23,15514,6,1
2012-07-01 00,0,14243,7,1
2012-07-01 01,1,13840,7,1
2012-07-01 02,2,13544,7,1
2012-07-01 03,3,13276,7,1
2012-07-01 04,4,13128,7,1
2012-07-01 05,5,13200,7,1
2012-07-01 06,6,13079,7,1
2012-07-01 07,7,14074,7,1
2012-07-01 08,8,15432,7,1
2012-07-01 09,9,17173,7,1
2012-07-01 10,10,18146,7,1
2012-07-01 11,11,17818,7,1
2012-07-01 12,12,17709,7,1
2012-07-01 13,13,17744,7,1
2012-07-01 14,14,17728,7,1
2012-07-01 15,15,17820,7,1
2012-07-01 16,16,17778,7,1
2012-07-01 17,17,17482,7,1
2012-07-01 18,18,17014,7,1
2012-07-01 19,19,17168,7,1
2012-07-01 20,20,17049,7,1
2012-07-01 21,21,16919,7,1
2012-07-01 22,22,16268,7,1
2012-07-01 23,23,15212,7,1
2012-07-02 00,0,15348,1,0
2012-07-02 01,1,14830,1,0
2012-07-02 02,2,14346,1,0
2012-07-02 03,3,14028,1,0
2012-07-02 04,4,13976,1,0
2012-07-02 05,5,14118,1,0
2012-07-02 06,6,14644,1,0
2012-07-02 07,7,17327,1,0
2012-07-02 08,8,20293,1,0
2012-07-02 09,9,22155,1,0
2012-07-02 10,10,22937,1,0
2012-07-02 11,11,22925,1,0
2012-07-02 12,12,23628,1,0
2012-07-02 13,13,24091,1,0
2012-07-02 14,14,24095,1,0
2012-07-02 15,15,22910,1,0
2012-07-02 16,16,22449,1,0
2012-07-02 17,17,21721,1,0
2012-07-02 18,18,20098,1,0
2012-07-02 19,19,20320,1,0
2012-07-02 20,20,20438,1,0
2012-07-02 21,21,19770,1,0
2012-07-02 22,22,18808,1,0
2012-07-02 23,23,17473,1,0
2012-07-03 00,0,17205,2,0
2012-07-03 01,1,16540,2,0
2012-07-03 02,2,15877,2,0
2012-07-03 03,3,15361,2,0
2012-07-03 04,4,14971,2,0
2012-07-03 05,5,15022,2,0
2012-07-03 06,6,15511,2,0
2012-07-03 07,7,17914,2,0
2012-07-03 08,8,21574,2,0
2012-07-03 09,9,23203,2,0
2012-07-03 10,10,24029,2,0
2012-07-03 11,11,23892,2,0
2012-07-03 12,12,24044,2,0
2012-07-03 13,13,23741,2,0
2012-07-03 14,14,23335,2,0
2012-07-03 15,15,23579,2,0
2012-07-03 16,16,23588,2,0
2012-07-03 17,17,23249,2,0
2012-07-03 18,18,21616,2,0
2012-07-03 19,19,22243,2,0
2012-07-03 20,20,22412,2,0
2012-07-03 21,21,22276,2,0
2012-07-03 22,22,21052,2,0
2012-07-03 23,23,19557,2,0
2012-07-04 00,0,17812,3,0
2012-07-04 01,1,16910,3,0
2012-07-04 02,2,16260,3,0
2012-07-04 03,3,15721,3,0
2012-07-04 04,4,15400,3,0
2012-07-04 05,5,15353,3,0
2012-07-04 06,6,15871,3,0
2012-07-04 07,7,18198,3,0
2012-07-04 08,8,21490,3,0
2012-07-04 09,9,23748,3,0
2012-07-04 10,10,24196,3,0
2012-07-04 11,11,23981,3,0
2012-07-04 12,12,24405,3,0
2012-07-04 13,13,24457,3,0
2012-07-04 14,14,24393,3,0
2012-07-04 15,15,24435,3,0
2012-07-04 16,16,24300,3,0
2012-07-04 17,17,23057,3,0
2012-07-04 18,18,22338,3,0
2012-07-04 19,19,22996,3,0
2012-07-04 20,20,23062,3,0
2012-07-04 21,21,22561,3,0
2012-07-04 22,22,22181,3,0
2012-07-04 23,23,20683,3,0
2012-07-05 00,0,18670,4,0
2012-07-05 01,1,17113,4,0
2012-07-05 02,2,16380,4,0
2012-07-05 03,3,15841,4,0
2012-07-05 04,4,15496,4,0
2012-07-05 05,5,15404,4,0
2012-07-05 06,6,15871,4,0
2012-07-05 07,7,18203,4,0
2012-07-05 08,8,21557,4,0
2012-07-05 09,9,23633,4,0
2012-07-05 10,10,24248,4,0
2012-07-05 11,11,23809,4,0
2012-07-05 12,12,24586,4,0
2012-07-05 13,13,24998,4,0
2012-07-05 14,14,25017,4,0
2012-07-05 15,15,25049,4,0
2012-07-05 16,16,24829,4,0
2012-07-05 17,17,23753,4,0
2012-07-05 18,18,22241,4,0
2012-07-05 19,19,22898,4,0
2012-07-05 20,20,22966,4,0
2012-07-05 21,21,22464,4,0
2012-07-05 22,22,22081,4,0
2012-07-05 23,23,20684,4,0
2012-07-06 00,0,18670,5,0
2012-07-06 01,1,17287,5,0
2012-07-06 02,2,16601,5,0
2012-07-06 03,3,16026,5,0
2012-07-06 04,4,15662,5,0
2012-07-06 05,5,15570,5,0
2012-07-06 06,6,15839,5,0
2012-07-06 07,7,17967,5,0
2012-07-06 08,8,21270,5,0
2012-07-06 09,9,23329,5,0
2012-07-06 10,10,24071,5,0
2012-07-06 11,11,24930,5,0
2012-07-06 12,12,25054,5,0
2012-07-06 13,13,25739,5,0
2012-07-06 14,14,25712,5,0
2012-07-06 15,15,25406,5,0
2012-07-06 16,16,24140,5,0
2012-07-06 17,17,22650,5,0
2012-07-06 18,18,21855,5,0
2012-07-06 19,19,22300,5,0
2012-07-06 20,20,22570,5,0
2012-07-06 21,21,21715,5,0
2012-07-06 22,22,20951,5,0
2012-07-06 23,23,19442,5,0
2012-07-07 00,0,18827,6,1
2012-07-07 01,1,18142,6,1
2012-07-07 02,2,17170,6,1
2012-07-07 03,3,16738,6,1
2012-07-07 04,4,16419,6,1
2012-07-07 05,5,16217,6,1
2012-07-07 06,6,15979,6,1
2012-07-07 07,7,17361,6,1
2012-07-07 08,8,19265,6,1
2012-07-07 09,9,20914,6,1
2012-07-07 10,10,21887,6,1
2012-07-07 11,11,22271,6,1
2012-07-07 12,12,22509,6,1
2012-07-07 13,13,22706,6,1
2012-07-07 14,14,22550,6,1
2012-07-07 15,15,22663,6,1
2012-07-07 16,16,22636,6,1
2012-07-07 17,17,21313,6,1
2012-07-07 18,18,20967,6,1
2012-07-07 19,19,21631,6,1
2012-07-07 20,20,21885,6,1
2012-07-07 21,21,21386,6,1
2012-07-07 22,22,20775,6,1
2012-07-07 23,23,19676,6,1
2012-07-08 00,0,18271,7,1
2012-07-08 01,1,16814,7,1
2012-07-08 02,2,16072,7,1
2012-07-08 03,3,15370,7,1
2012-07-08 04,4,14911,7,1
2012-07-08 05,5,14747,7,1
2012-07-08 06,6,14576,7,1
2012-07-08 07,7,15633,7,1
2012-07-08 08,8,17339,7,1
2012-07-08 09,9,18792,7,1
2012-07-08 10,10,19918,7,1
2012-07-08 11,11,20482,7,1
2012-07-08 12,12,20547,7,1
2012-07-08 13,13,20836,7,1
2012-07-08 14,14,20524,7,1
2012-07-08 15,15,20813,7,1
2012-07-08 16,16,20524,7,1
2012-07-08 17,17,19980,7,1
2012-07-08 18,18,19281,7,1
2012-07-08 19,19,19754,7,1
2012-07-08 20,20,20258,7,1
2012-07-08 21,21,20460,7,1
2012-07-08 22,22,19287,7,1
2012-07-08 23,23,18396,7,1
2012-07-09 00,0,16685,1,0
2012-07-09 01,1,15464,1,0
2012-07-09 02,2,14687,1,0
2012-07-09 03,3,14268,1,0
2012-07-09 04,4,13916,1,0
2012-07-09 05,5,13955,1,0
2012-07-09 06,6,14258,1,0
2012-07-09 07,7,16273,1,0
2012-07-09 08,8,19703,1,0
2012-07-09 09,9,21914,1,0
2012-07-09 10,10,22786,1,0
2012-07-09 11,11,22584,1,0
2012-07-09 12,12,23893,1,0
2012-07-09 13,13,24399,1,0
2012-07-09 14,14,24197,1,0
2012-07-09 15,15,23616,1,0
2012-07-09 16,16,22660,1,0
2012-07-09 17,17,21057,1,0
2012-07-09 18,18,20843,1,0
2012-07-09 19,19,21499,1,0
2012-07-09 20,20,21568,1,0
2012-07-09 21,21,21161,1,0
2012-07-09 22,22,20382,1,0
2012-07-09 23,23,18982,1,0
2012-07-10 00,0,17445,2,0
2012-07-10 01,1,16613,2,0
2012-07-10 02,2,15809,2,0
2012-07-10 03,3,15485,2,0
2012-07-10 04,4,15450,2,0
2012-07-10 05,5,15191,2,0
2012-07-10 06,6,15443,2,0
2012-07-10 07,7,18210,2,0
2012-07-10 08,8,21727,2,0
2012-07-10 09,9,23875,2,0
2012-07-10 10,10,24487,2,0
2012-07-10 11,11,24278,2,0
2012-07-10 12,12,24993,2,0
2012-07-10 13,13,25284,2,0
2012-07-10 14,14,25255,2,0
2012-07-10 15,15,25070,2,0
2012-07-10 16,16,24973,2,0
2012-07-10 17,17,23241,2,0
2012-07-10 18,18,22525,2,0
2012-07-10 19,19,23163,2,0
2012-07-10 20,20,23117,2,0
2012-07-10 21,21,22621,2,0
2012-07-10 22,22,22006,2,0
2012-07-10 23,23,20335,2,0
2012-07-11 00,0,18741,3,0
2012-07-11 01,1,17579,3,0
2012-07-11 02,2,16889,3,0
2012-07-11 03,3,16306,3,0
2012-07-11 04,4,15933,3,0
2012-07-11 05,5,15754,3,0
2012-07-11 06,6,16186,3,0
2012-07-11 07,7,18556,3,0
2012-07-11 08,8,21928,3,0
2012-07-11 09,9,23891,3,0
2012-07-11 10,10,24234,3,0
2012-07-11 11,11,23681,3,0
2012-07-11 12,12,23828,3,0
2012-07-11 13,13,23953,3,0
2012-07-11 14,14,23986,3,0
2012-07-11 15,15,23795,3,0
2012-07-11 16,16,23599,3,0
2012-07-11 17,17,22586,3,0
2012-07-11 18,18,21868,3,0
2012-07-11 19,19,22472,3,0
2012-07-11 20,20,22674,3,0
2012-07-11 21,21,22382,3,0
2012-07-11 22,22,21325,3,0
2012-07-11 23,23,19921,3,0
2012-07-12 00,0,18150,4,0
2012-07-12 01,1,16963,4,0
2012-07-12 02,2,16339,4,0
2012-07-12 03,3,15683,4,0
2012-07-12 04,4,15380,4,0
2012-07-12 05,5,15336,4,0
2012-07-12 06,6,15791,4,0
2012-07-12 07,7,18507,4,0
2012-07-12 08,8,21890,4,0
2012-07-12 09,9,23731,4,0
2012-07-12 10,10,24131,4,0
2012-07-12 11,11,23803,4,0
2012-07-12 12,12,24031,4,0
2012-07-12 13,13,24865,4,0
2012-07-12 14,14,24688,4,0
2012-07-12 15,15,24119,4,0
2012-07-12 16,16,23824,4,0
2012-07-12 17,17,22977,4,0
2012-07-12 18,18,22041,4,0
2012-07-12 19,19,22698,4,0
2012-07-12 20,20,22642,4,0
2012-07-12 21,21,22423,4,0
2012-07-12 22,22,21488,4,0
2012-07-12 23,23,20112,4,0
2012-07-13 00,0,18333,5,0
2012-07-13 01,1,17677,5,0
2012-07-13 02,2,16816,5,0
2012-07-13 03,3,16239,5,0
2012-07-13 04,4,15968,5,0
2012-07-13 05,5,16103,5,0
2012-07-13 06,6,16260,5,0
2012-07-13 07,7,18886,5,0
2012-07-13 08,8,22014,5,0
2012-07-13 09,9,23306,5,0
2012-07-13 10,10,24196,5,0
2012-07-13 11,11,24092,5,0
2012-07-13 12,12,24204,5,0
2012-07-13 13,13,24479,5,0
2012-07-13 14,14,24646,5,0
2012-07-13 15,15,24382,5,0
2012-07-13 16,16,24122,5,0
2012-07-13 17,17,23372,5,0
2012-07-13 18,18,22364,5,0
2012-07-13 19,19,23025,5,0
2012-07-13 20,20,23259,5,0
2012-07-13 21,21,22776,5,0
2012-07-13 22,22,21833,5,0
2012-07-13 23,23,20635,5,0
2012-07-14 00,0,19107,6,1
2012-07-14 01,1,16107,6,1
2012-07-14 02,2,15376,6,1
2012-07-14 03,3,14812,6,1
2012-07-14 04,4,14797,6,1
2012-07-14 05,5,14711,6,1
2012-07-14 06,6,14702,6,1
2012-07-14 07,7,16012,6,1
2012-07-14 08,8,18314,6,1
2012-07-14 09,9,19392,6,1
2012-07-14 10,10,20199,6,1
2012-07-14 11,11,20137,6,1
2012-07-14 12,12,20028,6,1
2012-07-14 13,13,20205,6,1
2012-07-14 14,14,20281,6,1
2012-07-14 15,15,19999,6,1
2012-07-14 16,16,19622,6,1
2012-07-14 17,17,19029,6,1
2012-07-14 18,18,18788,6,1
2012-07-14 19,19,19224,6,1
2012-07-14 20,20,19151,6,1
2012-07-14 21,21,19004,6,1
2012-07-14 22,22,18325,6,1
2012-07-14 23,23,17763,6,1
2012-07-15 00,0,16319,7,1
2012-07-15 01,1,15185,7,1
2012-07-15 02,2,14612,7,1
2012-07-15 03,3,14174,7,1
2012-07-15 04,4,13819,7,1
2012-07-15 05,5,13576,7,1
2012-07-15 06,6,13756,7,1
2012-07-15 07,7,15049,7,1
2012-07-15 08,8,16613,7,1
2012-07-15 09,9,17781,7,1
2012-07-15 10,10,18569,7,1
2012-07-15 11,11,18584,7,1
2012-07-15 12,12,18623,7,1
2012-07-15 13,13,18557,7,1
2012-07-15 14,14,18312,7,1
2012-07-15 15,15,18340,7,1
2012-07-15 16,16,18257,7,1
2012-07-15 17,17,18115,7,1
2012-07-15 18,18,18079,7,1
2012-07-15 19,19,19015,7,1
2012-07-15 20,20,19066,7,1
2012-07-15 21,21,18972,7,1
2012-07-15 22,22,17925,7,1
2012-07-15 23,23,17012,7,1
2012-07-16 00,0,15888,1,0
2012-07-16 01,1,13431,1,0
2012-07-16 02,2,12966,1,0
2012-07-16 03,3,12476,1,0
2012-07-16 04,4,12410,1,0
2012-07-16 05,5,12580,1,0
2012-07-16 06,6,13073,1,0
2012-07-16 07,7,15819,1,0
2012-07-16 08,8,18855,1,0
2012-07-16 09,9,20215,1,0
2012-07-16 10,10,20524,1,0
2012-07-16 11,11,20347,1,0
2012-07-16 12,12,20469,1,0
2012-07-16 13,13,20614,1,0
2012-07-16 14,14,20577,1,0
2012-07-16 15,15,20657,1,0
2012-07-16 16,16,20542,1,0
2012-07-16 17,17,19689,1,0
2012-07-16 18,18,18868,1,0
2012-07-16 19,19,19470,1,0
2012-07-16 20,20,19674,1,0
2012-07-16 21,21,19382,1,0
2012-07-16 22,22,18325,1,0
2012-07-16 23,23,17020,1,0
2012-07-17 00,0,15340,2,0
2012-07-17 01,1,14829,2,0
2012-07-17 02,2,14120,2,0
2012-07-17 03,3,13654,2,0
2012-07-17 04,4,13472,2,0
2012-07-17 05,5,13376,2,0
2012-07-17 06,6,13938,2,0
2012-07-17 07,7,16342,2,0
2012-07-17 08,8,19294,2,0
2012-07-17 09,9,20851,2,0
2012-07-17 10,10,21228,2,0
2012-07-17 11,11,20971,2,0
2012-07-17 12,12,20313,2,0
2012-07-17 13,13,19799,2,0
2012-07-17 14,14,19739,2,0
2012-07-17 15,15,20120,2,0
2012-07-17 16,16,20063,2,0
2012-07-17 17,17,19773,2,0
2012-07-17 18,18,19201,2,0
2012-07-17 19,19,19741,2,0
2012-07-17 20,20,19614,2,0
2012-07-17 21,21,19217,2,0
2012-07-17 22,22,18424,2,0
2012-07-17 23,23,17692,2,0
2012-07-18 00,0,16341,3,0
2012-07-18 01,1,14125,3,0
2012-07-18 02,2,13706,3,0
2012-07-18 03,3,13249,3,0
2012-07-18 04,4,13512,3,0
2012-07-18 05,5,13667,3,0
2012-07-18 06,6,14034,3,0
2012-07-18 07,7,16329,3,0
2012-07-18 08,8,18806,3,0
2012-07-18 09,9,20384,3,0
2012-07-18 10,10,20599,3,0
2012-07-18 11,11,20352,3,0
2012-07-18 12,12,19897,3,0
2012-07-18 13,13,20018,3,0
2012-07-18 14,14,20106,3,0
2012-07-18 15,15,20124,3,0
2012-07-18 16,16,20150,3,0
2012-07-18 17,17,19574,3,0
2012-07-18 18,18,18731,3,0
2012-07-18 19,19,19065,3,0
2012-07-18 20,20,18916,3,0
2012-07-18 21,21,18122,3,0
2012-07-18 22,22,17265,3,0
2012-07-18 23,23,16173,3,0
2012-07-19 00,0,15078,4,0
2012-07-19 01,1,14238,4,0
2012-07-19 02,2,13815,4,0
2012-07-19 03,3,13353,4,0
2012-07-19 04,4,13613,4,0
2012-07-19 05,5,13775,4,0
2012-07-19 06,6,14045,4,0
2012-07-19 07,7,16699,4,0
2012-07-19 08,8,19405,4,0
2012-07-19 09,9,21091,4,0
2012-07-19 10,10,21642,4,0
2012-07-19 11,11,21575,4,0
2012-07-19 12,12,21797,4,0
2012-07-19 13,13,22253,4,0
2012-07-19 14,14,22319,4,0
2012-07-19 15,15,21848,4,0
2012-07-19 16,16,21735,4,0
2012-07-19 17,17,20576,4,0
2012-07-19 18,18,19804,4,0
2012-07-19 19,19,20343,4,0
2012-07-19 20,20,20219,4,0
2012-07-19 21,21,19519,4,0
2012-07-19 22,22,18658,4,0
2012-07-19 23,23,17656,4,0
2012-07-20 00,0,16379,5,0
2012-07-20 01,1,15494,5,0
2012-07-20 02,2,15008,5,0
2012-07-20 03,3,14604,5,0
2012-07-20 04,4,14435,5,0
2012-07-20 05,5,14749,5,0
2012-07-20 06,6,15389,5,0
2012-07-20 07,7,17940,5,0
2012-07-20 08,8,20666,5,0
2012-07-20 09,9,22066,5,0
2012-07-20 10,10,22576,5,0
2012-07-20 11,11,22451,5,0
2012-07-20 12,12,23377,5,0
2012-07-20 13,13,23904,5,0
2012-07-20 14,14,23849,5,0
2012-07-20 15,15,23415,5,0
2012-07-20 16,16,22260,5,0
2012-07-20 17,17,21481,5,0
2012-07-20 18,18,20460,5,0
2012-07-20 19,19,21152,5,0
2012-07-20 20,20,21109,5,0
2012-07-20 21,21,20633,5,0
2012-07-20 22,22,19802,5,0
2012-07-20 23,23,18719,5,0
2012-07-21 00,0,17284,6,1
2012-07-21 01,1,16668,6,1
2012-07-21 02,2,15808,6,1
2012-07-21 03,3,15316,6,1
2012-07-21 04,4,14984,6,1
2012-07-21 05,5,15150,6,1
2012-07-21 06,6,15263,6,1
2012-07-21 07,7,17000,6,1
2012-07-21 08,8,19298,6,1
2012-07-21 09,9,20807,6,1
2012-07-21 10,10,21373,6,1
2012-07-21 11,11,21507,6,1
2012-07-21 12,12,22019,6,1
2012-07-21 13,13,22409,6,1
2012-07-21 14,14,22143,6,1
2012-07-21 15,15,21983,6,1
2012-07-21 16,16,21856,6,1
2012-07-21 17,17,20789,6,1
2012-07-21 18,18,20013,6,1
2012-07-21 19,19,20548,6,1
2012-07-21 20,20,20995,6,1
2012-07-21 21,21,20527,6,1
2012-07-21 22,22,19791,6,1
2012-07-21 23,23,18802,6,1
2012-07-22 00,0,17350,7,1
2012-07-22 01,1,16438,7,1
2012-07-22 02,2,15583,7,1
2012-07-22 03,3,15053,7,1
2012-07-22 04,4,14637,7,1
2012-07-22 05,5,14716,7,1
2012-07-22 06,6,14972,7,1
2012-07-22 07,7,16382,7,1
2012-07-22 08,8,18254,7,1
2012-07-22 09,9,19284,7,1
2012-07-22 10,10,20440,7,1
2012-07-22 11,11,20916,7,1
2012-07-22 12,12,21083,7,1
2012-07-22 13,13,21233,7,1
2012-07-22 14,14,21156,7,1
2012-07-22 15,15,21163,7,1
2012-07-22 16,16,21133,7,1
2012-07-22 17,17,20694,7,1
2012-07-22 18,18,20307,7,1
2012-07-22 19,19,21058,7,1
2012-07-22 20,20,21507,7,1
2012-07-22 21,21,21262,7,1
2012-07-22 22,22,20487,7,1
2012-07-22 23,23,19181,7,1
2012-07-23 00,0,17829,1,0
2012-07-23 01,1,16218,1,0
2012-07-23 02,2,15521,1,0
2012-07-23 03,3,14766,1,0
2012-07-23 04,4,14412,1,0
2012-07-23 05,5,14349,1,0
2012-07-23 06,6,15375,1,0
2012-07-23 07,7,18151,1,0
2012-07-23 08,8,21605,1,0
2012-07-23 09,9,23389,1,0
2012-07-23 10,10,24079,1,0
2012-07-23 11,11,24078,1,0
2012-07-23 12,12,24298,1,0
2012-07-23 13,13,24481,1,0
2012-07-23 14,14,24428,1,0
2012-07-23 15,15,24210,1,0
2012-07-23 16,16,24051,1,0
2012-07-23 17,17,23261,1,0
2012-07-23 18,18,22061,1,0
2012-07-23 19,19,22771,1,0
2012-07-23 20,20,22996,1,0
2012-07-23 21,21,22576,1,0
2012-07-23 22,22,21680,1,0
2012-07-23 23,23,19871,1,0
2012-07-24 00,0,18379,2,0
2012-07-24 01,1,16971,2,0
2012-07-24 02,2,16205,2,0
2012-07-24 03,3,15656,2,0
2012-07-24 04,4,15341,2,0
2012-07-24 05,5,15241,2,0
2012-07-24 06,6,15885,2,0
2012-07-24 07,7,18413,2,0
2012-07-24 08,8,21669,2,0
2012-07-24 09,9,23494,2,0
2012-07-24 10,10,24179,2,0
2012-07-24 11,11,23990,2,0
2012-07-24 12,12,24008,2,0
2012-07-24 13,13,24415,2,0
2012-07-24 14,14,24390,2,0
2012-07-24 15,15,24141,2,0
2012-07-24 16,16,23939,2,0
2012-07-24 17,17,22625,2,0
2012-07-24 18,18,21471,2,0
2012-07-24 19,19,22030,2,0
2012-07-24 20,20,22213,2,0
2012-07-24 21,21,21416,2,0
2012-07-24 22,22,20385,2,0
2012-07-24 23,23,19199,2,0
2012-07-25 00,0,17704,3,0
2012-07-25 01,1,17016,3,0
2012-07-25 02,2,16307,3,0
2012-07-25 03,3,15768,3,0
2012-07-25 04,4,15419,3,0
2012-07-25 05,5,15473,3,0
2012-07-25 06,6,16260,3,0
2012-07-25 07,7,18842,3,0
2012-07-25 08,8,21841,3,0
2012-07-25 09,9,23765,3,0
2012-07-25 10,10,24130,3,0
2012-07-25 11,11,23919,3,0
2012-07-25 12,12,23543,3,0
2012-07-25 13,13,24203,3,0
2012-07-25 14,14,24091,3,0
2012-07-25 15,15,24061,3,0
2012-07-25 16,16,23982,3,0
2012-07-25 17,17,22890,3,0
2012-07-25 18,18,21870,3,0
2012-07-25 19,19,22287,3,0
2012-07-25 20,20,22345,3,0
2012-07-25 21,21,21714,3,0
2012-07-25 22,22,20716,3,0
2012-07-25 23,23,19523,3,0
2012-07-26 00,0,17916,4,0
2012-07-26 01,1,16710,4,0
2012-07-26 02,2,15946,4,0
2012-07-26 03,3,15430,4,0
2012-07-26 04,4,15129,4,0
2012-07-26 05,5,15225,4,0
2012-07-26 06,6,15866,4,0
2012-07-26 07,7,18318,4,0
2012-07-26 08,8,21453,4,0
2012-07-26 09,9,23230,4,0
2012-07-26 10,10,23720,4,0
2012-07-26 11,11,23474,4,0
2012-07-26 12,12,23557,4,0
2012-07-26 13,13,24014,4,0
2012-07-26 14,14,24022,4,0
2012-07-26 15,15,23920,4,0
2012-07-26 16,16,23714,4,0
2012-07-26 17,17,22537,4,0
2012-07-26 18,18,21357,4,0
2012-07-26 19,19,21709,4,0
2012-07-26 20,20,21831,4,0
2012-07-26 21,21,21393,4,0
2012-07-26 22,22,20559,4,0
2012-07-26 23,23,18938,4,0
2012-07-27 00,0,17761,5,0
2012-07-27 01,1,16821,5,0
2012-07-27 02,2,16078,5,0
2012-07-27 03,3,15578,5,0
2012-07-27 04,4,15293,5,0
2012-07-27 05,5,15277,5,0
2012-07-27 06,6,15941,5,0
2012-07-27 07,7,18295,5,0
2012-07-27 08,8,21511,5,0
2012-07-27 09,9,23120,5,0
2012-07-27 10,10,23514,5,0
2012-07-27 11,11,23366,5,0
2012-07-27 12,12,24085,5,0
2012-07-27 13,13,24740,5,0
2012-07-27 14,14,24616,5,0
2012-07-27 15,15,24206,5,0
2012-07-27 16,16,23328,5,0
2012-07-27 17,17,22334,5,0
2012-07-27 18,18,21302,5,0
2012-07-27 19,19,21568,5,0
2012-07-27 20,20,21808,5,0
2012-07-27 21,21,21291,5,0
2012-07-27 22,22,20312,5,0
2012-07-27 23,23,19015,5,0
2012-07-28 00,0,17598,6,1
2012-07-28 01,1,16831,6,1
2012-07-28 02,2,16059,6,1
2012-07-28 03,3,15584,6,1
2012-07-28 04,4,15185,6,1
2012-07-28 05,5,15361,6,1
2012-07-28 06,6,15328,6,1
2012-07-28 07,7,16821,6,1
2012-07-28 08,8,18994,6,1
2012-07-28 09,9,21022,6,1
2012-07-28 10,10,21934,6,1
2012-07-28 11,11,21973,6,1
2012-07-28 12,12,22445,6,1
2012-07-28 13,13,22645,6,1
2012-07-28 14,14,22682,6,1
2012-07-28 15,15,22402,6,1
2012-07-28 16,16,22267,6,1
2012-07-28 17,17,21460,6,1
2012-07-28 18,18,20498,6,1
2012-07-28 19,19,20944,6,1
2012-07-28 20,20,21147,6,1
2012-07-28 21,21,21026,6,1
2012-07-28 22,22,20000,6,1
2012-07-28 23,23,18861,6,1
2012-07-29 00,0,17550,7,1
2012-07-29 01,1,16860,7,1
2012-07-29 02,2,16145,7,1
2012-07-29 03,3,15608,7,1
2012-07-29 04,4,15250,7,1
2012-07-29 05,5,15035,7,1
2012-07-29 06,6,14990,7,1
2012-07-29 07,7,16143,7,1
2012-07-29 08,8,17964,7,1
2012-07-29 09,9,19501,7,1
2012-07-29 10,10,20429,7,1
2012-07-29 11,11,20964,7,1
2012-07-29 12,12,20992,7,1
2012-07-29 13,13,21202,7,1
2012-07-29 14,14,21291,7,1
2012-07-29 15,15,21192,7,1
2012-07-29 16,16,21051,7,1
2012-07-29 17,17,20493,7,1
2012-07-29 18,18,19839,7,1
2012-07-29 19,19,20388,7,1
2012-07-29 20,20,20782,7,1
2012-07-29 21,21,20670,7,1
2012-07-29 22,22,19644,7,1
2012-07-29 23,23,18566,7,1
2012-07-30 00,0,17386,1,0
2012-07-30 01,1,15895,1,0
2012-07-30 02,2,15347,1,0
2012-07-30 03,3,14825,1,0
2012-07-30 04,4,14577,1,0
2012-07-30 05,5,14500,1,0
2012-07-30 06,6,15564,1,0
2012-07-30 07,7,18022,1,0
2012-07-30 08,8,21601,1,0
2012-07-30 09,9,23665,1,0
2012-07-30 10,10,24329,1,0
2012-07-30 11,11,24267,1,0
2012-07-30 12,12,24365,1,0
2012-07-30 13,13,24760,1,0
2012-07-30 14,14,24616,1,0
2012-07-30 15,15,24452,1,0
2012-07-30 16,16,24082,1,0
2012-07-30 17,17,23007,1,0
2012-07-30 18,18,21677,1,0
2012-07-30 19,19,22090,1,0
2012-07-30 20,20,22130,1,0
2012-07-30 21,21,21923,1,0
2012-07-30 22,22,21176,1,0
2012-07-30 23,23,19885,1,0
2012-07-31 00,0,17905,2,0
2012-07-31 01,1,17185,2,0
2012-07-31 02,2,16424,2,0
2012-07-31 03,3,15839,2,0
2012-07-31 04,4,15441,2,0
2012-07-31 05,5,15474,2,0
2012-07-31 06,6,16074,2,0
2012-07-31 07,7,18645,2,0
2012-07-31 08,8,21933,2,0
2012-07-31 09,9,23697,2,0
2012-07-31 10,10,24122,2,0
2012-07-31 11,11,24035,2,0
2012-07-31 12,12,24316,2,0
2012-07-31 13,13,24471,2,0
2012-07-31 14,14,24436,2,0
2012-07-31 15,15,24395,2,0
2012-07-31 16,16,23967,2,0
2012-07-31 17,17,22844,2,0
2012-07-31 18,18,21563,2,0
2012-07-31 19,19,22071,2,0
2012-07-31 20,20,22044,2,0
2012-07-31 21,21,21876,2,0
2012-07-31 22,22,20979,2,0
2012-07-31 23,23,19707,2,0
2012-08-01 00,0,17981,3,0
2012-08-01 01,1,16925,3,0
2012-08-01 02,2,15984,3,0
2012-08-01 03,3,15487,3,0
2012-08-01 04,4,15205,3,0
2012-08-01 05,5,15186,3,0
2012-08-01 06,6,15874,3,0
2012-08-01 07,7,18222,3,0
2012-08-01 08,8,21320,3,0
2012-08-01 09,9,23134,3,0
2012-08-01 10,10,23553,3,0
2012-08-01 11,11,23464,3,0
2012-08-01 12,12,23614,3,0
2012-08-01 13,13,23738,3,0
2012-08-01 14,14,23616,3,0
2012-08-01 15,15,23709,3,0
2012-08-01 16,16,23475,3,0
2012-08-01 17,17,22431,3,0
2012-08-01 18,18,21378,3,0
2012-08-01 19,19,21623,3,0
2012-08-01 20,20,21715,3,0
2012-08-01 21,21,21277,3,0
2012-08-01 22,22,20476,3,0
2012-08-01 23,23,19017,3,0
2012-08-02 00,0,17594,4,0
2012-08-02 01,1,16406,4,0
2012-08-02 02,2,15807,4,0
2012-08-02 03,3,15422,4,0
2012-08-02 04,4,15005,4,0
2012-08-02 05,5,14840,4,0
2012-08-02 06,6,15465,4,0
2012-08-02 07,7,17626,4,0
2012-08-02 08,8,20272,4,0
2012-08-02 09,9,21791,4,0
2012-08-02 10,10,22449,4,0
2012-08-02 11,11,22298,4,0
2012-08-02 12,12,22389,4,0
2012-08-02 13,13,22589,4,0
2012-08-02 14,14,22399,4,0
2012-08-02 15,15,22132,4,0
2012-08-02 16,16,21821,4,0
2012-08-02 17,17,21337,4,0
2012-08-02 18,18,20171,4,0
2012-08-02 19,19,20879,4,0
2012-08-02 20,20,21017,4,0
2012-08-02 21,21,20702,4,0
2012-08-02 22,22,19856,4,0
2012-08-02 23,23,18143,4,0
2012-08-03 00,0,16761,5,0
2012-08-03 01,1,15819,5,0
2012-08-03 02,2,15057,5,0
2012-08-03 03,3,14622,5,0
2012-08-03 04,4,14321,5,0
2012-08-03 05,5,14235,5,0
2012-08-03 06,6,14789,5,0
2012-08-03 07,7,16919,5,0
2012-08-03 08,8,19139,5,0
2012-08-03 09,9,20857,5,0
2012-08-03 10,10,21238,5,0
2012-08-03 11,11,21038,5,0
2012-08-03 12,12,21821,5,0
2012-08-03 13,13,22226,5,0
2012-08-03 14,14,22301,5,0
2012-08-03 15,15,21271,5,0
2012-08-03 16,16,20771,5,0
2012-08-03 17,17,20013,5,0
2012-08-03 18,18,19078,5,0
2012-08-03 19,19,19590,5,0
2012-08-03 20,20,19706,5,0
2012-08-03 21,21,19370,5,0
2012-08-03 22,22,18609,5,0
2012-08-03 23,23,17090,5,0
2012-08-04 00,0,16911,6,1
2012-08-04 01,1,16097,6,1
2012-08-04 02,2,15356,6,1
2012-08-04 03,3,14896,6,1
2012-08-04 04,4,14821,6,1
2012-08-04 05,5,15056,6,1
2012-08-04 06,6,14703,6,1
2012-08-04 07,7,16266,6,1
2012-08-04 08,8,18351,6,1
2012-08-04 09,9,20123,6,1
2012-08-04 10,10,21118,6,1
2012-08-04 11,11,21698,6,1
2012-08-04 12,12,21537,6,1
2012-08-04 13,13,21827,6,1
2012-08-04 14,14,21872,6,1
2012-08-04 15,15,21617,6,1
2012-08-04 16,16,21464,6,1
2012-08-04 17,17,20943,6,1
2012-08-04 18,18,19717,6,1
2012-08-04 19,19,20201,6,1
2012-08-04 20,20,20365,6,1
2012-08-04 21,21,20088,6,1
2012-08-04 22,22,19477,6,1
2012-08-04 23,23,18338,6,1
2012-08-05 00,0,17111,7,1
2012-08-05 01,1,15883,7,1
2012-08-05 02,2,15027,7,1
2012-08-05 03,3,14430,7,1
2012-08-05 04,4,14239,7,1
2012-08-05 05,5,14223,7,1
2012-08-05 06,6,14095,7,1
2012-08-05 07,7,15476,7,1
2012-08-05 08,8,17233,7,1
2012-08-05 09,9,18690,7,1
2012-08-05 10,10,19238,7,1
2012-08-05 11,11,19385,7,1
2012-08-05 12,12,19801,7,1
2012-08-05 13,13,19952,7,1
2012-08-05 14,14,19845,7,1
2012-08-05 15,15,19750,7,1
2012-08-05 16,16,19639,7,1
2012-08-05 17,17,19035,7,1
2012-08-05 18,18,18636,7,1
2012-08-05 19,19,19313,7,1
2012-08-05 20,20,19528,7,1
2012-08-05 21,21,19317,7,1
2012-08-05 22,22,18756,7,1
2012-08-05 23,23,17533,7,1
2012-08-06 00,0,16366,1,0
2012-08-06 01,1,15455,1,0
2012-08-06 02,2,14813,1,0
2012-08-06 03,3,14333,1,0
2012-08-06 04,4,13894,1,0
2012-08-06 05,5,14118,1,0
2012-08-06 06,6,14921,1,0
2012-08-06 07,7,17444,1,0
2012-08-06 08,8,20666,1,0
2012-08-06 09,9,22622,1,0
2012-08-06 10,10,23027,1,0
2012-08-06 11,11,23044,1,0
2012-08-06 12,12,23114,1,0
2012-08-06 13,13,23618,1,0
2012-08-06 14,14,23426,1,0
2012-08-06 15,15,23171,1,0
2012-08-06 16,16,23050,1,0
2012-08-06 17,17,22171,1,0
2012-08-06 18,18,21005,1,0
2012-08-06 19,19,21370,1,0
2012-08-06 20,20,21443,1,0
2012-08-06 21,21,21196,1,0
2012-08-06 22,22,20151,1,0
2012-08-06 23,23,18825,1,0
2012-08-07 00,0,17216,2,0
2012-08-07 01,1,15992,2,0
2012-08-07 02,2,15418,2,0
2012-08-07 03,3,15065,2,0
2012-08-07 04,4,14833,2,0
2012-08-07 05,5,14918,2,0
2012-08-07 06,6,15297,2,0
2012-08-07 07,7,17365,2,0
2012-08-07 08,8,20081,2,0
2012-08-07 09,9,21780,2,0
2012-08-07 10,10,22376,2,0
2012-08-07 11,11,22212,2,0
2012-08-07 12,12,22352,2,0
2012-08-07 13,13,22618,2,0
2012-08-07 14,14,22499,2,0
2012-08-07 15,15,21920,2,0
2012-08-07 16,16,21700,2,0
2012-08-07 17,17,20930,2,0
2012-08-07 18,18,20153,2,0
2012-08-07 19,19,20680,2,0
2012-08-07 20,20,20628,2,0
2012-08-07 21,21,19587,2,0
2012-08-07 22,22,18588,2,0
2012-08-07 23,23,17619,2,0
2012-08-08 00,0,16388,3,0
2012-08-08 01,1,14750,3,0
2012-08-08 02,2,14096,3,0
2012-08-08 03,3,13501,3,0
2012-08-08 04,4,13227,3,0
2012-08-08 05,5,13498,3,0
2012-08-08 06,6,14149,3,0
2012-08-08 07,7,16289,3,0
2012-08-08 08,8,18947,3,0
2012-08-08 09,9,20499,3,0
2012-08-08 10,10,20524,3,0
2012-08-08 11,11,19880,3,0
2012-08-08 12,12,19950,3,0
2012-08-08 13,13,20282,3,0
2012-08-08 14,14,20225,3,0
2012-08-08 15,15,19945,3,0
2012-08-08 16,16,19928,3,0
2012-08-08 17,17,19470,3,0
2012-08-08 18,18,18580,3,0
2012-08-08 19,19,18832,3,0
2012-08-08 20,20,18792,3,0
2012-08-08 21,21,18237,3,0
2012-08-08 22,22,17346,3,0
2012-08-08 23,23,16206,3,0
2012-08-09 00,0,15172,4,0
2012-08-09 01,1,14067,4,0
2012-08-09 02,2,13538,4,0
2012-08-09 03,3,13115,4,0
2012-08-09 04,4,13021,4,0
2012-08-09 05,5,12998,4,0
2012-08-09 06,6,13539,4,0
2012-08-09 07,7,15082,4,0
2012-08-09 08,8,17955,4,0
2012-08-09 09,9,19979,4,0
2012-08-09 10,10,20140,4,0
2012-08-09 11,11,19300,4,0
2012-08-09 12,12,18529,4,0
2012-08-09 13,13,18508,4,0
2012-08-09 14,14,18768,4,0
2012-08-09 15,15,18478,4,0
2012-08-09 16,16,18447,4,0
2012-08-09 17,17,18064,4,0
2012-08-09 18,18,17727,4,0
2012-08-09 19,19,17941,4,0
2012-08-09 20,20,17583,4,0
2012-08-09 21,21,16820,4,0
2012-08-09 22,22,16156,4,0
2012-08-09 23,23,15416,4,0
2012-08-10 00,0,15578,5,0
2012-08-10 01,1,14945,5,0
2012-08-10 02,2,14532,5,0
2012-08-10 03,3,14196,5,0
2012-08-10 04,4,14116,5,0
2012-08-10 05,5,14224,5,0
2012-08-10 06,6,14788,5,0
2012-08-10 07,7,16503,5,0
2012-08-10 08,8,19257,5,0
2012-08-10 09,9,20931,5,0
2012-08-10 10,10,21554,5,0
2012-08-10 11,11,21151,5,0
2012-08-10 12,12,22735,5,0
2012-08-10 13,13,23248,5,0
2012-08-10 14,14,22722,5,0
2012-08-10 15,15,22219,5,0
2012-08-10 16,16,21564,5,0
2012-08-10 17,17,20598,5,0
2012-08-10 18,18,19799,5,0
2012-08-10 19,19,20205,5,0
2012-08-10 20,20,20104,5,0
2012-08-10 21,21,19779,5,0
2012-08-10 22,22,18942,5,0
2012-08-10 23,23,17765,5,0
2012-08-11 00,0,16873,6,1
2012-08-11 01,1,16003,6,1
2012-08-11 02,2,15705,6,1
2012-08-11 03,3,15282,6,1
2012-08-11 04,4,14797,6,1
2012-08-11 05,5,14769,6,1
2012-08-11 06,6,14823,6,1
2012-08-11 07,7,16388,6,1
2012-08-11 08,8,18859,6,1
2012-08-11 09,9,20250,6,1
2012-08-11 10,10,20854,6,1
2012-08-11 11,11,20971,6,1
2012-08-11 12,12,21232,6,1
2012-08-11 13,13,21381,6,1
2012-08-11 14,14,21263,6,1
2012-08-11 15,15,21170,6,1
2012-08-11 16,16,20988,6,1
2012-08-11 17,17,20557,6,1
2012-08-11 18,18,19717,6,1
2012-08-11 19,19,20116,6,1
2012-08-11 20,20,20411,6,1
2012-08-11 21,21,19884,6,1
2012-08-11 22,22,19277,6,1
2012-08-11 23,23,18258,6,1
2012-08-12 00,0,17017,7,1
2012-08-12 01,1,16123,7,1
2012-08-12 02,2,15212,7,1
2012-08-12 03,3,14879,7,1
2012-08-12 04,4,14595,7,1
2012-08-12 05,5,14577,7,1
2012-08-12 06,6,14483,7,1
2012-08-12 07,7,15838,7,1
2012-08-12 08,8,17458,7,1
2012-08-12 09,9,19004,7,1
2012-08-12 10,10,19973,7,1
2012-08-12 11,11,20247,7,1
2012-08-12 12,12,20625,7,1
2012-08-12 13,13,20880,7,1
2012-08-12 14,14,20831,7,1
2012-08-12 15,15,20611,7,1
2012-08-12 16,16,20592,7,1
2012-08-12 17,17,19817,7,1
2012-08-12 18,18,19184,7,1
2012-08-12 19,19,19692,7,1
2012-08-12 20,20,19943,7,1
2012-08-12 21,21,19608,7,1
2012-08-12 22,22,18810,7,1
2012-08-12 23,23,17852,7,1
2012-08-13 00,0,16452,1,0
2012-08-13 01,1,15652,1,0
2012-08-13 02,2,15032,1,0
2012-08-13 03,3,14574,1,0
2012-08-13 04,4,14389,1,0
2012-08-13 05,5,14687,1,0
2012-08-13 06,6,15359,1,0
2012-08-13 07,7,17921,1,0
2012-08-13 08,8,21257,1,0
2012-08-13 09,9,22899,1,0
2012-08-13 10,10,23495,1,0
2012-08-13 11,11,23444,1,0
2012-08-13 12,12,24687,1,0
2012-08-13 13,13,24834,1,0
2012-08-13 14,14,24054,1,0
2012-08-13 15,15,23555,1,0
2012-08-13 16,16,23387,1,0
2012-08-13 17,17,22399,1,0
2012-08-13 18,18,21156,1,0
2012-08-13 19,19,21540,1,0
2012-08-13 20,20,21493,1,0
2012-08-13 21,21,21234,1,0
2012-08-13 22,22,20447,1,0
2012-08-13 23,23,19204,1,0
2012-08-14 00,0,18059,2,0
2012-08-14 01,1,17346,2,0
2012-08-14 02,2,16562,2,0
2012-08-14 03,3,15867,2,0
2012-08-14 04,4,15690,2,0
2012-08-14 05,5,15704,2,0
2012-08-14 06,6,16347,2,0
2012-08-14 07,7,18911,2,0
2012-08-14 08,8,21986,2,0
2012-08-14 09,9,23642,2,0
2012-08-14 10,10,24355,2,0
2012-08-14 11,11,24237,2,0
2012-08-14 12,12,25077,2,0
2012-08-14 13,13,25701,2,0
2012-08-14 14,14,25456,2,0
2012-08-14 15,15,25377,2,0
2012-08-14 16,16,24554,2,0
2012-08-14 17,17,22558,2,0
2012-08-14 18,18,22037,2,0
2012-08-14 19,19,22470,2,0
2012-08-14 20,20,22505,2,0
2012-08-14 21,21,22334,2,0
2012-08-14 22,22,21664,2,0
2012-08-14 23,23,20500,2,0
2012-08-15 00,0,18804,3,0
2012-08-15 01,1,17887,3,0
2012-08-15 02,2,16933,3,0
2012-08-15 03,3,16315,3,0
2012-08-15 04,4,16133,3,0
2012-08-15 05,5,16145,3,0
2012-08-15 06,6,16568,3,0
2012-08-15 07,7,18991,3,0
2012-08-15 08,8,22235,3,0
2012-08-15 09,9,24230,3,0
2012-08-15 10,10,24951,3,0
2012-08-15 11,11,24837,3,0
2012-08-15 12,12,25692,3,0
2012-08-15 13,13,25756,3,0
2012-08-15 14,14,25661,3,0
2012-08-15 15,15,25320,3,0
2012-08-15 16,16,24981,3,0
2012-08-15 17,17,24005,3,0
2012-08-15 18,18,22699,3,0
2012-08-15 19,19,23370,3,0
2012-08-15 20,20,23444,3,0
2012-08-15 21,21,22875,3,0
2012-08-15 22,22,21883,3,0
2012-08-15 23,23,20593,3,0
2012-08-16 00,0,18966,4,0
2012-08-16 01,1,17526,4,0
2012-08-16 02,2,16728,4,0
2012-08-16 03,3,16118,4,0
2012-08-16 04,4,15973,4,0
2012-08-16 05,5,16056,4,0
2012-08-16 06,6,16368,4,0
2012-08-16 07,7,18692,4,0
2012-08-16 08,8,21847,4,0
2012-08-16 09,9,23728,4,0
2012-08-16 10,10,24476,4,0
2012-08-16 11,11,24420,4,0
2012-08-16 12,12,24634,4,0
2012-08-16 13,13,25074,4,0
2012-08-16 14,14,25027,4,0
2012-08-16 15,15,24805,4,0
2012-08-16 16,16,24617,4,0
2012-08-16 17,17,23567,4,0
2012-08-16 18,18,22592,4,0
2012-08-16 19,19,23075,4,0
2012-08-16 20,20,23164,4,0
2012-08-16 21,21,22351,4,0
2012-08-16 22,22,21433,4,0
2012-08-16 23,23,20004,4,0
2012-08-17 00,0,18667,5,0
2012-08-17 01,1,17765,5,0
2012-08-17 02,2,16990,5,0
2012-08-17 03,3,16384,5,0
2012-08-17 04,4,15967,5,0
2012-08-17 05,5,15778,5,0
2012-08-17 06,6,16247,5,0
2012-08-17 07,7,18643,5,0
2012-08-17 08,8,21675,5,0
2012-08-17 09,9,23578,5,0
2012-08-17 10,10,24111,5,0
2012-08-17 11,11,23973,5,0
2012-08-17 12,12,24798,5,0
2012-08-17 13,13,25278,5,0
2012-08-17 14,14,25036,5,0
2012-08-17 15,15,24451,5,0
2012-08-17 16,16,23959,5,0
2012-08-17 17,17,23281,5,0
2012-08-17 18,18,22099,5,0
2012-08-17 19,19,22395,5,0
2012-08-17 20,20,22515,5,0
2012-08-17 21,21,22205,5,0
2012-08-17 22,22,21131,5,0
2012-08-17 23,23,19994,5,0
2012-08-18 00,0,18529,6,1
2012-08-18 01,1,17695,6,1
2012-08-18 02,2,17179,6,1
2012-08-18 03,3,16610,6,1
2012-08-18 04,4,16213,6,1
2012-08-18 05,5,15853,6,1
2012-08-18 06,6,16077,6,1
2012-08-18 07,7,17572,6,1
2012-08-18 08,8,19928,6,1
2012-08-18 09,9,21543,6,1
2012-08-18 10,10,22522,6,1
2012-08-18 11,11,22542,6,1
2012-08-18 12,12,22963,6,1
2012-08-18 13,13,23212,6,1
2012-08-18 14,14,23145,6,1
2012-08-18 15,15,22840,6,1
2012-08-18 16,16,22694,6,1
2012-08-18 17,17,21863,6,1
2012-08-18 18,18,20840,6,1
2012-08-18 19,19,21448,6,1
2012-08-18 20,20,21600,6,1
2012-08-18 21,21,21410,6,1
2012-08-18 22,22,20698,6,1
2012-08-18 23,23,19765,6,1
2012-08-19 00,0,18390,7,1
2012-08-19 01,1,17258,7,1
2012-08-19 02,2,16611,7,1
2012-08-19 03,3,15996,7,1
2012-08-19 04,4,15779,7,1
2012-08-19 05,5,15560,7,1
2012-08-19 06,6,15601,7,1
2012-08-19 07,7,16478,7,1
2012-08-19 08,8,18358,7,1
2012-08-19 09,9,19904,7,1
2012-08-19 10,10,20938,7,1
2012-08-19 11,11,21219,7,1
2012-08-19 12,12,21799,7,1
2012-08-19 13,13,21942,7,1
2012-08-19 14,14,21819,7,1
2012-08-19 15,15,21823,7,1
2012-08-19 16,16,21585,7,1
2012-08-19 17,17,21313,7,1
2012-08-19 18,18,20383,7,1
2012-08-19 19,19,20913,7,1
2012-08-19 20,20,21422,7,1
2012-08-19 21,21,21138,7,1
2012-08-19 22,22,20542,7,1
2012-08-19 23,23,19310,7,1
2012-08-20 00,0,17600,1,0
2012-08-20 01,1,16746,1,0
2012-08-20 02,2,16021,1,0
2012-08-20 03,3,15551,1,0
2012-08-20 04,4,15265,1,0
2012-08-20 05,5,15173,1,0
2012-08-20 06,6,15659,1,0
2012-08-20 07,7,18385,1,0
2012-08-20 08,8,21903,1,0
2012-08-20 09,9,23820,1,0
2012-08-20 10,10,24373,1,0
2012-08-20 11,11,24263,1,0
2012-08-20 12,12,24413,1,0
2012-08-20 13,13,24284,1,0
2012-08-20 14,14,23046,1,0
2012-08-20 15,15,22990,1,0
2012-08-20 16,16,23618,1,0
2012-08-20 17,17,23310,1,0
2012-08-20 18,18,21926,1,0
2012-08-20 19,19,22229,1,0
2012-08-20 20,20,22368,1,0
2012-08-20 21,21,21970,1,0
2012-08-20 22,22,21276,1,0
2012-08-20 23,23,19976,1,0
2012-08-21 00,0,18426,2,0
2012-08-21 01,1,16659,2,0
2012-08-21 02,2,15742,2,0
2012-08-21 03,3,15492,2,0
2012-08-21 04,4,15225,2,0
2012-08-21 05,5,15254,2,0
2012-08-21 06,6,15829,2,0
2012-08-21 07,7,18730,2,0
2012-08-21 08,8,22179,2,0
2012-08-21 09,9,23362,2,0
2012-08-21 10,10,24090,2,0
2012-08-21 11,11,24118,2,0
2012-08-21 12,12,24261,2,0
2012-08-21 13,13,23896,2,0
2012-08-21 14,14,23085,2,0
2012-08-21 15,15,22518,2,0
2012-08-21 16,16,22254,2,0
2012-08-21 17,17,21333,2,0
2012-08-21 18,18,21045,2,0
2012-08-21 19,19,21641,2,0
2012-08-21 20,20,21618,2,0
2012-08-21 21,21,21209,2,0
2012-08-21 22,22,20448,2,0
2012-08-21 23,23,19123,2,0
2012-08-22 00,0,17537,3,0
2012-08-22 01,1,15758,3,0
2012-08-22 02,2,15314,3,0
2012-08-22 03,3,15015,3,0
2012-08-22 04,4,14908,3,0
2012-08-22 05,5,15012,3,0
2012-08-22 06,6,15157,3,0
2012-08-22 07,7,17403,3,0
2012-08-22 08,8,20514,3,0
2012-08-22 09,9,21688,3,0
2012-08-22 10,10,21647,3,0
2012-08-22 11,11,21277,3,0
2012-08-22 12,12,21726,3,0
2012-08-22 13,13,21938,3,0
2012-08-22 14,14,21825,3,0
2012-08-22 15,15,21721,3,0
2012-08-22 16,16,21543,3,0
2012-08-22 17,17,20511,3,0
2012-08-22 18,18,19311,3,0
2012-08-22 19,19,19682,3,0
2012-08-22 20,20,19764,3,0
2012-08-22 21,21,19253,3,0
2012-08-22 22,22,18683,3,0
2012-08-22 23,23,17821,3,0
2012-08-23 00,0,16743,4,0
2012-08-23 01,1,14820,4,0
2012-08-23 02,2,14317,4,0
2012-08-23 03,3,14105,4,0
2012-08-23 04,4,14054,4,0
2012-08-23 05,5,14185,4,0
2012-08-23 06,6,14391,4,0
2012-08-23 07,7,16473,4,0
2012-08-23 08,8,18351,4,0
2012-08-23 09,9,18997,4,0
2012-08-23 10,10,21503,4,0
2012-08-23 11,11,21419,4,0
2012-08-23 12,12,21059,4,0
2012-08-23 13,13,21241,4,0
2012-08-23 14,14,21107,4,0
2012-08-23 15,15,20969,4,0
2012-08-23 16,16,20781,4,0
2012-08-23 17,17,19837,4,0
2012-08-23 18,18,18802,4,0
2012-08-23 19,19,19438,4,0
2012-08-23 20,20,19472,4,0
2012-08-23 21,21,18837,4,0
2012-08-23 22,22,18059,4,0
2012-08-23 23,23,17168,4,0
2012-08-24 00,0,16063,5,0
2012-08-24 01,1,12844,5,0
2012-08-24 02,2,12492,5,0
2012-08-24 03,3,12148,5,0
2012-08-24 04,4,12052,5,0
2012-08-24 05,5,12541,5,0
2012-08-24 06,6,13237,5,0
2012-08-24 07,7,15122,5,0
2012-08-24 08,8,17505,5,0
2012-08-24 09,9,18819,5,0
2012-08-24 10,10,20521,5,0
2012-08-24 11,11,19363,5,0
2012-08-24 12,12,18772,5,0
2012-08-24 13,13,18897,5,0
2012-08-24 14,14,19011,5,0
2012-08-24 15,15,18837,5,0
2012-08-24 16,16,18645,5,0
2012-08-24 17,17,17866,5,0
2012-08-24 18,18,17009,5,0
2012-08-24 19,19,17000,5,0
2012-08-24 20,20,16982,5,0
2012-08-24 21,21,16410,5,0
2012-08-24 22,22,15777,5,0
2012-08-24 23,23,14733,5,0
2012-08-25 00,0,15535,6,1
2012-08-25 01,1,14727,6,1
2012-08-25 02,2,14009,6,1
2012-08-25 03,3,13612,6,1
2012-08-25 04,4,13514,6,1
2012-08-25 05,5,13759,6,1
2012-08-25 06,6,13905,6,1
2012-08-25 07,7,15580,6,1
2012-08-25 08,8,18040,6,1
2012-08-25 09,9,19363,6,1
2012-08-25 10,10,20309,6,1
2012-08-25 11,11,20241,6,1
2012-08-25 12,12,20318,6,1
2012-08-25 13,13,20549,6,1
2012-08-25 14,14,20249,6,1
2012-08-25 15,15,20397,6,1
2012-08-25 16,16,20168,6,1
2012-08-25 17,17,19507,6,1
2012-08-25 18,18,18776,6,1
2012-08-25 19,19,19119,6,1
2012-08-25 20,20,19513,6,1
2012-08-25 21,21,18907,6,1
2012-08-25 22,22,18510,6,1
2012-08-25 23,23,17629,6,1
2012-08-26 00,0,16002,7,1
2012-08-26 01,1,14205,7,1
2012-08-26 02,2,13627,7,1
2012-08-26 03,3,13256,7,1
2012-08-26 04,4,13013,7,1
2012-08-26 05,5,13138,7,1
2012-08-26 06,6,13336,7,1
2012-08-26 07,7,14839,7,1
2012-08-26 08,8,16381,7,1
2012-08-26 09,9,17366,7,1
2012-08-26 10,10,17909,7,1
2012-08-26 11,11,17959,7,1
2012-08-26 12,12,17944,7,1
2012-08-26 13,13,18108,7,1
2012-08-26 14,14,18148,7,1
2012-08-26 15,15,18036,7,1
2012-08-26 16,16,18095,7,1
2012-08-26 17,17,17790,7,1
2012-08-26 18,18,17555,7,1
2012-08-26 19,19,18048,7,1
2012-08-26 20,20,18231,7,1
2012-08-26 21,21,18172,7,1
2012-08-26 22,22,17554,7,1
2012-08-26 23,23,16292,7,1
2012-08-27 00,0,15164,1,0
2012-08-27 01,1,13943,1,0
2012-08-27 02,2,13292,1,0
2012-08-27 03,3,12847,1,0
2012-08-27 04,4,12650,1,0
2012-08-27 05,5,12746,1,0
2012-08-27 06,6,13451,1,0
2012-08-27 07,7,15614,1,0
2012-08-27 08,8,18689,1,0
2012-08-27 09,9,20351,1,0
2012-08-27 10,10,21100,1,0
2012-08-27 11,11,20400,1,0
2012-08-27 12,12,19032,1,0
2012-08-27 13,13,19179,1,0
2012-08-27 14,14,19008,1,0
2012-08-27 15,15,18951,1,0
2012-08-27 16,16,18796,1,0
2012-08-27 17,17,18328,1,0
2012-08-27 18,18,18197,1,0
2012-08-27 19,19,18446,1,0
2012-08-27 20,20,18267,1,0
2012-08-27 21,21,17747,1,0
2012-08-27 22,22,16936,1,0
2012-08-27 23,23,16060,1,0
2012-08-28 00,0,14994,2,0
2012-08-28 01,1,14517,2,0
2012-08-28 02,2,14004,2,0
2012-08-28 03,3,13614,2,0
2012-08-28 04,4,13535,2,0
2012-08-28 05,5,13981,2,0
2012-08-28 06,6,14733,2,0
2012-08-28 07,7,17363,2,0
2012-08-28 08,8,20610,2,0
2012-08-28 09,9,22266,2,0
2012-08-28 10,10,22677,2,0
2012-08-28 11,11,22677,2,0
2012-08-28 12,12,22526,2,0
2012-08-28 13,13,22525,2,0
2012-08-28 14,14,22415,2,0
2012-08-28 15,15,22583,2,0
2012-08-28 16,16,22381,2,0
2012-08-28 17,17,21339,2,0
2012-08-28 18,18,21226,2,0
2012-08-28 19,19,21526,2,0
2012-08-28 20,20,20948,2,0
2012-08-28 21,21,19742,2,0
2012-08-28 22,22,18723,2,0
2012-08-28 23,23,17415,2,0
2012-08-29 00,0,16135,3,0
2012-08-29 01,1,15215,3,0
2012-08-29 02,2,14734,3,0
2012-08-29 03,3,14132,3,0
2012-08-29 04,4,13654,3,0
2012-08-29 05,5,14024,3,0
2012-08-29 06,6,14319,3,0
2012-08-29 07,7,16396,3,0
2012-08-29 08,8,19285,3,0
2012-08-29 09,9,20680,3,0
2012-08-29 10,10,21093,3,0
2012-08-29 11,11,20765,3,0
2012-08-29 12,12,21662,3,0
2012-08-29 13,13,22294,3,0
2012-08-29 14,14,21988,3,0
2012-08-29 15,15,21167,3,0
2012-08-29 16,16,20884,3,0
2012-08-29 17,17,19901,3,0
2012-08-29 18,18,19427,3,0
2012-08-29 19,19,19485,3,0
2012-08-29 20,20,18771,3,0
2012-08-29 21,21,18187,3,0
2012-08-29 22,22,17117,3,0
2012-08-29 23,23,16047,3,0
2012-08-30 00,0,15595,4,0
2012-08-30 01,1,14824,4,0
2012-08-30 02,2,14502,4,0
2012-08-30 03,3,13976,4,0
2012-08-30 04,4,14017,4,0
2012-08-30 05,5,14160,4,0
2012-08-30 06,6,14788,4,0
2012-08-30 07,7,17216,4,0
2012-08-30 08,8,20310,4,0
2012-08-30 09,9,21638,4,0
2012-08-30 10,10,22164,4,0
2012-08-30 11,11,22086,4,0
2012-08-30 12,12,22039,4,0
2012-08-30 13,13,21942,4,0
2012-08-30 14,14,21871,4,0
2012-08-30 15,15,22016,4,0
2012-08-30 16,16,21807,4,0
2012-08-30 17,17,20884,4,0
2012-08-30 18,18,19671,4,0
2012-08-30 19,19,19863,4,0
2012-08-30 20,20,19519,4,0
2012-08-30 21,21,19226,4,0
2012-08-30 22,22,18352,4,0
2012-08-30 23,23,17402,4,0
2012-08-31 00,0,16042,5,0
2012-08-31 01,1,15283,5,0
2012-08-31 02,2,14773,5,0
2012-08-31 03,3,14056,5,0
2012-08-31 04,4,13912,5,0
2012-08-31 05,5,14060,5,0
2012-08-31 06,6,14689,5,0
2012-08-31 07,7,17016,5,0
2012-08-31 08,8,20010,5,0
2012-08-31 09,9,21334,5,0
2012-08-31 10,10,22014,5,0
2012-08-31 11,11,21936,5,0
2012-08-31 12,12,21611,5,0
2012-08-31 13,13,21560,5,0
2012-08-31 14,14,21419,5,0
2012-08-31 15,15,21866,5,0
2012-08-31 16,16,21711,5,0
2012-08-31 17,17,20663,5,0
2012-08-31 18,18,19836,5,0
2012-08-31 19,19,20265,5,0
2012-08-31 20,20,20280,5,0
2012-08-31 21,21,19382,5,0
2012-08-31 22,22,18687,5,0
2012-08-31 23,23,17687,5,0
2012-09-01 00,0,16212,6,1
2012-09-01 01,1,15341,6,1
2012-09-01 02,2,14657,6,1
2012-09-01 03,3,14077,6,1
2012-09-01 04,4,13748,6,1
2012-09-01 05,5,13788,6,1
2012-09-01 06,6,13862,6,1
2012-09-01 07,7,15586,6,1
2012-09-01 08,8,17921,6,1
2012-09-01 09,9,19002,6,1
2012-09-01 10,10,19625,6,1
2012-09-01 11,11,19929,6,1
2012-09-01 12,12,20066,6,1
2012-09-01 13,13,20348,6,1
2012-09-01 14,14,20218,6,1
2012-09-01 15,15,19944,6,1
2012-09-01 16,16,19993,6,1
2012-09-01 17,17,19218,6,1
2012-09-01 18,18,18668,6,1
2012-09-01 19,19,19058,6,1
2012-09-01 20,20,19174,6,1
2012-09-01 21,21,18796,6,1
2012-09-01 22,22,17886,6,1
2012-09-01 23,23,17030,6,1
2012-09-02 00,0,15770,7,1
2012-09-02 01,1,15125,7,1
2012-09-02 02,2,14128,7,1
2012-09-02 03,3,13941,7,1
2012-09-02 04,4,13692,7,1
2012-09-02 05,5,13580,7,1
2012-09-02 06,6,13516,7,1
2012-09-02 07,7,14603,7,1
2012-09-02 08,8,16286,7,1
2012-09-02 09,9,17529,7,1
2012-09-02 10,10,18558,7,1
2012-09-02 11,11,18963,7,1
2012-09-02 12,12,19307,7,1
2012-09-02 13,13,19519,7,1
2012-09-02 14,14,19530,7,1
2012-09-02 15,15,19235,7,1
2012-09-02 16,16,19231,7,1
2012-09-02 17,17,18738,7,1
2012-09-02 18,18,18086,7,1
2012-09-02 19,19,18631,7,1
2012-09-02 20,20,18851,7,1
2012-09-02 21,21,18555,7,1
2012-09-02 22,22,17890,7,1
2012-09-02 23,23,16979,7,1
2012-09-03 00,0,15630,1,0
2012-09-03 01,1,14543,1,0
2012-09-03 02,2,14023,1,0
2012-09-03 03,3,13198,1,0
2012-09-03 04,4,12735,1,0
2012-09-03 05,5,12992,1,0
2012-09-03 06,6,13763,1,0
2012-09-03 07,7,16231,1,0
2012-09-03 08,8,19149,1,0
2012-09-03 09,9,20973,1,0
2012-09-03 10,10,21353,1,0
2012-09-03 11,11,21192,1,0
2012-09-03 12,12,20452,1,0
2012-09-03 13,13,20664,1,0
2012-09-03 14,14,20797,1,0
2012-09-03 15,15,20746,1,0
2012-09-03 16,16,20564,1,0
2012-09-03 17,17,19700,1,0
2012-09-03 18,18,19061,1,0
2012-09-03 19,19,19396,1,0
2012-09-03 20,20,18856,1,0
2012-09-03 21,21,18342,1,0
2012-09-03 22,22,17409,1,0
2012-09-03 23,23,16070,1,0
2012-09-04 00,0,15066,2,0
2012-09-04 01,1,13995,2,0
2012-09-04 02,2,13398,2,0
2012-09-04 03,3,12995,2,0
2012-09-04 04,4,12796,2,0
2012-09-04 05,5,13173,2,0
2012-09-04 06,6,13962,2,0
2012-09-04 07,7,15977,2,0
2012-09-04 08,8,18510,2,0
2012-09-04 09,9,19351,2,0
2012-09-04 10,10,19493,2,0
2012-09-04 11,11,19392,2,0
2012-09-04 12,12,19452,2,0
2012-09-04 13,13,19862,2,0
2012-09-04 14,14,19839,2,0
2012-09-04 15,15,19813,2,0
2012-09-04 16,16,19780,2,0
2012-09-04 17,17,18812,2,0
2012-09-04 18,18,18597,2,0
2012-09-04 19,19,18729,2,0
2012-09-04 20,20,18113,2,0
2012-09-04 21,21,17479,2,0
2012-09-04 22,22,16674,2,0
2012-09-04 23,23,15710,2,0
2012-09-05 00,0,14676,3,0
2012-09-05 01,1,13627,3,0
2012-09-05 02,2,12968,3,0
2012-09-05 03,3,12430,3,0
2012-09-05 04,4,12239,3,0
2012-09-05 05,5,12599,3,0
2012-09-05 06,6,13470,3,0
2012-09-05 07,7,15611,3,0
2012-09-05 08,8,17988,3,0
2012-09-05 09,9,18784,3,0
2012-09-05 10,10,18574,3,0
2012-09-05 11,11,18640,3,0
2012-09-05 12,12,18472,3,0
2012-09-05 13,13,18596,3,0
2012-09-05 14,14,18623,3,0
2012-09-05 15,15,18599,3,0
2012-09-05 16,16,18567,3,0
2012-09-05 17,17,18009,3,0
2012-09-05 18,18,17532,3,0
2012-09-05 19,19,17662,3,0
2012-09-05 20,20,17464,3,0
2012-09-05 21,21,16999,3,0
2012-09-05 22,22,16227,3,0
2012-09-05 23,23,15284,3,0
2012-09-06 00,0,14293,4,0
2012-09-06 01,1,13559,4,0
2012-09-06 02,2,12915,4,0
2012-09-06 03,3,12564,4,0
2012-09-06 04,4,12270,4,0
2012-09-06 05,5,12503,4,0
2012-09-06 06,6,13326,4,0
2012-09-06 07,7,15161,4,0
2012-09-06 08,8,17328,4,0
2012-09-06 09,9,18880,4,0
2012-09-06 10,10,19420,4,0
2012-09-06 11,11,18966,4,0
2012-09-06 12,12,17885,4,0
2012-09-06 13,13,18171,4,0
2012-09-06 14,14,18143,4,0
2012-09-06 15,15,18189,4,0
2012-09-06 16,16,18191,4,0
2012-09-06 17,17,17753,4,0
2012-09-06 18,18,17284,4,0
2012-09-06 19,19,17346,4,0
2012-09-06 20,20,16976,4,0
2012-09-06 21,21,16295,4,0
2012-09-06 22,22,15532,4,0
2012-09-06 23,23,14573,4,0
2012-09-07 00,0,13699,5,0
2012-09-07 01,1,13297,5,0
2012-09-07 02,2,12724,5,0
2012-09-07 03,3,12430,5,0
2012-09-07 04,4,12442,5,0
2012-09-07 05,5,12729,5,0
2012-09-07 06,6,13349,5,0
2012-09-07 07,7,15103,5,0
2012-09-07 08,8,17579,5,0
2012-09-07 09,9,19844,5,0
2012-09-07 10,10,20512,5,0
2012-09-07 11,11,20021,5,0
2012-09-07 12,12,18691,5,0
2012-09-07 13,13,18851,5,0
2012-09-07 14,14,18919,5,0
2012-09-07 15,15,18950,5,0
2012-09-07 16,16,18887,5,0
2012-09-07 17,17,18281,5,0
2012-09-07 18,18,18275,5,0
2012-09-07 19,19,18173,5,0
2012-09-07 20,20,17560,5,0
2012-09-07 21,21,16961,5,0
2012-09-07 22,22,15998,5,0
2012-09-07 23,23,15058,5,0
2012-09-08 00,0,13919,6,1
2012-09-08 01,1,13525,6,1
2012-09-08 02,2,13010,6,1
2012-09-08 03,3,12739,6,1
2012-09-08 04,4,12643,6,1
2012-09-08 05,5,12867,6,1
2012-09-08 06,6,13212,6,1
2012-09-08 07,7,14527,6,1
2012-09-08 08,8,16376,6,1
2012-09-08 09,9,17534,6,1
2012-09-08 10,10,17885,6,1
2012-09-08 11,11,17764,6,1
2012-09-08 12,12,17948,6,1
2012-09-08 13,13,18077,6,1
2012-09-08 14,14,18131,6,1
2012-09-08 15,15,17932,6,1
2012-09-08 16,16,17722,6,1
2012-09-08 17,17,17216,6,1
2012-09-08 18,18,16954,6,1
2012-09-08 19,19,17091,6,1
2012-09-08 20,20,16781,6,1
2012-09-08 21,21,16362,6,1
2012-09-08 22,22,15644,6,1
2012-09-08 23,23,14707,6,1
2012-09-09 00,0,13734,7,1
2012-09-09 01,1,13098,7,1
2012-09-09 02,2,12662,7,1
2012-09-09 03,3,12402,7,1
2012-09-09 04,4,12171,7,1
2012-09-09 05,5,12392,7,1
2012-09-09 06,6,12684,7,1
2012-09-09 07,7,13900,7,1
2012-09-09 08,8,15186,7,1
2012-09-09 09,9,16221,7,1
2012-09-09 10,10,16981,7,1
2012-09-09 11,11,17013,7,1
2012-09-09 12,12,16973,7,1
2012-09-09 13,13,17250,7,1
2012-09-09 14,14,17030,7,1
2012-09-09 15,15,17006,7,1
2012-09-09 16,16,16844,7,1
2012-09-09 17,17,16581,7,1
2012-09-09 18,18,16450,7,1
2012-09-09 19,19,16615,7,1
2012-09-09 20,20,16586,7,1
2012-09-09 21,21,16045,7,1
2012-09-09 22,22,15497,7,1
2012-09-09 23,23,14375,7,1
2012-09-10 00,0,13573,1,0
2012-09-10 01,1,12912,1,0
2012-09-10 02,2,12288,1,0
2012-09-10 03,3,11798,1,0
2012-09-10 04,4,11730,1,0
2012-09-10 05,5,12275,1,0
2012-09-10 06,6,13222,1,0
2012-09-10 07,7,15184,1,0
2012-09-10 08,8,17382,1,0
2012-09-10 09,9,18490,1,0
2012-09-10 10,10,18486,1,0
2012-09-10 11,11,18405,1,0
2012-09-10 12,12,17968,1,0
2012-09-10 13,13,18241,1,0
2012-09-10 14,14,18277,1,0
2012-09-10 15,15,18308,1,0
2012-09-10 16,16,18187,1,0
2012-09-10 17,17,17674,1,0
2012-09-10 18,18,17560,1,0
2012-09-10 19,19,17700,1,0
2012-09-10 20,20,16991,1,0
2012-09-10 21,21,16461,1,0
2012-09-10 22,22,15694,1,0
2012-09-10 23,23,14657,1,0
2012-09-11 00,0,13668,2,0
2012-09-11 01,1,13176,2,0
2012-09-11 02,2,12605,2,0
2012-09-11 03,3,12197,2,0
2012-09-11 04,4,12243,2,0
2012-09-11 05,5,12723,2,0
2012-09-11 06,6,13290,2,0
2012-09-11 07,7,15117,2,0
2012-09-11 08,8,17364,2,0
2012-09-11 09,9,18647,2,0
2012-09-11 10,10,18989,2,0
2012-09-11 11,11,18767,2,0
2012-09-11 12,12,18583,2,0
2012-09-11 13,13,18741,2,0
2012-09-11 14,14,18726,2,0
2012-09-11 15,15,18527,2,0
2012-09-11 16,16,18480,2,0
2012-09-11 17,17,17641,2,0
2012-09-11 18,18,17639,2,0
2012-09-11 19,19,17760,2,0
2012-09-11 20,20,17381,2,0
2012-09-11 21,21,16484,2,0
2012-09-11 22,22,15997,2,0
2012-09-11 23,23,15037,2,0
2012-09-12 00,0,14038,3,0
2012-09-12 01,1,13213,3,0
2012-09-12 02,2,12718,3,0
2012-09-12 03,3,12254,3,0
2012-09-12 04,4,12022,3,0
2012-09-12 05,5,12564,3,0
2012-09-12 06,6,13232,3,0
2012-09-12 07,7,14980,3,0
2012-09-12 08,8,17425,3,0
2012-09-12 09,9,19715,3,0
2012-09-12 10,10,20041,3,0
2012-09-12 11,11,19530,3,0
2012-09-12 12,12,18341,3,0
2012-09-12 13,13,18421,3,0
2012-09-12 14,14,18410,3,0
2012-09-12 15,15,18416,3,0
2012-09-12 16,16,18415,3,0
2012-09-12 17,17,17750,3,0
2012-09-12 18,18,17554,3,0
2012-09-12 19,19,17509,3,0
2012-09-12 20,20,16927,3,0
2012-09-12 21,21,16314,3,0
2012-09-12 22,22,15491,3,0
2012-09-12 23,23,14530,3,0
2012-09-13 00,0,13531,4,0
2012-09-13 01,1,13022,4,0
2012-09-13 02,2,12643,4,0
2012-09-13 03,3,12296,4,0
2012-09-13 04,4,12187,4,0
2012-09-13 05,5,12630,4,0
2012-09-13 06,6,13317,4,0
2012-09-13 07,7,14944,4,0
2012-09-13 08,8,17235,4,0
2012-09-13 09,9,18141,4,0
2012-09-13 10,10,18326,4,0
2012-09-13 11,11,17869,4,0
2012-09-13 12,12,17822,4,0
2012-09-13 13,13,17857,4,0
2012-09-13 14,14,17921,4,0
2012-09-13 15,15,17948,4,0
2012-09-13 16,16,17886,4,0
2012-09-13 17,17,17436,4,0
2012-09-13 18,18,17277,4,0
2012-09-13 19,19,17173,4,0
2012-09-13 20,20,16758,4,0
2012-09-13 21,21,16398,4,0
2012-09-13 22,22,15490,4,0
2012-09-13 23,23,14604,4,0
2012-09-14 00,0,13546,5,0
2012-09-14 01,1,13079,5,0
2012-09-14 02,2,12622,5,0
2012-09-14 03,3,12078,5,0
2012-09-14 04,4,11762,5,0
2012-09-14 05,5,12067,5,0
2012-09-14 06,6,12846,5,0
2012-09-14 07,7,14692,5,0
2012-09-14 08,8,16890,5,0
2012-09-14 09,9,17374,5,0
2012-09-14 10,10,17565,5,0
2012-09-14 11,11,17625,5,0
2012-09-14 12,12,17292,5,0
2012-09-14 13,13,17486,5,0
2012-09-14 14,14,17531,5,0
2012-09-14 15,15,17620,5,0
2012-09-14 16,16,17562,5,0
2012-09-14 17,17,17149,5,0
2012-09-14 18,18,17127,5,0
2012-09-14 19,19,17032,5,0
2012-09-14 20,20,16619,5,0
2012-09-14 21,21,16160,5,0
2012-09-14 22,22,15279,5,0
2012-09-14 23,23,14349,5,0
2012-09-15 00,0,13218,6,1
2012-09-15 01,1,12282,6,1
2012-09-15 02,2,11867,6,1
2012-09-15 03,3,11480,6,1
2012-09-15 04,4,11346,6,1
2012-09-15 05,5,11593,6,1
2012-09-15 06,6,11998,6,1
2012-09-15 07,7,13251,6,1
2012-09-15 08,8,15106,6,1
2012-09-15 09,9,16033,6,1
2012-09-15 10,10,16491,6,1
2012-09-15 11,11,16507,6,1
2012-09-15 12,12,15624,6,1
2012-09-15 13,13,15790,6,1
2012-09-15 14,14,15653,6,1
2012-09-15 15,15,15802,6,1
2012-09-15 16,16,15662,6,1
2012-09-15 17,17,15650,6,1
2012-09-15 18,18,15726,6,1
2012-09-15 19,19,15767,6,1
2012-09-15 20,20,15156,6,1
2012-09-15 21,21,14668,6,1
2012-09-15 22,22,13993,6,1
2012-09-15 23,23,13113,6,1
2012-09-16 00,0,12432,7,1
2012-09-16 01,1,11992,7,1
2012-09-16 02,2,11472,7,1
2012-09-16 03,3,11281,7,1
2012-09-16 04,4,10929,7,1
2012-09-16 05,5,11301,7,1
2012-09-16 06,6,11321,7,1
2012-09-16 07,7,12518,7,1
2012-09-16 08,8,14024,7,1
2012-09-16 09,9,14805,7,1
2012-09-16 10,10,15268,7,1
2012-09-16 11,11,15245,7,1
2012-09-16 12,12,14567,7,1
2012-09-16 13,13,14553,7,1
2012-09-16 14,14,14528,7,1
2012-09-16 15,15,14654,7,1
2012-09-16 16,16,14607,7,1
2012-09-16 17,17,14614,7,1
2012-09-16 18,18,14580,7,1
2012-09-16 19,19,14894,7,1
2012-09-16 20,20,14649,7,1
2012-09-16 21,21,14069,7,1
2012-09-16 22,22,13585,7,1
2012-09-16 23,23,12922,7,1
2012-09-17 00,0,12049,1,0
2012-09-17 01,1,11444,1,0
2012-09-17 02,2,11174,1,0
2012-09-17 03,3,10829,1,0
2012-09-17 04,4,10732,1,0
2012-09-17 05,5,10920,1,0
2012-09-17 06,6,11700,1,0
2012-09-17 07,7,13633,1,0
2012-09-17 08,8,15622,1,0
2012-09-17 09,9,16825,1,0
2012-09-17 10,10,16854,1,0
2012-09-17 11,11,16772,1,0
2012-09-17 12,12,16518,1,0
2012-09-17 13,13,16608,1,0
2012-09-17 14,14,16608,1,0
2012-09-17 15,15,16616,1,0
2012-09-17 16,16,16613,1,0
2012-09-17 17,17,16430,1,0
2012-09-17 18,18,16246,1,0
2012-09-17 19,19,16202,1,0
2012-09-17 20,20,15921,1,0
2012-09-17 21,21,15313,1,0
2012-09-17 22,22,14682,1,0
2012-09-17 23,23,13730,1,0
2012-09-18 00,0,12730,2,0
2012-09-18 01,1,12038,2,0
2012-09-18 02,2,11609,2,0
2012-09-18 03,3,11167,2,0
2012-09-18 04,4,11165,2,0
2012-09-18 05,5,11473,2,0
2012-09-18 06,6,12383,2,0
2012-09-18 07,7,14062,2,0
2012-09-18 08,8,15867,2,0
2012-09-18 09,9,16891,2,0
2012-09-18 10,10,17238,2,0
2012-09-18 11,11,16911,2,0
2012-09-18 12,12,16445,2,0
2012-09-18 13,13,16771,2,0
2012-09-18 14,14,16577,2,0
2012-09-18 15,15,16691,2,0
2012-09-18 16,16,16684,2,0
2012-09-18 17,17,16326,2,0
2012-09-18 18,18,16373,2,0
2012-09-18 19,19,16192,2,0
2012-09-18 20,20,15694,2,0
2012-09-18 21,21,15250,2,0
2012-09-18 22,22,14393,2,0
2012-09-18 23,23,13437,2,0
2012-09-19 00,0,12383,3,0
2012-09-19 01,1,12038,3,0
2012-09-19 02,2,11514,3,0
2012-09-19 03,3,11362,3,0
2012-09-19 04,4,11347,3,0
2012-09-19 05,5,11931,3,0
2012-09-19 06,6,12389,3,0
2012-09-19 07,7,14126,3,0
2012-09-19 08,8,15913,3,0
2012-09-19 09,9,17001,3,0
2012-09-19 10,10,17452,3,0
2012-09-19 11,11,17010,3,0
2012-09-19 12,12,16824,3,0
2012-09-19 13,13,16906,3,0
2012-09-19 14,14,16816,3,0
2012-09-19 15,15,17026,3,0
2012-09-19 16,16,16937,3,0
2012-09-19 17,17,16243,3,0
2012-09-19 18,18,16542,3,0
2012-09-19 19,19,16370,3,0
2012-09-19 20,20,15967,3,0
2012-09-19 21,21,15255,3,0
2012-09-19 22,22,14352,3,0
2012-09-19 23,23,13628,3,0
2012-09-20 00,0,12703,4,0
2012-09-20 01,1,12001,4,0
2012-09-20 02,2,11538,4,0
2012-09-20 03,3,11395,4,0
2012-09-20 04,4,11441,4,0
2012-09-20 05,5,11975,4,0
2012-09-20 06,6,12277,4,0
2012-09-20 07,7,13896,4,0
2012-09-20 08,8,15876,4,0
2012-09-20 09,9,17444,4,0
2012-09-20 10,10,18006,4,0
2012-09-20 11,11,17498,4,0
2012-09-20 12,12,16509,4,0
2012-09-20 13,13,16714,4,0
2012-09-20 14,14,16677,4,0
2012-09-20 15,15,16801,4,0
2012-09-20 16,16,16746,4,0
2012-09-20 17,17,16138,4,0
2012-09-20 18,18,16314,4,0
2012-09-20 19,19,16252,4,0
2012-09-20 20,20,15826,4,0
2012-09-20 21,21,15049,4,0
2012-09-20 22,22,14351,4,0
2012-09-20 23,23,13465,4,0
2012-09-21 00,0,12529,5,0
2012-09-21 01,1,12066,5,0
2012-09-21 02,2,11890,5,0
2012-09-21 03,3,11576,5,0
2012-09-21 04,4,11688,5,0
2012-09-21 05,5,12156,5,0
2012-09-21 06,6,12644,5,0
2012-09-21 07,7,14143,5,0
2012-09-21 08,8,16152,5,0
2012-09-21 09,9,17556,5,0
2012-09-21 10,10,17967,5,0
2012-09-21 11,11,17448,5,0
2012-09-21 12,12,16841,5,0
2012-09-21 13,13,17047,5,0
2012-09-21 14,14,17040,5,0
2012-09-21 15,15,16869,5,0
2012-09-21 16,16,16869,5,0
2012-09-21 17,17,16582,5,0
2012-09-21 18,18,16580,5,0
2012-09-21 19,19,16450,5,0
2012-09-21 20,20,15751,5,0
2012-09-21 21,21,15223,5,0
2012-09-21 22,22,14461,5,0
2012-09-21 23,23,13444,5,0
2012-09-22 00,0,12639,6,1
2012-09-22 01,1,12118,6,1
2012-09-22 02,2,11838,6,1
2012-09-22 03,3,11586,6,1
2012-09-22 04,4,11554,6,1
2012-09-22 05,5,11832,6,1
2012-09-22 06,6,11983,6,1
2012-09-22 07,7,13309,6,1
2012-09-22 08,8,14783,6,1
2012-09-22 09,9,15612,6,1
2012-09-22 10,10,16027,6,1
2012-09-22 11,11,15950,6,1
2012-09-22 12,12,15230,6,1
2012-09-22 13,13,15402,6,1
2012-09-22 14,14,15173,6,1
2012-09-22 15,15,15134,6,1
2012-09-22 16,16,15293,6,1
2012-09-22 17,17,15056,6,1
2012-09-22 18,18,15286,6,1
2012-09-22 19,19,15251,6,1
2012-09-22 20,20,15119,6,1
2012-09-22 21,21,14507,6,1
2012-09-22 22,22,13821,6,1
2012-09-22 23,23,13053,6,1
2012-09-23 00,0,12126,7,1
2012-09-23 01,1,11755,7,1
2012-09-23 02,2,11174,7,1
2012-09-23 03,3,10994,7,1
2012-09-23 04,4,10915,7,1
2012-09-23 05,5,11215,7,1
2012-09-23 06,6,11437,7,1
2012-09-23 07,7,12335,7,1
2012-09-23 08,8,13466,7,1
2012-09-23 09,9,14258,7,1
2012-09-23 10,10,14751,7,1
2012-09-23 11,11,14461,7,1
2012-09-23 12,12,14207,7,1
2012-09-23 13,13,14190,7,1
2012-09-23 14,14,14128,7,1
2012-09-23 15,15,14228,7,1
2012-09-23 16,16,14383,7,1
2012-09-23 17,17,14414,7,1
2012-09-23 18,18,14911,7,1
2012-09-23 19,19,14838,7,1
2012-09-23 20,20,14549,7,1
2012-09-23 21,21,13990,7,1
2012-09-23 22,22,13257,7,1
2012-09-23 23,23,12269,7,1
2012-09-24 00,0,11373,1,0
2012-09-24 01,1,10985,1,0
2012-09-24 02,2,10531,1,0
2012-09-24 03,3,10159,1,0
2012-09-24 04,4,10362,1,0
2012-09-24 05,5,10681,1,0
2012-09-24 06,6,11643,1,0
2012-09-24 07,7,13922,1,0
2012-09-24 08,8,15677,1,0
2012-09-24 09,9,17225,1,0
2012-09-24 10,10,17570,1,0
2012-09-24 11,11,17127,1,0
2012-09-24 12,12,16398,1,0
2012-09-24 13,13,16670,1,0
2012-09-24 14,14,16596,1,0
2012-09-24 15,15,16676,1,0
2012-09-24 16,16,16683,1,0
2012-09-24 17,17,16193,1,0
2012-09-24 18,18,16304,1,0
2012-09-24 19,19,16238,1,0
2012-09-24 20,20,15634,1,0
2012-09-24 21,21,14975,1,0
2012-09-24 22,22,14323,1,0
2012-09-24 23,23,13254,1,0
2012-09-25 00,0,12328,2,0
2012-09-25 01,1,11842,2,0
2012-09-25 02,2,11546,2,0
2012-09-25 03,3,11388,2,0
2012-09-25 04,4,11277,2,0
2012-09-25 05,5,11888,2,0
2012-09-25 06,6,12498,2,0
2012-09-25 07,7,14007,2,0
2012-09-25 08,8,16056,2,0
2012-09-25 09,9,17220,2,0
2012-09-25 10,10,17726,2,0
2012-09-25 11,11,17059,2,0
2012-09-25 12,12,16768,2,0
2012-09-25 13,13,16990,2,0
2012-09-25 14,14,16929,2,0
2012-09-25 15,15,17065,2,0
2012-09-25 16,16,16997,2,0
2012-09-25 17,17,16622,2,0
2012-09-25 18,18,16522,2,0
2012-09-25 19,19,16364,2,0
2012-09-25 20,20,15847,2,0
2012-09-25 21,21,15373,2,0
2012-09-25 22,22,14453,2,0
2012-09-25 23,23,13577,2,0
2012-09-26 00,0,12627,3,0
2012-09-26 01,1,12274,3,0
2012-09-26 02,2,11840,3,0
2012-09-26 03,3,11573,3,0
2012-09-26 04,4,11639,3,0
2012-09-26 05,5,12158,3,0
2012-09-26 06,6,12601,3,0
2012-09-26 07,7,14079,3,0
2012-09-26 08,8,16469,3,0
2012-09-26 09,9,17747,3,0
2012-09-26 10,10,17913,3,0
2012-09-26 11,11,17637,3,0
2012-09-26 12,12,17150,3,0
2012-09-26 13,13,17539,3,0
2012-09-26 14,14,17366,3,0
2012-09-26 15,15,17391,3,0
2012-09-26 16,16,17303,3,0
2012-09-26 17,17,16845,3,0
2012-09-26 18,18,16678,3,0
2012-09-26 19,19,16555,3,0
2012-09-26 20,20,16071,3,0
2012-09-26 21,21,15414,3,0
2012-09-26 22,22,14675,3,0
2012-09-26 23,23,13438,3,0
2012-09-27 00,0,12538,4,0
2012-09-27 01,1,12175,4,0
2012-09-27 02,2,11742,4,0
2012-09-27 03,3,11473,4,0
2012-09-27 04,4,11540,4,0
2012-09-27 05,5,12054,4,0
2012-09-27 06,6,12699,4,0
2012-09-27 07,7,14179,4,0
2012-09-27 08,8,16569,4,0
2012-09-27 09,9,17847,4,0
2012-09-27 10,10,17953,4,0
2012-09-27 11,11,17737,4,0
2012-09-27 12,12,17177,4,0
2012-09-27 13,13,17567,4,0
2012-09-27 14,14,17463,4,0
2012-09-27 15,15,17419,4,0
2012-09-27 16,16,17430,4,0
2012-09-27 17,17,16979,4,0
2012-09-27 18,18,16874,4,0
2012-09-27 19,19,16670,4,0
2012-09-27 20,20,16136,4,0
2012-09-27 21,21,15526,4,0
2012-09-27 22,22,14703,4,0
2012-09-27 23,23,13587,4,0
2012-09-28 00,0,12811,5,0
2012-09-28 01,1,12105,5,0
2012-09-28 02,2,11752,5,0
2012-09-28 03,3,11495,5,0
2012-09-28 04,4,11656,5,0
2012-09-28 05,5,12045,5,0
2012-09-28 06,6,12568,5,0
2012-09-28 07,7,14113,5,0
2012-09-28 08,8,16211,5,0
2012-09-28 09,9,17271,5,0
2012-09-28 10,10,17578,5,0
2012-09-28 11,11,17126,5,0
2012-09-28 12,12,16701,5,0
2012-09-28 13,13,17024,5,0
2012-09-28 14,14,17038,5,0
2012-09-28 15,15,16893,5,0
2012-09-28 16,16,16946,5,0
2012-09-28 17,17,16453,5,0
2012-09-28 18,18,16618,5,0
2012-09-28 19,19,16191,5,0
2012-09-28 20,20,15766,5,0
2012-09-28 21,21,15123,5,0
2012-09-28 22,22,14387,5,0
2012-09-28 23,23,13549,5,0
2012-09-29 00,0,12631,6,0
2012-09-29 01,1,12017,6,0
2012-09-29 02,2,11628,6,0
2012-09-29 03,3,11206,6,0
2012-09-29 04,4,11313,6,0
2012-09-29 05,5,11762,6,0
2012-09-29 06,6,12164,6,0
2012-09-29 07,7,13480,6,0
2012-09-29 08,8,14821,6,0
2012-09-29 09,9,15728,6,0
2012-09-29 10,10,16019,6,0
2012-09-29 11,11,15662,6,0
2012-09-29 12,12,14952,6,0
2012-09-29 13,13,15108,6,0
2012-09-29 14,14,14867,6,0
2012-09-29 15,15,14636,6,0
2012-09-29 16,16,14553,6,0
2012-09-29 17,17,14243,6,0
2012-09-29 18,18,14437,6,0
2012-09-29 19,19,14258,6,0
2012-09-29 20,20,13916,6,0
2012-09-29 21,21,13630,6,0
2012-09-29 22,22,12960,6,0
2012-09-29 23,23,12482,6,0
2012-09-30 00,0,11567,7,-1
2012-09-30 01,1,10293,7,-1
2012-09-30 02,2,9716,7,-1
2012-09-30 03,3,9420,7,-1
2012-09-30 04,4,9301,7,-1
2012-09-30 05,5,9446,7,-1
2012-09-30 06,6,9459,7,-1
2012-09-30 07,7,9710,7,-1
2012-09-30 08,8,10776,7,-1
2012-09-30 09,9,11487,7,-1
2012-09-30 10,10,11780,7,-1
2012-09-30 11,11,11715,7,-1
2012-09-30 12,12,11342,7,-1
2012-09-30 13,13,11388,7,-1
2012-09-30 14,14,11256,7,-1
2012-09-30 15,15,11470,7,-1
2012-09-30 16,16,11803,7,-1
2012-09-30 17,17,12336,7,-1
2012-09-30 18,18,12553,7,-1
2012-09-30 19,19,12330,7,-1
2012-09-30 20,20,12198,7,-1
2012-09-30 21,21,11850,7,-1
2012-09-30 22,22,11366,7,-1
2012-09-30 23,23,10545,7,-1
2012-10-01 00,0,9905,1,-1
2012-10-01 01,1,9168,1,-1
2012-10-01 02,2,8808,1,-1
2012-10-01 03,3,8485,1,-1
2012-10-01 04,4,8559,1,-1
2012-10-01 05,5,8688,1,-1
2012-10-01 06,6,8835,1,-1
2012-10-01 07,7,9425,1,-1
2012-10-01 08,8,10321,1,-1
2012-10-01 09,9,10777,1,-1
2012-10-01 10,10,11122,1,-1
2012-10-01 11,11,11155,1,-1
2012-10-01 12,12,10825,1,-1
2012-10-01 13,13,10708,1,-1
2012-10-01 14,14,10533,1,-1
2012-10-01 15,15,10754,1,-1
2012-10-01 16,16,11121,1,-1
2012-10-01 17,17,11574,1,-1
2012-10-01 18,18,11760,1,-1
2012-10-01 19,19,11599,1,-1
2012-10-01 20,20,11531,1,-1
2012-10-01 21,21,11275,1,-1
2012-10-01 22,22,10851,1,-1
2012-10-01 23,23,10119,1,-1
2012-10-02 00,0,9406,2,-1
2012-10-02 01,1,8804,2,-1
2012-10-02 02,2,8432,2,-1
2012-10-02 03,3,8212,2,-1
2012-10-02 04,4,8165,2,-1
2012-10-02 05,5,8490,2,-1
2012-10-02 06,6,8793,2,-1
2012-10-02 07,7,9410,2,-1
2012-10-02 08,8,10401,2,-1
2012-10-02 09,9,10980,2,-1
2012-10-02 10,10,11306,2,-1
2012-10-02 11,11,11278,2,-1
2012-10-02 12,12,10920,2,-1
2012-10-02 13,13,10793,2,-1
2012-10-02 14,14,10647,2,-1
2012-10-02 15,15,10883,2,-1
2012-10-02 16,16,11284,2,-1
2012-10-02 17,17,11554,2,-1
2012-10-02 18,18,11972,2,-1
2012-10-02 19,19,11790,2,-1
2012-10-02 20,20,11614,2,-1
2012-10-02 21,21,11381,2,-1
2012-10-02 22,22,10760,2,-1
2012-10-02 23,23,10022,2,-1
2012-10-03 00,0,9322,3,-1
2012-10-03 01,1,8803,3,-1
2012-10-03 02,2,8461,3,-1
2012-10-03 03,3,8284,3,-1
2012-10-03 04,4,8390,3,-1
2012-10-03 05,5,8615,3,-1
2012-10-03 06,6,8856,3,-1
2012-10-03 07,7,9594,3,-1
2012-10-03 08,8,10606,3,-1
2012-10-03 09,9,11322,3,-1
2012-10-03 10,10,11660,3,-1
2012-10-03 11,11,11496,3,-1
2012-10-03 12,12,11201,3,-1
2012-10-03 13,13,11245,3,-1
2012-10-03 14,14,11086,3,-1
2012-10-03 15,15,11023,3,-1
2012-10-03 16,16,11480,3,-1
2012-10-03 17,17,11904,3,-1
2012-10-03 18,18,12253,3,-1
2012-10-03 19,19,12078,3,-1
2012-10-03 20,20,11973,3,-1
2012-10-03 21,21,11606,3,-1
2012-10-03 22,22,11090,3,-1
2012-10-03 23,23,10405,3,-1
2012-10-04 00,0,9714,4,1
2012-10-04 01,1,9262,4,1
2012-10-04 02,2,8893,4,1
2012-10-04 03,3,8708,4,1
2012-10-04 04,4,8759,4,1
2012-10-04 05,5,9213,4,1
2012-10-04 06,6,9610,4,1
2012-10-04 07,7,10557,4,1
2012-10-04 08,8,11697,4,1
2012-10-04 09,9,12581,4,1
2012-10-04 10,10,12963,4,1
2012-10-04 11,11,12958,4,1
2012-10-04 12,12,12462,4,1
2012-10-04 13,13,12553,4,1
2012-10-04 14,14,12574,4,1
2012-10-04 15,15,12617,4,1
2012-10-04 16,16,12947,4,1
2012-10-04 17,17,13291,4,1
2012-10-04 18,18,13509,4,1
2012-10-04 19,19,13493,4,1
2012-10-04 20,20,13125,4,1
2012-10-04 21,21,12672,4,1
2012-10-04 22,22,12085,4,1
2012-10-04 23,23,11337,4,1
2012-10-05 00,0,10583,5,1
2012-10-05 01,1,9954,5,1
2012-10-05 02,2,9675,5,1
2012-10-05 03,3,9414,5,1
2012-10-05 04,4,9449,5,1
2012-10-05 05,5,9850,5,1
2012-10-05 06,6,10192,5,1
2012-10-05 07,7,11116,5,1
2012-10-05 08,8,12465,5,1
2012-10-05 09,9,13170,5,1
2012-10-05 10,10,13545,5,1
2012-10-05 11,11,13328,5,1
2012-10-05 12,12,12952,5,1
2012-10-05 13,13,13160,5,1
2012-10-05 14,14,13134,5,1
2012-10-05 15,15,13210,5,1
2012-10-05 16,16,13437,5,1
2012-10-05 17,17,13726,5,1
2012-10-05 18,18,13849,5,1
2012-10-05 19,19,13688,5,1
2012-10-05 20,20,13347,5,1
2012-10-05 21,21,13081,5,1
2012-10-05 22,22,12419,5,1
2012-10-05 23,23,11643,5,1
2012-10-06 00,0,11038,6,1
2012-10-06 01,1,10496,6,1
2012-10-06 02,2,10171,6,1
2012-10-06 03,3,9975,6,1
2012-10-06 04,4,10092,6,1
2012-10-06 05,5,10465,6,1
2012-10-06 06,6,10611,6,1
2012-10-06 07,7,11733,6,1
2012-10-06 08,8,13214,6,1
2012-10-06 09,9,14055,6,1
2012-10-06 10,10,14261,6,1
2012-10-06 11,11,13916,6,1
2012-10-06 12,12,13674,6,1
2012-10-06 13,13,13923,6,1
2012-10-06 14,14,13817,6,1
2012-10-06 15,15,13870,6,1
2012-10-06 16,16,14089,6,1
2012-10-06 17,17,14273,6,1
2012-10-06 18,18,14545,6,1
2012-10-06 19,19,14313,6,1
2012-10-06 20,20,13915,6,1
2012-10-06 21,21,13632,6,1
2012-10-06 22,22,13026,6,1
2012-10-06 23,23,12204,6,1
2012-10-07 00,0,11525,7,1
2012-10-07 01,1,10810,7,1
2012-10-07 02,2,10551,7,1
2012-10-07 03,3,10272,7,1
2012-10-07 04,4,10344,7,1
2012-10-07 05,5,10632,7,1
2012-10-07 06,6,10902,7,1
2012-10-07 07,7,11914,7,1
2012-10-07 08,8,13288,7,1
2012-10-07 09,9,14336,7,1
2012-10-07 10,10,14662,7,1
2012-10-07 11,11,14381,7,1
2012-10-07 12,12,14008,7,1
2012-10-07 13,13,14146,7,1
2012-10-07 14,14,14119,7,1
2012-10-07 15,15,14331,7,1
2012-10-07 16,16,14531,7,1
2012-10-07 17,17,14621,7,1
2012-10-07 18,18,14854,7,1
2012-10-07 19,19,14770,7,1
2012-10-07 20,20,14488,7,1
2012-10-07 21,21,14069,7,1
2012-10-07 22,22,13357,7,1
2012-10-07 23,23,12584,7,1
2012-10-08 00,0,11636,1,0
2012-10-08 01,1,10903,1,0
2012-10-08 02,2,10615,1,0
2012-10-08 03,3,10401,1,0
2012-10-08 04,4,10481,1,0
2012-10-08 05,5,10901,1,0
2012-10-08 06,6,11362,1,0
2012-10-08 07,7,12850,1,0
2012-10-08 08,8,14726,1,0
2012-10-08 09,9,15803,1,0
2012-10-08 10,10,16378,1,0
2012-10-08 11,11,15817,1,0
2012-10-08 12,12,15415,1,0
2012-10-08 13,13,15570,1,0
2012-10-08 14,14,15579,1,0
2012-10-08 15,15,15725,1,0
2012-10-08 16,16,15678,1,0
2012-10-08 17,17,15462,1,0
2012-10-08 18,18,15753,1,0
2012-10-08 19,19,15429,1,0
2012-10-08 20,20,15011,1,0
2012-10-08 21,21,14556,1,0
2012-10-08 22,22,13823,1,0
2012-10-08 23,23,12925,1,0
2012-10-09 00,0,11984,2,0
2012-10-09 01,1,11684,2,0
2012-10-09 02,2,11288,2,0
2012-10-09 03,3,10890,2,0
2012-10-09 04,4,10874,2,0
2012-10-09 05,5,11362,2,0
2012-10-09 06,6,11941,2,0
2012-10-09 07,7,13434,2,0
2012-10-09 08,8,15120,2,0
2012-10-09 09,9,16081,2,0
2012-10-09 10,10,16661,2,0
2012-10-09 11,11,16097,2,0
2012-10-09 12,12,15797,2,0
2012-10-09 13,13,16003,2,0
2012-10-09 14,14,16058,2,0
2012-10-09 15,15,15991,2,0
2012-10-09 16,16,16022,2,0
2012-10-09 17,17,15821,2,0
2012-10-09 18,18,15954,2,0
2012-10-09 19,19,15735,2,0
2012-10-09 20,20,15170,2,0
2012-10-09 21,21,14798,2,0
2012-10-09 22,22,14197,2,0
2012-10-09 23,23,13185,2,0
2012-10-10 00,0,12290,3,0
2012-10-10 01,1,11770,3,0
2012-10-10 02,2,11335,3,0
2012-10-10 03,3,11039,3,0
2012-10-10 04,4,11257,3,0
2012-10-10 05,5,11795,3,0
2012-10-10 06,6,12195,3,0
2012-10-10 07,7,13547,3,0
2012-10-10 08,8,15323,3,0
2012-10-10 09,9,16254,3,0
2012-10-10 10,10,16638,3,0
2012-10-10 11,11,16070,3,0
2012-10-10 12,12,15697,3,0
2012-10-10 13,13,16087,3,0
2012-10-10 14,14,16072,3,0
2012-10-10 15,15,16076,3,0
2012-10-10 16,16,16128,3,0
2012-10-10 17,17,15764,3,0
2012-10-10 18,18,15883,3,0
2012-10-10 19,19,15659,3,0
2012-10-10 20,20,15162,3,0
2012-10-10 21,21,14809,3,0
2012-10-10 22,22,14142,3,0
2012-10-10 23,23,13380,3,0
2012-10-11 00,0,12439,4,0
2012-10-11 01,1,11887,4,0
2012-10-11 02,2,11515,4,0
2012-10-11 03,3,11140,4,0
2012-10-11 04,4,11220,4,0
2012-10-11 05,5,11584,4,0
2012-10-11 06,6,12109,4,0
2012-10-11 07,7,13548,4,0
2012-10-11 08,8,15287,4,0
2012-10-11 09,9,16052,4,0
2012-10-11 10,10,16279,4,0
2012-10-11 11,11,16054,4,0
2012-10-11 12,12,15650,4,0
2012-10-11 13,13,15857,4,0
2012-10-11 14,14,15925,4,0
2012-10-11 15,15,16033,4,0
2012-10-11 16,16,15930,4,0
2012-10-11 17,17,15876,4,0
2012-10-11 18,18,15898,4,0
2012-10-11 19,19,15490,4,0
2012-10-11 20,20,14967,4,0
2012-10-11 21,21,14424,4,0
2012-10-11 22,22,13810,4,0
2012-10-11 23,23,12920,4,0
2012-10-12 00,0,12284,5,0
2012-10-12 01,1,11438,5,0
2012-10-12 02,2,11205,5,0
2012-10-12 03,3,10989,5,0
2012-10-12 04,4,11051,5,0
2012-10-12 05,5,11589,5,0
2012-10-12 06,6,12156,5,0
2012-10-12 07,7,13368,5,0
2012-10-12 08,8,15062,5,0
2012-10-12 09,9,15892,5,0
2012-10-12 10,10,16404,5,0
2012-10-12 11,11,15827,5,0
2012-10-12 12,12,15634,5,0
2012-10-12 13,13,15852,5,0
2012-10-12 14,14,15828,5,0
2012-10-12 15,15,15831,5,0
2012-10-12 16,16,15806,5,0
2012-10-12 17,17,15698,5,0
2012-10-12 18,18,15931,5,0
2012-10-12 19,19,15499,5,0
2012-10-12 20,20,15166,5,0
2012-10-12 21,21,14651,5,0
2012-10-12 22,22,13883,5,0
2012-10-12 23,23,12907,5,0
2012-10-13 00,0,12094,6,1
2012-10-13 01,1,11567,6,1
2012-10-13 02,2,11097,6,1
2012-10-13 03,3,10905,6,1
2012-10-13 04,4,11017,6,1
2012-10-13 05,5,11235,6,1
2012-10-13 06,6,11515,6,1
2012-10-13 07,7,12522,6,1
2012-10-13 08,8,13922,6,1
2012-10-13 09,9,14905,6,1
2012-10-13 10,10,15209,6,1
2012-10-13 11,11,14542,6,1
2012-10-13 12,12,14301,6,1
2012-10-13 13,13,14475,6,1
2012-10-13 14,14,14481,6,1
2012-10-13 15,15,14412,6,1
2012-10-13 16,16,14650,6,1
2012-10-13 17,17,14913,6,1
2012-10-13 18,18,14888,6,1
2012-10-13 19,19,14648,6,1
2012-10-13 20,20,14393,6,1
2012-10-13 21,21,14000,6,1
2012-10-13 22,22,13441,6,1
2012-10-13 23,23,12512,6,1
2012-10-14 00,0,11744,7,1
2012-10-14 01,1,11180,7,1
2012-10-14 02,2,10958,7,1
2012-10-14 03,3,10706,7,1
2012-10-14 04,4,10563,7,1
2012-10-14 05,5,11023,7,1
2012-10-14 06,6,11047,7,1
2012-10-14 07,7,11816,7,1
2012-10-14 08,8,12699,7,1
2012-10-14 09,9,13706,7,1
2012-10-14 10,10,14008,7,1
2012-10-14 11,11,13757,7,1
2012-10-14 12,12,13458,7,1
2012-10-14 13,13,13582,7,1
2012-10-14 14,14,13420,7,1
2012-10-14 15,15,13445,7,1
2012-10-14 16,16,13816,7,1
2012-10-14 17,17,14312,7,1
2012-10-14 18,18,14454,7,1
2012-10-14 19,19,14219,7,1
2012-10-14 20,20,13864,7,1
2012-10-14 21,21,13601,7,1
2012-10-14 22,22,12805,7,1
2012-10-14 23,23,12146,7,1
2012-10-15 00,0,11298,1,0
2012-10-15 01,1,10861,1,0
2012-10-15 02,2,10525,1,0
2012-10-15 03,3,10274,1,0
2012-10-15 04,4,10327,1,0
2012-10-15 05,5,10844,1,0
2012-10-15 06,6,11448,1,0
2012-10-15 07,7,12922,1,0
2012-10-15 08,8,14898,1,0
2012-10-15 09,9,16049,1,0
2012-10-15 10,10,16491,1,0
2012-10-15 11,11,15842,1,0
2012-10-15 12,12,15413,1,0
2012-10-15 13,13,15582,1,0
2012-10-15 14,14,15549,1,0
2012-10-15 15,15,15608,1,0
2012-10-15 16,16,15718,1,0
2012-10-15 17,17,15877,1,0
2012-10-15 18,18,15868,1,0
2012-10-15 19,19,15603,1,0
2012-10-15 20,20,15110,1,0
2012-10-15 21,21,14550,1,0
2012-10-15 22,22,13754,1,0
2012-10-15 23,23,12879,1,0
2012-10-16 00,0,11932,2,0
2012-10-16 01,1,11362,2,0
2012-10-16 02,2,11141,2,0
2012-10-16 03,3,10897,2,0
2012-10-16 04,4,10997,2,0
2012-10-16 05,5,11559,2,0
2012-10-16 06,6,11986,2,0
2012-10-16 07,7,13365,2,0
2012-10-16 08,8,15217,2,0
2012-10-16 09,9,16151,2,0
2012-10-16 10,10,16588,2,0
2012-10-16 11,11,15969,2,0
2012-10-16 12,12,15579,2,0
2012-10-16 13,13,15850,2,0
2012-10-16 14,14,15818,2,0
2012-10-16 15,15,15823,2,0
2012-10-16 16,16,15833,2,0
2012-10-16 17,17,15977,2,0
2012-10-16 18,18,15988,2,0
2012-10-16 19,19,15687,2,0
2012-10-16 20,20,15087,2,0
2012-10-16 21,21,14547,2,0
2012-10-16 22,22,13910,2,0
2012-10-16 23,23,12749,2,0
2012-10-17 00,0,11956,3,0
2012-10-17 01,1,11486,3,0
2012-10-17 02,2,11116,3,0
2012-10-17 03,3,10965,3,0
2012-10-17 04,4,10891,3,0
2012-10-17 05,5,11668,3,0
2012-10-17 06,6,11804,3,0
2012-10-17 07,7,13179,3,0
2012-10-17 08,8,14863,3,0
2012-10-17 09,9,15678,3,0
2012-10-17 10,10,15973,3,0
2012-10-17 11,11,15598,3,0
2012-10-17 12,12,15308,3,0
2012-10-17 13,13,15488,3,0
2012-10-17 14,14,15382,3,0
2012-10-17 15,15,15455,3,0
2012-10-17 16,16,15479,3,0
2012-10-17 17,17,15622,3,0
2012-10-17 18,18,15768,3,0
2012-10-17 19,19,15335,3,0
2012-10-17 20,20,14705,3,0
2012-10-17 21,21,14342,3,0
2012-10-17 22,22,13830,3,0
2012-10-17 23,23,12833,3,0
2012-10-18 00,0,11951,4,0
2012-10-18 01,1,11597,4,0
2012-10-18 02,2,11387,4,0
2012-10-18 03,3,10939,4,0
2012-10-18 04,4,11000,4,0
2012-10-18 05,5,11658,4,0
2012-10-18 06,6,12034,4,0
2012-10-18 07,7,13364,4,0
2012-10-18 08,8,15084,4,0
2012-10-18 09,9,15872,4,0
2012-10-18 10,10,15795,4,0
2012-10-18 11,11,15565,4,0
2012-10-18 12,12,15477,4,0
2012-10-18 13,13,15749,4,0
2012-10-18 14,14,15715,4,0
2012-10-18 15,15,15716,4,0
2012-10-18 16,16,15730,4,0
2012-10-18 17,17,15732,4,0
2012-10-18 18,18,15755,4,0
2012-10-18 19,19,15448,4,0
2012-10-18 20,20,14912,4,0
2012-10-18 21,21,14467,4,0
2012-10-18 22,22,13877,4,0
2012-10-18 23,23,12842,4,0
2012-10-19 00,0,12082,5,0
2012-10-19 01,1,11226,5,0
2012-10-19 02,2,10915,5,0
2012-10-19 03,3,10706,5,0
2012-10-19 04,4,10736,5,0
2012-10-19 05,5,11277,5,0
2012-10-19 06,6,11663,5,0
2012-10-19 07,7,12839,5,0
2012-10-19 08,8,14727,5,0
2012-10-19 09,9,15505,5,0
2012-10-19 10,10,16014,5,0
2012-10-19 11,11,15398,5,0
2012-10-19 12,12,15085,5,0
2012-10-19 13,13,15250,5,0
2012-10-19 14,14,15325,5,0
2012-10-19 15,15,15316,5,0
2012-10-19 16,16,15491,5,0
2012-10-19 17,17,15566,5,0
2012-10-19 18,18,15613,5,0
2012-10-19 19,19,15182,5,0
2012-10-19 20,20,14778,5,0
2012-10-19 21,21,14406,5,0
2012-10-19 22,22,13665,5,0
2012-10-19 23,23,12709,5,0
2012-10-20 00,0,11625,6,1
2012-10-20 01,1,11078,6,1
2012-10-20 02,2,10640,6,1
2012-10-20 03,3,10426,6,1
2012-10-20 04,4,10482,6,1
2012-10-20 05,5,10801,6,1
2012-10-20 06,6,10969,6,1
2012-10-20 07,7,12143,6,1
2012-10-20 08,8,13467,6,1
2012-10-20 09,9,14505,6,1
2012-10-20 10,10,14717,6,1
2012-10-20 11,11,14411,6,1
2012-10-20 12,12,14119,6,1
2012-10-20 13,13,14155,6,1
2012-10-20 14,14,14245,6,1
2012-10-20 15,15,14196,6,1
2012-10-20 16,16,14388,6,1
2012-10-20 17,17,14586,6,1
2012-10-20 18,18,14700,6,1
2012-10-20 19,19,14395,6,1
2012-10-20 20,20,14107,6,1
2012-10-20 21,21,13734,6,1
2012-10-20 22,22,12901,6,1
2012-10-20 23,23,11969,6,1
2012-10-21 00,0,11256,7,1
2012-10-21 01,1,10688,7,1
2012-10-21 02,2,10464,7,1
2012-10-21 03,3,10306,7,1
2012-10-21 04,4,10345,7,1
2012-10-21 05,5,10660,7,1
2012-10-21 06,6,10721,7,1
2012-10-21 07,7,11566,7,1
2012-10-21 08,8,12552,7,1
2012-10-21 09,9,13505,7,1
2012-10-21 10,10,13787,7,1
2012-10-21 11,11,13775,7,1
2012-10-21 12,12,13244,7,1
2012-10-21 13,13,13358,7,1
2012-10-21 14,14,13206,7,1
2012-10-21 15,15,13385,7,1
2012-10-21 16,16,13631,7,1
2012-10-21 17,17,14088,7,1
2012-10-21 18,18,14261,7,1
2012-10-21 19,19,14067,7,1
2012-10-21 20,20,13703,7,1
2012-10-21 21,21,13375,7,1
2012-10-21 22,22,12730,7,1
2012-10-21 23,23,11669,7,1
2012-10-22 00,0,10902,1,0
2012-10-22 01,1,10557,1,0
2012-10-22 02,2,10230,1,0
2012-10-22 03,3,10029,1,0
2012-10-22 04,4,9902,1,0
2012-10-22 05,5,10577,1,0
2012-10-22 06,6,11066,1,0
2012-10-22 07,7,12743,1,0
2012-10-22 08,8,14630,1,0
2012-10-22 09,9,15901,1,0
2012-10-22 10,10,16367,1,0
2012-10-22 11,11,15755,1,0
2012-10-22 12,12,15350,1,0
2012-10-22 13,13,15540,1,0
2012-10-22 14,14,15575,1,0
2012-10-22 15,15,15566,1,0
2012-10-22 16,16,15590,1,0
2012-10-22 17,17,15609,1,0
2012-10-22 18,18,15702,1,0
2012-10-22 19,19,15181,1,0
2012-10-22 20,20,14721,1,0
2012-10-22 21,21,14268,1,0
2012-10-22 22,22,13545,1,0
2012-10-22 23,23,12531,1,0
2012-10-23 00,0,11677,2,0
2012-10-23 01,1,11044,2,0
2012-10-23 02,2,10675,2,0
2012-10-23 03,3,10486,2,0
2012-10-23 04,4,10494,2,0
2012-10-23 05,5,11053,2,0
2012-10-23 06,6,11613,2,0
2012-10-23 07,7,12874,2,0
2012-10-23 08,8,14723,2,0
2012-10-23 09,9,15592,2,0
2012-10-23 10,10,15870,2,0
2012-10-23 11,11,15431,2,0
2012-10-23 12,12,15296,2,0
2012-10-23 13,13,15535,2,0
2012-10-23 14,14,15494,2,0
2012-10-23 15,15,15486,2,0
2012-10-23 16,16,15719,2,0
2012-10-23 17,17,15862,2,0
2012-10-23 18,18,15858,2,0
2012-10-23 19,19,15386,2,0
2012-10-23 20,20,14929,2,0
2012-10-23 21,21,14346,2,0
2012-10-23 22,22,13658,2,0
2012-10-23 23,23,12626,2,0
2012-10-24 00,0,11739,3,0
2012-10-24 01,1,11428,3,0
2012-10-24 02,2,10983,3,0
2012-10-24 03,3,10835,3,0
2012-10-24 04,4,10874,3,0
2012-10-24 05,5,11255,3,0
2012-10-24 06,6,11720,3,0
2012-10-24 07,7,13097,3,0
2012-10-24 08,8,14847,3,0
2012-10-24 09,9,15814,3,0
2012-10-24 10,10,16031,3,0
2012-10-24 11,11,15601,3,0
2012-10-24 12,12,15325,3,0
2012-10-24 13,13,15586,3,0
2012-10-24 14,14,15570,3,0
2012-10-24 15,15,15496,3,0
2012-10-24 16,16,15637,3,0
2012-10-24 17,17,15875,3,0
2012-10-24 18,18,15799,3,0
2012-10-24 19,19,15455,3,0
2012-10-24 20,20,14926,3,0
2012-10-24 21,21,14378,3,0
2012-10-24 22,22,13678,3,0
2012-10-24 23,23,12733,3,0
2012-10-25 00,0,11785,4,0
2012-10-25 01,1,11278,4,0
2012-10-25 02,2,11000,4,0
2012-10-25 03,3,10769,4,0
2012-10-25 04,4,10874,4,0
2012-10-25 05,5,11268,4,0
2012-10-25 06,6,11574,4,0
2012-10-25 07,7,13182,4,0
2012-10-25 08,8,14931,4,0
2012-10-25 09,9,15938,4,0
2012-10-25 10,10,16214,4,0
2012-10-25 11,11,16000,4,0
2012-10-25 12,12,15411,4,0
2012-10-25 13,13,15724,4,0
2012-10-25 14,14,15809,4,0
2012-10-25 15,15,15789,4,0
2012-10-25 16,16,16051,4,0
2012-10-25 17,17,15986,4,0
2012-10-25 18,18,16031,4,0
2012-10-25 19,19,15520,4,0
2012-10-25 20,20,15080,4,0
2012-10-25 21,21,14453,4,0
2012-10-25 22,22,13798,4,0
2012-10-25 23,23,12821,4,0
2012-10-26 00,0,11931,5,0
2012-10-26 01,1,11160,5,0
2012-10-26 02,2,10806,5,0
2012-10-26 03,3,10660,5,0
2012-10-26 04,4,10753,5,0
2012-10-26 05,5,11351,5,0
2012-10-26 06,6,11767,5,0
2012-10-26 07,7,12995,5,0
2012-10-26 08,8,14871,5,0
2012-10-26 09,9,15846,5,0
2012-10-26 10,10,16341,5,0
2012-10-26 11,11,15644,5,0
2012-10-26 12,12,15481,5,0
2012-10-26 13,13,15629,5,0
2012-10-26 14,14,15670,5,0
2012-10-26 15,15,15601,5,0
2012-10-26 16,16,15699,5,0
2012-10-26 17,17,16035,5,0
2012-10-26 18,18,16026,5,0
2012-10-26 19,19,15484,5,0
2012-10-26 20,20,15091,5,0
2012-10-26 21,21,14509,5,0
2012-10-26 22,22,13756,5,0
2012-10-26 23,23,12810,5,0
2012-10-27 00,0,11934,6,1
2012-10-27 01,1,11473,6,1
2012-10-27 02,2,11119,6,1
2012-10-27 03,3,10800,6,1
2012-10-27 04,4,10786,6,1
2012-10-27 05,5,11144,6,1
2012-10-27 06,6,11322,6,1
2012-10-27 07,7,12404,6,1
2012-10-27 08,8,13787,6,1
2012-10-27 09,9,14808,6,1
2012-10-27 10,10,15101,6,1
2012-10-27 11,11,14869,6,1
2012-10-27 12,12,14467,6,1
2012-10-27 13,13,14485,6,1
2012-10-27 14,14,14521,6,1
2012-10-27 15,15,14490,6,1
2012-10-27 16,16,14781,6,1
2012-10-27 17,17,14991,6,1
2012-10-27 18,18,14857,6,1
2012-10-27 19,19,14636,6,1
2012-10-27 20,20,14271,6,1
2012-10-27 21,21,14033,6,1
2012-10-27 22,22,13280,6,1
2012-10-27 23,23,12393,6,1
2012-10-28 00,0,11605,7,1
2012-10-28 01,1,11060,7,1
2012-10-28 02,2,10568,7,1
2012-10-28 03,3,10314,7,1
2012-10-28 04,4,10338,7,1
2012-10-28 05,5,10664,7,1
2012-10-28 06,6,10624,7,1
2012-10-28 07,7,11497,7,1
2012-10-28 08,8,12525,7,1
2012-10-28 09,9,13333,7,1
2012-10-28 10,10,13682,7,1
2012-10-28 11,11,13735,7,1
2012-10-28 12,12,13191,7,1
2012-10-28 13,13,13332,7,1
2012-10-28 14,14,13211,7,1
2012-10-28 15,15,13355,7,1
2012-10-28 16,16,13781,7,1
2012-10-28 17,17,14165,7,1
2012-10-28 18,18,14214,7,1
2012-10-28 19,19,14208,7,1
2012-10-28 20,20,13920,7,1
2012-10-28 21,21,13413,7,1
2012-10-28 22,22,12641,7,1
2012-10-28 23,23,11945,7,1
2012-10-29 00,0,11081,1,0
2012-10-29 01,1,10717,1,0
2012-10-29 02,2,10313,1,0
2012-10-29 03,3,10232,1,0
2012-10-29 04,4,10326,1,0
2012-10-29 05,5,10880,1,0
2012-10-29 06,6,11630,1,0
2012-10-29 07,7,12910,1,0
2012-10-29 08,8,14663,1,0
2012-10-29 09,9,15589,1,0
2012-10-29 10,10,15998,1,0
2012-10-29 11,11,15442,1,0
2012-10-29 12,12,15091,1,0
2012-10-29 13,13,15454,1,0
2012-10-29 14,14,15465,1,0
2012-10-29 15,15,15648,1,0
2012-10-29 16,16,15723,1,0
2012-10-29 17,17,15862,1,0
2012-10-29 18,18,15737,1,0
2012-10-29 19,19,15488,1,0
2012-10-29 20,20,14764,1,0
2012-10-29 21,21,14356,1,0
2012-10-29 22,22,13616,1,0
2012-10-29 23,23,12655,1,0
2012-10-30 00,0,11601,2,0
2012-10-30 01,1,11106,2,0
2012-10-30 02,2,10730,2,0
2012-10-30 03,3,10604,2,0
2012-10-30 04,4,10642,2,0
2012-10-30 05,5,11153,2,0
2012-10-30 06,6,11684,2,0
2012-10-30 07,7,12908,2,0
2012-10-30 08,8,14690,2,0
2012-10-30 09,9,15785,2,0
2012-10-30 10,10,16330,2,0
2012-10-30 11,11,15565,2,0
2012-10-30 12,12,15030,2,0
2012-10-30 13,13,15273,2,0
2012-10-30 14,14,15299,2,0
2012-10-30 15,15,15420,2,0
2012-10-30 16,16,15617,2,0
2012-10-30 17,17,15826,2,0
2012-10-30 18,18,15779,2,0
2012-10-30 19,19,15323,2,0
2012-10-30 20,20,14891,2,0
2012-10-30 21,21,14362,2,0
2012-10-30 22,22,13635,2,0
2012-10-30 23,23,12749,2,0
2012-10-31 00,0,11768,3,0
2012-10-31 01,1,11190,3,0
2012-10-31 02,2,10832,3,0
2012-10-31 03,3,10745,3,0
2012-10-31 04,4,10777,3,0
2012-10-31 05,5,11172,3,0
2012-10-31 06,6,11696,3,0
2012-10-31 07,7,13009,3,0
2012-10-31 08,8,14723,3,0
2012-10-31 09,9,15704,3,0
2012-10-31 10,10,15755,3,0
2012-10-31 11,11,15519,3,0
2012-10-31 12,12,15132,3,0
2012-10-31 13,13,15353,3,0
2012-10-31 14,14,15348,3,0
2012-10-31 15,15,15573,3,0
2012-10-31 16,16,15497,3,0
2012-10-31 17,17,15834,3,0
2012-10-31 18,18,15739,3,0
2012-10-31 19,19,15342,3,0
2012-10-31 20,20,14688,3,0
2012-10-31 21,21,14233,3,0
2012-10-31 22,22,13724,3,0
2012-10-31 23,23,12497,3,0
2012-11-01 00,0,11798,4,0
2012-11-01 01,1,11241,4,0
2012-11-01 02,2,10887,4,0
2012-11-01 03,3,10717,4,0
2012-11-01 04,4,10844,4,0
2012-11-01 05,5,11263,4,0
2012-11-01 06,6,11843,4,0
2012-11-01 07,7,13111,4,0
2012-11-01 08,8,14630,4,0
2012-11-01 09,9,15449,4,0
2012-11-01 10,10,15725,4,0
2012-11-01 11,11,15351,4,0
2012-11-01 12,12,14913,4,0
2012-11-01 13,13,15352,4,0
2012-11-01 14,14,15095,4,0
2012-11-01 15,15,15310,4,0
2012-11-01 16,16,15503,4,0
2012-11-01 17,17,15718,4,0
2012-11-01 18,18,15589,4,0
2012-11-01 19,19,15303,4,0
2012-11-01 20,20,14828,4,0
2012-11-01 21,21,14500,4,0
2012-11-01 22,22,13763,4,0
2012-11-01 23,23,12797,4,0
2012-11-02 00,0,11739,5,0
2012-11-02 01,1,11083,5,0
2012-11-02 02,2,10840,5,0
2012-11-02 03,3,10613,5,0
2012-11-02 04,4,10676,5,0
2012-11-02 05,5,11299,5,0
2012-11-02 06,6,11698,5,0
2012-11-02 07,7,12903,5,0
2012-11-02 08,8,14537,5,0
2012-11-02 09,9,15464,5,0
2012-11-02 10,10,15992,5,0
2012-11-02 11,11,15305,5,0
2012-11-02 12,12,15007,5,0
2012-11-02 13,13,15310,5,0
2012-11-02 14,14,15119,5,0
2012-11-02 15,15,15316,5,0
2012-11-02 16,16,15532,5,0
2012-11-02 17,17,15669,5,0
2012-11-02 18,18,15563,5,0
2012-11-02 19,19,15111,5,0
2012-11-02 20,20,14755,5,0
2012-11-02 21,21,14357,5,0
2012-11-02 22,22,13685,5,0
2012-11-02 23,23,12590,5,0
2012-11-03 00,0,11625,6,1
2012-11-03 01,1,11251,6,1
2012-11-03 02,2,10789,6,1
2012-11-03 03,3,10632,6,1
2012-11-03 04,4,10594,6,1
2012-11-03 05,5,10990,6,1
2012-11-03 06,6,11231,6,1
2012-11-03 07,7,12097,6,1
2012-11-03 08,8,13772,6,1
2012-11-03 09,9,14346,6,1
2012-11-03 10,10,14805,6,1
2012-11-03 11,11,14566,6,1
2012-11-03 12,12,13931,6,1
2012-11-03 13,13,14186,6,1
2012-11-03 14,14,14070,6,1
2012-11-03 15,15,14078,6,1
2012-11-03 16,16,14578,6,1
2012-11-03 17,17,14808,6,1
2012-11-03 18,18,14617,6,1
2012-11-03 19,19,14370,6,1
2012-11-03 20,20,14043,6,1
2012-11-03 21,21,13780,6,1
2012-11-03 22,22,13198,6,1
2012-11-03 23,23,12320,6,1
2012-11-04 00,0,11476,7,1
2012-11-04 01,1,10849,7,1
2012-11-04 02,2,10640,7,1
2012-11-04 03,3,10275,7,1
2012-11-04 04,4,10180,7,1
2012-11-04 05,5,10619,7,1
2012-11-04 06,6,10639,7,1
2012-11-04 07,7,11494,7,1
2012-11-04 08,8,12595,7,1
2012-11-04 09,9,13258,7,1
2012-11-04 10,10,13654,7,1
2012-11-04 11,11,13764,7,1
2012-11-04 12,12,13203,7,1
2012-11-04 13,13,13201,7,1
2012-11-04 14,14,13096,7,1
2012-11-04 15,15,13213,7,1
2012-11-04 16,16,13583,7,1
2012-11-04 17,17,14310,7,1
2012-11-04 18,18,14134,7,1
2012-11-04 19,19,13895,7,1
2012-11-04 20,20,13785,7,1
2012-11-04 21,21,13308,7,1
2012-11-04 22,22,12612,7,1
2012-11-04 23,23,11821,7,1
2012-11-05 00,0,11080,1,0
2012-11-05 01,1,10388,1,0
2012-11-05 02,2,10152,1,0
2012-11-05 03,3,10023,1,0
2012-11-05 04,4,10151,1,0
2012-11-05 05,5,10681,1,0
2012-11-05 06,6,11368,1,0
2012-11-05 07,7,12737,1,0
2012-11-05 08,8,14530,1,0
2012-11-05 09,9,15625,1,0
2012-11-05 10,10,15846,1,0
2012-11-05 11,11,15521,1,0
2012-11-05 12,12,15078,1,0
2012-11-05 13,13,15399,1,0
2012-11-05 14,14,15358,1,0
2012-11-05 15,15,15649,1,0
2012-11-05 16,16,15774,1,0
2012-11-05 17,17,16039,1,0
2012-11-05 18,18,15839,1,0
2012-11-05 19,19,15417,1,0
2012-11-05 20,20,15021,1,0
2012-11-05 21,21,14568,1,0
2012-11-05 22,22,13765,1,0
2012-11-05 23,23,12849,1,0
2012-11-06 00,0,11598,2,0
2012-11-06 01,1,11213,2,0
2012-11-06 02,2,10827,2,0
2012-11-06 03,3,10528,2,0
2012-11-06 04,4,10676,2,0
2012-11-06 05,5,11181,2,0
2012-11-06 06,6,11651,2,0
2012-11-06 07,7,13050,2,0
2012-11-06 08,8,14771,2,0
2012-11-06 09,9,15688,2,0
2012-11-06 10,10,16042,2,0
2012-11-06 11,11,15715,2,0
2012-11-06 12,12,15477,2,0
2012-11-06 13,13,15628,2,0
2012-11-06 14,14,15606,2,0
2012-11-06 15,15,15637,2,0
2012-11-06 16,16,15804,2,0
2012-11-06 17,17,16131,2,0
2012-11-06 18,18,16070,2,0
2012-11-06 19,19,15713,2,0
2012-11-06 20,20,15136,2,0
2012-11-06 21,21,14784,2,0
2012-11-06 22,22,13823,2,0
2012-11-06 23,23,12821,2,0
2012-11-07 00,0,11928,3,0
2012-11-07 01,1,11242,3,0
2012-11-07 02,2,10887,3,0
2012-11-07 03,3,10714,3,0
2012-11-07 04,4,10844,3,0
2012-11-07 05,5,11260,3,0
2012-11-07 06,6,11781,3,0
2012-11-07 07,7,13214,3,0
2012-11-07 08,8,14902,3,0
2012-11-07 09,9,15748,3,0
2012-11-07 10,10,16142,3,0
2012-11-07 11,11,15755,3,0
2012-11-07 12,12,15309,3,0
2012-11-07 13,13,15471,3,0
2012-11-07 14,14,15272,3,0
2012-11-07 15,15,15415,3,0
2012-11-07 16,16,15867,3,0
2012-11-07 17,17,16019,3,0
2012-11-07 18,18,15797,3,0
2012-11-07 19,19,15602,3,0
2012-11-07 20,20,15156,3,0
2012-11-07 21,21,14734,3,0
2012-11-07 22,22,14033,3,0
2012-11-07 23,23,12917,3,0
2012-11-08 00,0,11767,4,0
2012-11-08 01,1,11375,4,0
2012-11-08 02,2,11080,4,0
2012-11-08 03,3,10998,4,0
2012-11-08 04,4,10982,4,0
2012-11-08 05,5,11521,4,0
2012-11-08 06,6,11921,4,0
2012-11-08 07,7,13142,4,0
2012-11-08 08,8,14836,4,0
2012-11-08 09,9,15847,4,0
2012-11-08 10,10,16312,4,0
2012-11-08 11,11,15616,4,0
2012-11-08 12,12,15202,4,0
2012-11-08 13,13,15461,4,0
2012-11-08 14,14,15493,4,0
2012-11-08 15,15,15537,4,0
2012-11-08 16,16,15837,4,0
2012-11-08 17,17,16189,4,0
2012-11-08 18,18,16003,4,0
2012-11-08 19,19,15721,4,0
2012-11-08 20,20,15286,4,0
2012-11-08 21,21,14839,4,0
2012-11-08 22,22,13914,4,0
2012-11-08 23,23,13031,4,0
2012-11-09 00,0,12026,5,0
2012-11-09 01,1,11401,5,0
2012-11-09 02,2,11042,5,0
2012-11-09 03,3,10777,5,0
2012-11-09 04,4,10752,5,0
2012-11-09 05,5,11466,5,0
2012-11-09 06,6,12058,5,0
2012-11-09 07,7,13175,5,0
2012-11-09 08,8,14975,5,0
2012-11-09 09,9,15966,5,0
2012-11-09 10,10,16565,5,0
2012-11-09 11,11,15638,5,0
2012-11-09 12,12,15425,5,0
2012-11-09 13,13,15647,5,0
2012-11-09 14,14,15586,5,0
2012-11-09 15,15,15641,5,0
2012-11-09 16,16,16012,5,0
2012-11-09 17,17,16160,5,0
2012-11-09 18,18,16045,5,0
2012-11-09 19,19,15580,5,0
2012-11-09 20,20,15244,5,0
2012-11-09 21,21,14908,5,0
2012-11-09 22,22,14037,5,0
2012-11-09 23,23,12974,5,0
2012-11-10 00,0,11902,6,1
2012-11-10 01,1,11608,6,1
2012-11-10 02,2,11276,6,1
2012-11-10 03,3,10871,6,1
2012-11-10 04,4,10960,6,1
2012-11-10 05,5,11159,6,1
2012-11-10 06,6,11490,6,1
2012-11-10 07,7,12539,6,1
2012-11-10 08,8,14003,6,1
2012-11-10 09,9,14712,6,1
2012-11-10 10,10,15211,6,1
2012-11-10 11,11,14818,6,1
2012-11-10 12,12,14566,6,1
2012-11-10 13,13,14649,6,1
2012-11-10 14,14,14581,6,1
2012-11-10 15,15,14619,6,1
2012-11-10 16,16,14992,6,1
2012-11-10 17,17,15164,6,1
2012-11-10 18,18,15086,6,1
2012-11-10 19,19,14822,6,1
2012-11-10 20,20,14482,6,1
2012-11-10 21,21,14161,6,1
2012-11-10 22,22,13380,6,1
2012-11-10 23,23,12449,6,1
2012-11-11 00,0,11698,7,1
2012-11-11 01,1,11155,7,1
2012-11-11 02,2,10746,7,1
2012-11-11 03,3,10471,7,1
2012-11-11 04,4,10407,7,1
2012-11-11 05,5,10681,7,1
2012-11-11 06,6,10740,7,1
2012-11-11 07,7,11480,7,1
2012-11-11 08,8,12735,7,1
2012-11-11 09,9,13379,7,1
2012-11-11 10,10,13855,7,1
2012-11-11 11,11,13583,7,1
2012-11-11 12,12,13168,7,1
2012-11-11 13,13,13227,7,1
2012-11-11 14,14,13069,7,1
2012-11-11 15,15,13293,7,1
2012-11-11 16,16,13960,7,1
2012-11-11 17,17,14501,7,1
2012-11-11 18,18,14432,7,1
2012-11-11 19,19,14097,7,1
2012-11-11 20,20,13926,7,1
2012-11-11 21,21,13511,7,1
2012-11-11 22,22,12765,7,1
2012-11-11 23,23,11707,7,1
2012-11-12 00,0,10750,1,0
2012-11-12 01,1,10412,1,0
2012-11-12 02,2,10087,1,0
2012-11-12 03,3,10090,1,0
2012-11-12 04,4,10286,1,0
2012-11-12 05,5,10694,1,0
2012-11-12 06,6,11414,1,0
2012-11-12 07,7,12910,1,0
2012-11-12 08,8,14733,1,0
2012-11-12 09,9,15806,1,0
2012-11-12 10,10,16317,1,0
2012-11-12 11,11,15819,1,0
2012-11-12 12,12,15214,1,0
2012-11-12 13,13,15427,1,0
2012-11-12 14,14,15347,1,0
2012-11-12 15,15,15634,1,0
2012-11-12 16,16,15823,1,0
2012-11-12 17,17,16368,1,0
2012-11-12 18,18,16214,1,0
2012-11-12 19,19,15866,1,0
2012-11-12 20,20,15422,1,0
2012-11-12 21,21,14852,1,0
2012-11-12 22,22,14101,1,0
2012-11-12 23,23,12890,1,0
2012-11-13 00,0,11908,2,0
2012-11-13 01,1,11291,2,0
2012-11-13 02,2,11046,2,0
2012-11-13 03,3,10919,2,0
2012-11-13 04,4,10821,2,0
2012-11-13 05,5,11534,2,0
2012-11-13 06,6,11998,2,0
2012-11-13 07,7,13184,2,0
2012-11-13 08,8,14858,2,0
2012-11-13 09,9,15978,2,0
2012-11-13 10,10,16431,2,0
2012-11-13 11,11,15632,2,0
2012-11-13 12,12,15121,2,0
2012-11-13 13,13,15320,2,0
2012-11-13 14,14,15223,2,0
2012-11-13 15,15,15541,2,0
2012-11-13 16,16,15841,2,0
2012-11-13 17,17,16371,2,0
2012-11-13 18,18,16126,2,0
2012-11-13 19,19,15518,2,0
2012-11-13 20,20,15175,2,0
2012-11-13 21,21,14780,2,0
2012-11-13 22,22,14035,2,0
2012-11-13 23,23,12923,2,0
2012-11-14 00,0,11923,3,0
2012-11-14 01,1,11382,3,0
2012-11-14 02,2,11151,3,0
2012-11-14 03,3,10975,3,0
2012-11-14 04,4,10912,3,0
2012-11-14 05,5,11671,3,0
2012-11-14 06,6,12069,3,0
2012-11-14 07,7,13230,3,0
2012-11-14 08,8,15028,3,0
2012-11-14 09,9,16048,3,0
2012-11-14 10,10,16480,3,0
2012-11-14 11,11,15776,3,0
2012-11-14 12,12,15300,3,0
2012-11-14 13,13,15507,3,0
2012-11-14 14,14,15497,3,0
2012-11-14 15,15,15640,3,0
2012-11-14 16,16,15836,3,0
2012-11-14 17,17,16331,3,0
2012-11-14 18,18,16283,3,0
2012-11-14 19,19,15502,3,0
2012-11-14 20,20,15235,3,0
2012-11-14 21,21,14904,3,0
2012-11-14 22,22,14003,3,0
2012-11-14 23,23,12922,3,0
2012-11-15 00,0,11924,4,0
2012-11-15 01,1,11385,4,0
2012-11-15 02,2,11151,4,0
2012-11-15 03,3,10975,4,0
2012-11-15 04,4,10963,4,0
2012-11-15 05,5,11676,4,0
2012-11-15 06,6,12268,4,0
2012-11-15 07,7,13489,4,0
2012-11-15 08,8,15282,4,0
2012-11-15 09,9,16224,4,0
2012-11-15 10,10,16543,4,0
2012-11-15 11,11,15945,4,0
2012-11-15 12,12,15366,4,0
2012-11-15 13,13,15579,4,0
2012-11-15 14,14,15483,4,0
2012-11-15 15,15,15715,4,0
2012-11-15 16,16,16051,4,0
2012-11-15 17,17,16470,4,0
2012-11-15 18,18,16288,4,0
2012-11-15 19,19,15916,4,0
2012-11-15 20,20,15501,4,0
2012-11-15 21,21,15157,4,0
2012-11-15 22,22,14195,4,0
2012-11-15 23,23,13143,4,0
2012-11-16 00,0,12131,5,0
2012-11-16 01,1,11706,5,0
2012-11-16 02,2,11257,5,0
2012-11-16 03,3,11058,5,0
2012-11-16 04,4,11033,5,0
2012-11-16 05,5,11765,5,0
2012-11-16 06,6,12273,5,0
2012-11-16 07,7,13434,5,0
2012-11-16 08,8,15282,5,0
2012-11-16 09,9,16549,5,0
2012-11-16 10,10,16906,5,0
2012-11-16 11,11,16257,5,0
2012-11-16 12,12,15674,5,0
2012-11-16 13,13,15946,5,0
2012-11-16 14,14,15900,5,0
2012-11-16 15,15,15871,5,0
2012-11-16 16,16,16271,5,0
2012-11-16 17,17,16368,5,0
2012-11-16 18,18,16163,5,0
2012-11-16 19,19,16020,5,0
2012-11-16 20,20,15481,5,0
2012-11-16 21,21,14997,5,0
2012-11-16 22,22,14300,5,0
2012-11-16 23,23,13212,5,0
2012-11-17 00,0,12151,6,1
2012-11-17 01,1,11687,6,1
2012-11-17 02,2,11215,6,1
2012-11-17 03,3,11123,6,1
2012-11-17 04,4,11121,6,1
2012-11-17 05,5,11363,6,1
2012-11-17 06,6,11522,6,1
2012-11-17 07,7,12686,6,1
2012-11-17 08,8,14025,6,1
2012-11-17 09,9,14979,6,1
2012-11-17 10,10,15296,6,1
2012-11-17 11,11,15060,6,1
2012-11-17 12,12,14622,6,1
2012-11-17 13,13,14754,6,1
2012-11-17 14,14,14527,6,1
2012-11-17 15,15,14860,6,1
2012-11-17 16,16,15268,6,1
2012-11-17 17,17,15559,6,1
2012-11-17 18,18,15381,6,1
2012-11-17 19,19,15026,6,1
2012-11-17 20,20,14699,6,1
2012-11-17 21,21,14443,6,1
2012-11-17 22,22,13671,6,1
2012-11-17 23,23,12738,6,1
2012-11-18 00,0,11709,7,1
2012-11-18 01,1,11270,7,1
2012-11-18 02,2,10776,7,1
2012-11-18 03,3,10621,7,1
2012-11-18 04,4,10615,7,1
2012-11-18 05,5,11050,7,1
2012-11-18 06,6,11047,7,1
2012-11-18 07,7,11811,7,1
2012-11-18 08,8,12876,7,1
2012-11-18 09,9,13724,7,1
2012-11-18 10,10,13908,7,1
2012-11-18 11,11,13903,7,1
2012-11-18 12,12,13324,7,1
2012-11-18 13,13,13288,7,1
2012-11-18 14,14,13106,7,1
2012-11-18 15,15,13437,7,1
2012-11-18 16,16,13998,7,1
2012-11-18 17,17,14604,7,1
2012-11-18 18,18,14484,7,1
2012-11-18 19,19,14270,7,1
2012-11-18 20,20,14081,7,1
2012-11-18 21,21,13821,7,1
2012-11-18 22,22,13131,7,1
2012-11-18 23,23,12172,7,1
2012-11-19 00,0,11235,1,0
2012-11-19 01,1,10696,1,0
2012-11-19 02,2,10332,1,0
2012-11-19 03,3,10196,1,0
2012-11-19 04,4,10317,1,0
2012-11-19 05,5,11031,1,0
2012-11-19 06,6,11802,1,0
2012-11-19 07,7,13200,1,0
2012-11-19 08,8,14983,1,0
2012-11-19 09,9,16273,1,0
2012-11-19 10,10,16620,1,0
2012-11-19 11,11,16121,1,0
2012-11-19 12,12,15547,1,0
2012-11-19 13,13,15672,1,0
2012-11-19 14,14,15564,1,0
2012-11-19 15,15,15685,1,0
2012-11-19 16,16,15925,1,0
2012-11-19 17,17,16595,1,0
2012-11-19 18,18,16314,1,0
2012-11-19 19,19,15864,1,0
2012-11-19 20,20,15499,1,0
2012-11-19 21,21,14953,1,0
2012-11-19 22,22,14188,1,0
2012-11-19 23,23,13091,1,0
2012-11-20 00,0,12004,2,0
2012-11-20 01,1,11399,2,0
2012-11-20 02,2,11146,2,0
2012-11-20 03,3,10965,2,0
2012-11-20 04,4,10913,2,0
2012-11-20 05,5,11670,2,0
2012-11-20 06,6,12266,2,0
2012-11-20 07,7,13371,2,0
2012-11-20 08,8,15401,2,0
2012-11-20 09,9,16114,2,0
2012-11-20 10,10,16456,2,0
2012-11-20 11,11,16019,2,0
2012-11-20 12,12,15600,2,0
2012-11-20 13,13,15794,2,0
2012-11-20 14,14,15828,2,0
2012-11-20 15,15,15910,2,0
2012-11-20 16,16,16182,2,0
2012-11-20 17,17,16731,2,0
2012-11-20 18,18,16391,2,0
2012-11-20 19,19,15941,2,0
2012-11-20 20,20,15486,2,0
2012-11-20 21,21,15208,2,0
2012-11-20 22,22,14109,2,0
2012-11-20 23,23,13143,2,0
2012-11-21 00,0,12129,3,0
2012-11-21 01,1,11651,3,0
2012-11-21 02,2,11252,3,0
2012-11-21 03,3,11059,3,0
2012-11-21 04,4,11042,3,0
2012-11-21 05,5,11682,3,0
2012-11-21 06,6,12255,3,0
2012-11-21 07,7,13460,3,0
2012-11-21 08,8,15410,3,0
2012-11-21 09,9,16590,3,0
2012-11-21 10,10,17148,3,0
2012-11-21 11,11,16501,3,0
2012-11-21 12,12,15764,3,0
2012-11-21 13,13,15936,3,0
2012-11-21 14,14,15882,3,0
2012-11-21 15,15,16066,3,0
2012-11-21 16,16,16337,3,0
2012-11-21 17,17,16434,3,0
2012-11-21 18,18,16347,3,0
2012-11-21 19,19,16145,3,0
2012-11-21 20,20,15604,3,0
2012-11-21 21,21,15249,3,0
2012-11-21 22,22,14409,3,0
2012-11-21 23,23,13214,3,0
2012-11-22 00,0,12064,4,0
2012-11-22 01,1,11603,4,0
2012-11-22 02,2,11278,4,0
2012-11-22 03,3,11033,4,0
2012-11-22 04,4,11020,4,0
2012-11-22 05,5,11554,4,0
2012-11-22 06,6,12240,4,0
2012-11-22 07,7,13690,4,0
2012-11-22 08,8,15422,4,0
2012-11-22 09,9,16632,4,0
2012-11-22 10,10,16940,4,0
2012-11-22 11,11,16373,4,0
2012-11-22 12,12,15948,4,0
2012-11-22 13,13,16068,4,0
2012-11-22 14,14,16240,4,0
2012-11-22 15,15,16314,4,0
2012-11-22 16,16,16538,4,0
2012-11-22 17,17,16904,4,0
2012-11-22 18,18,16648,4,0
2012-11-22 19,19,16107,4,0
2012-11-22 20,20,15689,4,0
2012-11-22 21,21,15241,4,0
2012-11-22 22,22,14489,4,0
2012-11-22 23,23,13411,4,0
2012-11-23 00,0,12289,5,0
2012-11-23 01,1,11615,5,0
2012-11-23 02,2,11219,5,0
2012-11-23 03,3,11063,5,0
2012-11-23 04,4,11051,5,0
2012-11-23 05,5,11554,5,0
2012-11-23 06,6,12276,5,0
2012-11-23 07,7,13710,5,0
2012-11-23 08,8,15422,5,0
2012-11-23 09,9,16971,5,0
2012-11-23 10,10,17499,5,0
2012-11-23 11,11,17071,5,0
2012-11-23 12,12,16024,5,0
2012-11-23 13,13,16359,5,0
2012-11-23 14,14,16479,5,0
2012-11-23 15,15,16623,5,0
2012-11-23 16,16,16954,5,0
2012-11-23 17,17,16894,5,0
2012-11-23 18,18,16574,5,0
2012-11-23 19,19,16321,5,0
2012-11-23 20,20,15859,5,0
2012-11-23 21,21,15351,5,0
2012-11-23 22,22,14571,5,0
2012-11-23 23,23,13484,5,0
2012-11-24 00,0,12355,6,1
2012-11-24 01,1,11992,6,1
2012-11-24 02,2,11562,6,1
2012-11-24 03,3,11320,6,1
2012-11-24 04,4,11290,6,1
2012-11-24 05,5,11608,6,1
2012-11-24 06,6,11822,6,1
2012-11-24 07,7,13035,6,1
2012-11-24 08,8,14492,6,1
2012-11-24 09,9,15437,6,1
2012-11-24 10,10,15470,6,1
2012-11-24 11,11,15306,6,1
2012-11-24 12,12,14799,6,1
2012-11-24 13,13,14978,6,1
2012-11-24 14,14,14885,6,1
2012-11-24 15,15,15055,6,1
2012-11-24 16,16,15453,6,1
2012-11-24 17,17,15933,6,1
2012-11-24 18,18,15952,6,1
2012-11-24 19,19,15620,6,1
2012-11-24 20,20,15349,6,1
2012-11-24 21,21,15007,6,1
2012-11-24 22,22,14367,6,1
2012-11-24 23,23,13403,6,1
2012-11-25 00,0,12290,7,1
2012-11-25 01,1,11530,7,1
2012-11-25 02,2,11124,7,1
2012-11-25 03,3,10871,7,1
2012-11-25 04,4,10871,7,1
2012-11-25 05,5,11250,7,1
2012-11-25 06,6,11290,7,1
2012-11-25 07,7,12080,7,1
2012-11-25 08,8,13138,7,1
2012-11-25 09,9,13914,7,1
2012-11-25 10,10,14150,7,1
2012-11-25 11,11,13919,7,1
2012-11-25 12,12,13579,7,1
2012-11-25 13,13,13638,7,1
2012-11-25 14,14,13434,7,1
2012-11-25 15,15,13642,7,1
2012-11-25 16,16,14305,7,1
2012-11-25 17,17,14906,7,1
2012-11-25 18,18,14760,7,1
2012-11-25 19,19,14559,7,1
2012-11-25 20,20,14411,7,1
2012-11-25 21,21,14224,7,1
2012-11-25 22,22,13673,7,1
2012-11-25 23,23,12782,7,1
2012-11-26 00,0,11813,1,0
2012-11-26 01,1,11290,1,0
2012-11-26 02,2,10802,1,0
2012-11-26 03,3,10430,1,0
2012-11-26 04,4,10482,1,0
2012-11-26 05,5,11054,1,0
2012-11-26 06,6,11687,1,0
2012-11-26 07,7,13472,1,0
2012-11-26 08,8,15896,1,0
2012-11-26 09,9,17653,1,0
2012-11-26 10,10,18104,1,0
2012-11-26 11,11,17655,1,0
2012-11-26 12,12,16755,1,0
2012-11-26 13,13,16980,1,0
2012-11-26 14,14,17005,1,0
2012-11-26 15,15,16833,1,0
2012-11-26 16,16,17012,1,0
2012-11-26 17,17,16970,1,0
2012-11-26 18,18,16860,1,0
2012-11-26 19,19,16257,1,0
2012-11-26 20,20,15918,1,0
2012-11-26 21,21,15466,1,0
2012-11-26 22,22,14686,1,0
2012-11-26 23,23,13391,1,0
2012-11-27 00,0,12282,2,0
2012-11-27 01,1,11903,2,0
2012-11-27 02,2,11502,2,0
2012-11-27 03,3,11230,2,0
2012-11-27 04,4,11340,2,0
2012-11-27 05,5,11793,2,0
2012-11-27 06,6,12353,2,0
2012-11-27 07,7,13996,2,0
2012-11-27 08,8,16266,2,0
2012-11-27 09,9,17581,2,0
2012-11-27 10,10,17823,2,0
2012-11-27 11,11,17507,2,0
2012-11-27 12,12,16913,2,0
2012-11-27 13,13,17018,2,0
2012-11-27 14,14,16933,2,0
2012-11-27 15,15,16965,2,0
2012-11-27 16,16,17239,2,0
2012-11-27 17,17,17560,2,0
2012-11-27 18,18,17459,2,0
2012-11-27 19,19,16926,2,0
2012-11-27 20,20,16293,2,0
2012-11-27 21,21,15890,2,0
2012-11-27 22,22,15219,2,0
2012-11-27 23,23,13985,2,0
2012-11-28 00,0,12970,3,0
2012-11-28 01,1,12336,3,0
2012-11-28 02,2,11859,3,0
2012-11-28 03,3,11519,3,0
2012-11-28 04,4,11633,3,0
2012-11-28 05,5,12134,3,0
2012-11-28 06,6,12793,3,0
2012-11-28 07,7,14469,3,0
2012-11-28 08,8,16524,3,0
2012-11-28 09,9,17419,3,0
2012-11-28 10,10,17518,3,0
2012-11-28 11,11,17305,3,0
2012-11-28 12,12,16897,3,0
2012-11-28 13,13,16987,3,0
2012-11-28 14,14,16959,3,0
2012-11-28 15,15,16946,3,0
2012-11-28 16,16,17237,3,0
2012-11-28 17,17,17435,3,0
2012-11-28 18,18,17062,3,0
2012-11-28 19,19,16803,3,0
2012-11-28 20,20,16502,3,0
2012-11-28 21,21,16130,3,0
2012-11-28 22,22,15207,3,0
2012-11-28 23,23,14067,3,0
2012-11-29 00,0,12975,4,0
2012-11-29 01,1,12332,4,0
2012-11-29 02,2,11773,4,0
2012-11-29 03,3,11632,4,0
2012-11-29 04,4,11545,4,0
2012-11-29 05,5,12303,4,0
2012-11-29 06,6,12922,4,0
2012-11-29 07,7,14527,4,0
2012-11-29 08,8,16390,4,0
2012-11-29 09,9,17324,4,0
2012-11-29 10,10,17526,4,0
2012-11-29 11,11,17087,4,0
2012-11-29 12,12,16581,4,0
2012-11-29 13,13,16749,4,0
2012-11-29 14,14,16587,4,0
2012-11-29 15,15,16801,4,0
2012-11-29 16,16,16938,4,0
2012-11-29 17,17,17227,4,0
2012-11-29 18,18,16929,4,0
2012-11-29 19,19,16743,4,0
2012-11-29 20,20,16385,4,0
2012-11-29 21,21,15924,4,0
2012-11-29 22,22,15029,4,0
2012-11-29 23,23,13938,4,0
2012-11-30 00,0,12802,5,0
2012-11-30 01,1,12285,5,0
2012-11-30 02,2,11763,5,0
2012-11-30 03,3,11576,5,0
2012-11-30 04,4,11665,5,0
2012-11-30 05,5,12122,5,0
2012-11-30 06,6,12928,5,0
2012-11-30 07,7,14413,5,0
2012-11-30 08,8,16586,5,0
2012-11-30 09,9,17487,5,0
2012-11-30 10,10,17906,5,0
2012-11-30 11,11,17299,5,0
2012-11-30 12,12,16615,5,0
2012-11-30 13,13,16743,5,0
2012-11-30 14,14,16531,5,0
2012-11-30 15,15,16629,5,0
2012-11-30 16,16,16915,5,0
2012-11-30 17,17,17004,5,0
2012-11-30 18,18,16846,5,0
2012-11-30 19,19,16653,5,0
2012-11-30 20,20,16310,5,0
2012-11-30 21,21,15948,5,0
2012-11-30 22,22,15019,5,0
2012-11-30 23,23,13932,5,0
2012-12-01 00,0,12667,6,1
2012-12-01 01,1,12087,6,1
2012-12-01 02,2,11713,6,1
2012-12-01 03,3,11307,6,1
2012-12-01 04,4,11312,6,1
2012-12-01 05,5,11605,6,1
2012-12-01 06,6,11839,6,1
2012-12-01 07,7,13014,6,1
2012-12-01 08,8,14545,6,1
2012-12-01 09,9,15526,6,1
2012-12-01 10,10,15619,6,1
2012-12-01 11,11,15319,6,1
2012-12-01 12,12,14821,6,1
2012-12-01 13,13,14995,6,1
2012-12-01 14,14,14889,6,1
2012-12-01 15,15,14735,6,1
2012-12-01 16,16,15409,6,1
2012-12-01 17,17,16019,6,1
2012-12-01 18,18,16131,6,1
2012-12-01 19,19,15652,6,1
2012-12-01 20,20,15352,6,1
2012-12-01 21,21,15055,6,1
2012-12-01 22,22,14454,6,1
2012-12-01 23,23,13457,6,1
2012-12-02 00,0,12306,7,1
2012-12-02 01,1,11748,7,1
2012-12-02 02,2,11342,7,1
2012-12-02 03,3,10963,7,1
2012-12-02 04,4,11024,7,1
2012-12-02 05,5,11232,7,1
2012-12-02 06,6,11295,7,1
2012-12-02 07,7,12128,7,1
2012-12-02 08,8,13247,7,1
2012-12-02 09,9,14198,7,1
2012-12-02 10,10,14761,7,1
2012-12-02 11,11,14319,7,1
2012-12-02 12,12,14234,7,1
2012-12-02 13,13,14160,7,1
2012-12-02 14,14,14298,7,1
2012-12-02 15,15,14729,7,1
2012-12-02 16,16,15208,7,1
2012-12-02 17,17,15578,7,1
2012-12-02 18,18,15387,7,1
2012-12-02 19,19,15078,7,1
2012-12-02 20,20,15040,7,1
2012-12-02 21,21,14678,7,1
2012-12-02 22,22,14053,7,1
2012-12-02 23,23,12857,7,1
2012-12-03 00,0,11886,1,0
2012-12-03 01,1,11134,1,0
2012-12-03 02,2,10725,1,0
2012-12-03 03,3,10662,1,0
2012-12-03 04,4,10841,1,0
2012-12-03 05,5,11447,1,0
2012-12-03 06,6,12245,1,0
2012-12-03 07,7,14162,1,0
2012-12-03 08,8,16433,1,0
2012-12-03 09,9,17484,1,0
2012-12-03 10,10,18005,1,0
2012-12-03 11,11,17833,1,0
2012-12-03 12,12,16961,1,0
2012-12-03 13,13,17094,1,0
2012-12-03 14,14,16917,1,0
2012-12-03 15,15,16991,1,0
2012-12-03 16,16,17033,1,0
2012-12-03 17,17,17372,1,0
2012-12-03 18,18,17245,1,0
2012-12-03 19,19,16835,1,0
2012-12-03 20,20,16506,1,0
2012-12-03 21,21,16219,1,0
2012-12-03 22,22,15252,1,0
2012-12-03 23,23,14183,1,0
2012-12-04 00,0,12920,2,0
2012-12-04 01,1,12392,2,0
2012-12-04 02,2,11863,2,0
2012-12-04 03,3,11751,2,0
2012-12-04 04,4,11684,2,0
2012-12-04 05,5,12430,2,0
2012-12-04 06,6,13086,2,0
2012-12-04 07,7,14616,2,0
2012-12-04 08,8,16962,2,0
2012-12-04 09,9,18423,2,0
2012-12-04 10,10,18630,2,0
2012-12-04 11,11,17973,2,0
2012-12-04 12,12,17314,2,0
2012-12-04 13,13,17451,2,0
2012-12-04 14,14,17333,2,0
2012-12-04 15,15,17539,2,0
2012-12-04 16,16,17724,2,0
2012-12-04 17,17,18042,2,0
2012-12-04 18,18,17932,2,0
2012-12-04 19,19,17720,2,0
2012-12-04 20,20,17383,2,0
2012-12-04 21,21,16923,2,0
2012-12-04 22,22,15936,2,0
2012-12-04 23,23,14726,2,0
2012-12-05 00,0,13497,3,0
2012-12-05 01,1,12814,3,0
2012-12-05 02,2,12325,3,0
2012-12-05 03,3,12058,3,0
2012-12-05 04,4,12055,3,0
2012-12-05 05,5,12843,3,0
2012-12-05 06,6,13318,3,0
2012-12-05 07,7,14942,3,0
2012-12-05 08,8,17255,3,0
2012-12-05 09,9,18215,3,0
2012-12-05 10,10,18402,3,0
2012-12-05 11,11,18177,3,0
2012-12-05 12,12,17690,3,0
2012-12-05 13,13,18006,3,0
2012-12-05 14,14,17903,3,0
2012-12-05 15,15,17816,3,0
2012-12-05 16,16,18017,3,0
2012-12-05 17,17,18407,3,0
2012-12-05 18,18,18216,3,0
2012-12-05 19,19,18086,3,0
2012-12-05 20,20,17815,3,0
2012-12-05 21,21,17362,3,0
2012-12-05 22,22,16391,3,0
2012-12-05 23,23,14971,3,0
2012-12-06 00,0,13552,4,0
2012-12-06 01,1,12625,4,0
2012-12-06 02,2,12198,4,0
2012-12-06 03,3,11969,4,0
2012-12-06 04,4,11916,4,0
2012-12-06 05,5,12785,4,0
2012-12-06 06,6,13461,4,0
2012-12-06 07,7,15055,4,0
2012-12-06 08,8,17285,4,0
2012-12-06 09,9,18489,4,0
2012-12-06 10,10,18893,4,0
2012-12-06 11,11,18272,4,0
2012-12-06 12,12,17604,4,0
2012-12-06 13,13,17810,4,0
2012-12-06 14,14,17681,4,0
2012-12-06 15,15,17776,4,0
2012-12-06 16,16,18024,4,0
2012-12-06 17,17,18426,4,0
2012-12-06 18,18,18275,4,0
2012-12-06 19,19,17920,4,0
2012-12-06 20,20,17595,4,0
2012-12-06 21,21,17091,4,0
2012-12-06 22,22,16061,4,0
2012-12-06 23,23,14787,4,0
2012-12-07 00,0,13517,5,0
2012-12-07 01,1,12903,5,0
2012-12-07 02,2,12508,5,0
2012-12-07 03,3,12175,5,0
2012-12-07 04,4,12171,5,0
2012-12-07 05,5,12945,5,0
2012-12-07 06,6,13551,5,0
2012-12-07 07,7,15354,5,0
2012-12-07 08,8,17687,5,0
2012-12-07 09,9,18335,5,0
2012-12-07 10,10,18438,5,0
2012-12-07 11,11,18025,5,0
2012-12-07 12,12,17499,5,0
2012-12-07 13,13,17550,5,0
2012-12-07 14,14,17404,5,0
2012-12-07 15,15,17629,5,0
2012-12-07 16,16,17748,5,0
2012-12-07 17,17,18223,5,0
2012-12-07 18,18,18170,5,0
2012-12-07 19,19,17886,5,0
2012-12-07 20,20,17486,5,0
2012-12-07 21,21,17083,5,0
2012-12-07 22,22,16096,5,0
2012-12-07 23,23,14846,5,0
2012-12-08 00,0,13709,6,1
2012-12-08 01,1,12827,6,1
2012-12-08 02,2,12332,6,1
2012-12-08 03,3,12030,6,1
2012-12-08 04,4,12018,6,1
2012-12-08 05,5,12528,6,1
2012-12-08 06,6,12431,6,1
2012-12-08 07,7,13544,6,1
2012-12-08 08,8,15176,6,1
2012-12-08 09,9,16393,6,1
2012-12-08 10,10,16660,6,1
2012-12-08 11,11,16374,6,1
2012-12-08 12,12,15996,6,1
2012-12-08 13,13,16060,6,1
2012-12-08 14,14,15971,6,1
2012-12-08 15,15,16263,6,1
2012-12-08 16,16,16730,6,1
2012-12-08 17,17,17099,6,1
2012-12-08 18,18,17105,6,1
2012-12-08 19,19,16920,6,1
2012-12-08 20,20,16751,6,1
2012-12-08 21,21,16347,6,1
2012-12-08 22,22,15558,6,1
2012-12-08 23,23,14364,6,1
2012-12-09 00,0,13357,7,1
2012-12-09 01,1,12615,7,1
2012-12-09 02,2,11960,7,1
2012-12-09 03,3,11865,7,1
2012-12-09 04,4,11694,7,1
2012-12-09 05,5,12170,7,1
2012-12-09 06,6,12208,7,1
2012-12-09 07,7,13261,7,1
2012-12-09 08,8,14583,7,1
2012-12-09 09,9,15560,7,1
2012-12-09 10,10,15988,7,1
2012-12-09 11,11,15786,7,1
2012-12-09 12,12,15485,7,1
2012-12-09 13,13,15553,7,1
2012-12-09 14,14,15541,7,1
2012-12-09 15,15,15677,7,1
2012-12-09 16,16,16516,7,1
2012-12-09 17,17,17295,7,1
2012-12-09 18,18,17223,7,1
2012-12-09 19,19,16898,7,1
2012-12-09 20,20,16640,7,1
2012-12-09 21,21,15899,7,1
2012-12-09 22,22,15178,7,1
2012-12-09 23,23,14192,7,1
2012-12-10 00,0,12875,1,0
2012-12-10 01,1,12046,1,0
2012-12-10 02,2,11624,1,0
2012-12-10 03,3,11534,1,0
2012-12-10 04,4,11670,1,0
2012-12-10 05,5,12349,1,0
2012-12-10 06,6,12960,1,0
2012-12-10 07,7,14897,1,0
2012-12-10 08,8,17541,1,0
2012-12-10 09,9,19495,1,0
2012-12-10 10,10,19860,1,0
2012-12-10 11,11,19516,1,0
2012-12-10 12,12,18289,1,0
2012-12-10 13,13,18519,1,0
2012-12-10 14,14,18512,1,0
2012-12-10 15,15,18307,1,0
2012-12-10 16,16,18359,1,0
2012-12-10 17,17,18933,1,0
2012-12-10 18,18,18998,1,0
2012-12-10 19,19,18353,1,0
2012-12-10 20,20,18168,1,0
2012-12-10 21,21,17832,1,0
2012-12-10 22,22,16837,1,0
2012-12-10 23,23,15245,1,0
2012-12-11 00,0,13895,2,0
2012-12-11 01,1,13146,2,0
2012-12-11 02,2,12521,2,0
2012-12-11 03,3,12336,2,0
2012-12-11 04,4,12470,2,0
2012-12-11 05,5,13252,2,0
2012-12-11 06,6,13930,2,0
2012-12-11 07,7,15729,2,0
2012-12-11 08,8,18215,2,0
2012-12-11 09,9,19129,2,0
2012-12-11 10,10,19449,2,0
2012-12-11 11,11,19217,2,0
2012-12-11 12,12,19049,2,0
2012-12-11 13,13,19187,2,0
2012-12-11 14,14,19307,2,0
2012-12-11 15,15,19221,2,0
2012-12-11 16,16,19225,2,0
2012-12-11 17,17,19341,2,0
2012-12-11 18,18,19213,2,0
2012-12-11 19,19,18863,2,0
2012-12-11 20,20,18657,2,0
2012-12-11 21,21,18243,2,0
2012-12-11 22,22,17151,2,0
2012-12-11 23,23,15837,2,0
2012-12-12 00,0,14574,3,0
2012-12-12 01,1,13146,3,0
2012-12-12 02,2,12521,3,0
2012-12-12 03,3,12336,3,0
2012-12-12 04,4,12470,3,0
2012-12-12 05,5,13254,3,0
2012-12-12 06,6,13930,3,0
2012-12-12 07,7,15729,3,0
2012-12-12 08,8,17915,3,0
2012-12-12 09,9,19036,3,0
2012-12-12 10,10,19462,3,0
2012-12-12 11,11,19051,3,0
2012-12-12 12,12,18483,3,0
2012-12-12 13,13,18677,3,0
2012-12-12 14,14,18792,3,0
2012-12-12 15,15,18893,3,0
2012-12-12 16,16,18744,3,0
2012-12-12 17,17,19154,3,0
2012-12-12 18,18,19071,3,0
2012-12-12 19,19,18767,3,0
2012-12-12 20,20,18539,3,0
2012-12-12 21,21,18021,3,0
2012-12-12 22,22,16974,3,0
2012-12-12 23,23,15575,3,0
2012-12-13 00,0,14170,4,0
2012-12-13 01,1,13295,4,0
2012-12-13 02,2,12737,4,0
2012-12-13 03,3,12267,4,0
2012-12-13 04,4,12403,4,0
2012-12-13 05,5,13166,4,0
2012-12-13 06,6,13861,4,0
2012-12-13 07,7,15740,4,0
2012-12-13 08,8,18328,4,0
2012-12-13 09,9,19053,4,0
2012-12-13 10,10,19522,4,0
2012-12-13 11,11,18799,4,0
2012-12-13 12,12,18177,4,0
2012-12-13 13,13,18484,4,0
2012-12-13 14,14,18430,4,0
2012-12-13 15,15,18530,4,0
2012-12-13 16,16,18609,4,0
2012-12-13 17,17,18835,4,0
2012-12-13 18,18,18901,4,0
2012-12-13 19,19,18774,4,0
2012-12-13 20,20,18349,4,0
2012-12-13 21,21,18027,4,0
2012-12-13 22,22,16789,4,0
2012-12-13 23,23,15551,4,0
2012-12-14 00,0,14112,5,0
2012-12-14 01,1,13020,5,0
2012-12-14 02,2,12598,5,0
2012-12-14 03,3,12366,5,0
2012-12-14 04,4,12312,5,0
2012-12-14 05,5,13183,5,0
2012-12-14 06,6,13833,5,0
2012-12-14 07,7,15457,5,0
2012-12-14 08,8,17478,5,0
2012-12-14 09,9,18649,5,0
2012-12-14 10,10,18630,5,0
2012-12-14 11,11,18536,5,0
2012-12-14 12,12,18076,5,0
2012-12-14 13,13,17828,5,0
2012-12-14 14,14,17808,5,0
2012-12-14 15,15,17998,5,0
2012-12-14 16,16,18171,5,0
2012-12-14 17,17,18481,5,0
2012-12-14 18,18,18376,5,0
2012-12-14 19,19,18381,5,0
2012-12-14 20,20,18077,5,0
2012-12-14 21,21,17417,5,0
2012-12-14 22,22,16281,5,0
2012-12-14 23,23,15190,5,0
2012-12-15 00,0,13821,6,1
2012-12-15 01,1,12805,6,1
2012-12-15 02,2,12172,6,1
2012-12-15 03,3,11759,6,1
2012-12-15 04,4,11695,6,1
2012-12-15 05,5,12105,6,1
2012-12-15 06,6,12224,6,1
2012-12-15 07,7,13675,6,1
2012-12-15 08,8,15071,6,1
2012-12-15 09,9,16064,6,1
2012-12-15 10,10,16582,6,1
2012-12-15 11,11,16231,6,1
2012-12-15 12,12,15902,6,1
2012-12-15 13,13,16006,6,1
2012-12-15 14,14,16023,6,1
2012-12-15 15,15,16203,6,1
2012-12-15 16,16,16548,6,1
2012-12-15 17,17,16782,6,1
2012-12-15 18,18,16803,6,1
2012-12-15 19,19,16568,6,1
2012-12-15 20,20,16277,6,1
2012-12-15 21,21,15611,6,1
2012-12-15 22,22,15130,6,1
2012-12-15 23,23,13981,6,1
2012-12-16 00,0,12932,7,1
2012-12-16 01,1,12322,7,1
2012-12-16 02,2,11709,7,1
2012-12-16 03,3,11539,7,1
2012-12-16 04,4,11482,7,1
2012-12-16 05,5,11818,7,1
2012-12-16 06,6,11764,7,1
2012-12-16 07,7,12631,7,1
2012-12-16 08,8,14155,7,1
2012-12-16 09,9,15210,7,1
2012-12-16 10,10,15778,7,1
2012-12-16 11,11,15298,7,1
2012-12-16 12,12,15136,7,1
2012-12-16 13,13,15264,7,1
2012-12-16 14,14,15155,7,1
2012-12-16 15,15,15158,7,1
2012-12-16 16,16,15930,7,1
2012-12-16 17,17,16425,7,1
2012-12-16 18,18,16326,7,1
2012-12-16 19,19,16251,7,1
2012-12-16 20,20,16126,7,1
2012-12-16 21,21,15661,7,1
2012-12-16 22,22,14874,7,1
2012-12-16 23,23,13846,7,1
2012-12-17 00,0,12745,1,0
2012-12-17 01,1,11672,1,0
2012-12-17 02,2,11324,1,0
2012-12-17 03,3,11264,1,0
2012-12-17 04,4,11371,1,0
2012-12-17 05,5,11949,1,0
2012-12-17 06,6,13043,1,0
2012-12-17 07,7,14974,1,0
2012-12-17 08,8,17676,1,0
2012-12-17 09,9,18841,1,0
2012-12-17 10,10,19329,1,0
2012-12-17 11,11,19011,1,0
2012-12-17 12,12,18461,1,0
2012-12-17 13,13,18600,1,0
2012-12-17 14,14,18372,1,0
2012-12-17 15,15,18534,1,0
2012-12-17 16,16,18706,1,0
2012-12-17 17,17,18789,1,0
2012-12-17 18,18,18559,1,0
2012-12-17 19,19,18315,1,0
2012-12-17 20,20,18025,1,0
2012-12-17 21,21,17533,1,0
2012-12-17 22,22,16449,1,0
2012-12-17 23,23,15154,1,0
2012-12-18 00,0,13713,2,0
2012-12-18 01,1,13132,2,0
2012-12-18 02,2,12576,2,0
2012-12-18 03,3,12260,2,0
2012-12-18 04,4,12285,2,0
2012-12-18 05,5,12978,2,0
2012-12-18 06,6,13856,2,0
2012-12-18 07,7,15727,2,0
2012-12-18 08,8,17998,2,0
2012-12-18 09,9,19702,2,0
2012-12-18 10,10,20310,2,0
2012-12-18 11,11,19837,2,0
2012-12-18 12,12,18360,2,0
2012-12-18 13,13,18436,2,0
2012-12-18 14,14,18421,2,0
2012-12-18 15,15,18579,2,0
2012-12-18 16,16,18811,2,0
2012-12-18 17,17,19228,2,0
2012-12-18 18,18,19138,2,0
2012-12-18 19,19,18919,2,0
2012-12-18 20,20,18744,2,0
2012-12-18 21,21,18199,2,0
2012-12-18 22,22,17052,2,0
2012-12-18 23,23,15537,2,0
2012-12-19 00,0,14146,3,0
2012-12-19 01,1,13414,3,0
2012-12-19 02,2,12850,3,0
2012-12-19 03,3,12553,3,0
2012-12-19 04,4,12613,3,0
2012-12-19 05,5,13401,3,0
2012-12-19 06,6,14259,3,0
2012-12-19 07,7,15969,3,0
2012-12-19 08,8,18372,3,0
2012-12-19 09,9,20018,3,0
2012-12-19 10,10,20442,3,0
2012-12-19 11,11,19743,3,0
2012-12-19 12,12,18525,3,0
2012-12-19 13,13,18564,3,0
2012-12-19 14,14,18436,3,0
2012-12-19 15,15,18620,3,0
2012-12-19 16,16,18861,3,0
2012-12-19 17,17,19260,3,0
2012-12-19 18,18,19277,3,0
2012-12-19 19,19,19132,3,0
2012-12-19 20,20,18723,3,0
2012-12-19 21,21,18262,3,0
2012-12-19 22,22,17174,3,0
2012-12-19 23,23,15682,3,0
2012-12-20 00,0,14246,4,0
2012-12-20 01,1,13619,4,0
2012-12-20 02,2,13118,4,0
2012-12-20 03,3,12834,4,0
2012-12-20 04,4,12731,4,0
2012-12-20 05,5,13276,4,0
2012-12-20 06,6,14184,4,0
2012-12-20 07,7,16028,4,0
2012-12-20 08,8,18425,4,0
2012-12-20 09,9,19849,4,0
2012-12-20 10,10,20161,4,0
2012-12-20 11,11,19851,4,0
2012-12-20 12,12,19262,4,0
2012-12-20 13,13,19438,4,0
2012-12-20 14,14,19558,4,0
2012-12-20 15,15,19652,4,0
2012-12-20 16,16,19845,4,0
2012-12-20 17,17,19781,4,0
2012-12-20 18,18,19490,4,0
2012-12-20 19,19,19641,4,0
2012-12-20 20,20,19187,4,0
2012-12-20 21,21,18716,4,0
2012-12-20 22,22,17939,4,0
2012-12-20 23,23,16294,4,0
2012-12-21 00,0,14813,5,0
2012-12-21 01,1,13620,5,0
2012-12-21 02,2,13120,5,0
2012-12-21 03,3,12834,5,0
2012-12-21 04,4,12731,5,0
2012-12-21 05,5,13274,5,0
2012-12-21 06,6,14184,5,0
2012-12-21 07,7,16027,5,0
2012-12-21 08,8,18425,5,0
2012-12-21 09,9,19659,5,0
2012-12-21 10,10,20027,5,0
2012-12-21 11,11,19663,5,0
2012-12-21 12,12,19262,5,0
2012-12-21 13,13,19438,5,0
2012-12-21 14,14,19558,5,0
2012-12-21 15,15,19655,5,0
2012-12-21 16,16,19849,5,0
2012-12-21 17,17,19788,5,0
2012-12-21 18,18,19559,5,0
2012-12-21 19,19,19641,5,0
2012-12-21 20,20,19187,5,0
2012-12-21 21,21,18716,5,0
2012-12-21 22,22,17939,5,0
2012-12-21 23,23,16294,5,0
2012-12-22 00,0,14813,6,1
2012-12-22 01,1,13680,6,1
2012-12-22 02,2,13104,6,1
2012-12-22 03,3,12711,6,1
2012-12-22 04,4,12486,6,1
2012-12-22 05,5,12878,6,1
2012-12-22 06,6,13065,6,1
2012-12-22 07,7,14590,6,1
2012-12-22 08,8,16633,6,1
2012-12-22 09,9,17815,6,1
2012-12-22 10,10,18319,6,1
2012-12-22 11,11,17930,6,1
2012-12-22 12,12,17838,6,1
2012-12-22 13,13,17880,6,1
2012-12-22 14,14,17820,6,1
2012-12-22 15,15,18082,6,1
2012-12-22 16,16,18471,6,1
2012-12-22 17,17,18624,6,1
2012-12-22 18,18,18462,6,1
2012-12-22 19,19,18056,6,1
2012-12-22 20,20,17613,6,1
2012-12-22 21,21,17304,6,1
2012-12-22 22,22,16546,6,1
2012-12-22 23,23,15423,6,1
2012-12-23 00,0,14194,7,1
2012-12-23 01,1,13338,7,1
2012-12-23 02,2,12600,7,1
2012-12-23 03,3,12318,7,1
2012-12-23 04,4,12204,7,1
2012-12-23 05,5,12605,7,1
2012-12-23 06,6,12616,7,1
2012-12-23 07,7,14013,7,1
2012-12-23 08,8,15706,7,1
2012-12-23 09,9,16810,7,1
2012-12-23 10,10,17393,7,1
2012-12-23 11,11,17416,7,1
2012-12-23 12,12,17260,7,1
2012-12-23 13,13,17363,7,1
2012-12-23 14,14,17072,7,1
2012-12-23 15,15,17463,7,1
2012-12-23 16,16,18231,7,1
2012-12-23 17,17,18608,7,1
2012-12-23 18,18,18366,7,1
2012-12-23 19,19,18284,7,1
2012-12-23 20,20,18078,7,1
2012-12-23 21,21,17780,7,1
2012-12-23 22,22,16934,7,1
2012-12-23 23,23,15660,7,1
2012-12-24 00,0,14492,1,0
2012-12-24 01,1,13127,1,0
2012-12-24 02,2,12483,1,0
2012-12-24 03,3,12203,1,0
2012-12-24 04,4,12297,1,0
2012-12-24 05,5,13004,1,0
2012-12-24 06,6,13607,1,0
2012-12-24 07,7,16011,1,0
2012-12-24 08,8,19087,1,0
2012-12-24 09,9,21289,1,0
2012-12-24 10,10,21498,1,0
2012-12-24 11,11,20784,1,0
2012-12-24 12,12,19533,1,0
2012-12-24 13,13,19533,1,0
2012-12-24 14,14,19443,1,0
2012-12-24 15,15,19720,1,0
2012-12-24 16,16,20015,1,0
2012-12-24 17,17,20165,1,0
2012-12-24 18,18,20149,1,0
2012-12-24 19,19,19814,1,0
2012-12-24 20,20,19537,1,0
2012-12-24 21,21,18947,1,0
2012-12-24 22,22,17820,1,0
2012-12-24 23,23,16261,1,0
2012-12-25 00,0,15267,2,0
2012-12-25 01,1,14030,2,0
2012-12-25 02,2,13403,2,0
2012-12-25 03,3,13114,2,0
2012-12-25 04,4,13137,2,0
2012-12-25 05,5,13715,2,0
2012-12-25 06,6,14527,2,0
2012-12-25 07,7,16530,2,0
2012-12-25 08,8,19376,2,0
2012-12-25 09,9,20610,2,0
2012-12-25 10,10,20803,2,0
2012-12-25 11,11,20469,2,0
2012-12-25 12,12,19968,2,0
2012-12-25 13,13,19981,2,0
2012-12-25 14,14,19920,2,0
2012-12-25 15,15,19833,2,0
2012-12-25 16,16,19795,2,0
2012-12-25 17,17,20160,2,0
2012-12-25 18,18,20041,2,0
2012-12-25 19,19,19904,2,0
2012-12-25 20,20,19646,2,0
2012-12-25 21,21,19188,2,0
2012-12-25 22,22,17770,2,0
2012-12-25 23,23,16212,2,0
2012-12-26 00,0,14673,3,0
2012-12-26 01,1,14127,3,0
2012-12-26 02,2,13440,3,0
2012-12-26 03,3,13114,3,0
2012-12-26 04,4,13039,3,0
2012-12-26 05,5,13616,3,0
2012-12-26 06,6,14388,3,0
2012-12-26 07,7,16321,3,0
2012-12-26 08,8,19084,3,0
2012-12-26 09,9,20987,3,0
2012-12-26 10,10,21479,3,0
2012-12-26 11,11,20941,3,0
2012-12-26 12,12,19761,3,0
2012-12-26 13,13,19857,3,0
2012-12-26 14,14,19724,3,0
2012-12-26 15,15,19636,3,0
2012-12-26 16,16,19767,3,0
2012-12-26 17,17,20135,3,0
2012-12-26 18,18,20041,3,0
2012-12-26 19,19,19904,3,0
2012-12-26 20,20,19622,3,0
2012-12-26 21,21,19188,3,0
2012-12-26 22,22,17970,3,0
2012-12-26 23,23,16476,3,0
2012-12-27 00,0,14956,4,0
2012-12-27 01,1,14072,4,0
2012-12-27 02,2,13646,4,0
2012-12-27 03,3,13045,4,0
2012-12-27 04,4,12960,4,0
2012-12-27 05,5,13832,4,0
2012-12-27 06,6,14565,4,0
2012-12-27 07,7,16259,4,0
2012-12-27 08,8,19291,4,0
2012-12-27 09,9,20429,4,0
2012-12-27 10,10,20998,4,0
2012-12-27 11,11,20602,4,0
2012-12-27 12,12,19636,4,0
2012-12-27 13,13,19688,4,0
2012-12-27 14,14,19591,4,0
2012-12-27 15,15,19560,4,0
2012-12-27 16,16,19744,4,0
2012-12-27 17,17,20119,4,0
2012-12-27 18,18,19883,4,0
2012-12-27 19,19,19726,4,0
2012-12-27 20,20,19622,4,0
2012-12-27 21,21,19048,4,0
2012-12-27 22,22,18008,4,0
2012-12-27 23,23,16543,4,0
2012-12-28 00,0,14897,5,0
2012-12-28 01,1,13912,5,0
2012-12-28 02,2,13372,5,0
2012-12-28 03,3,12936,5,0
2012-12-28 04,4,13031,5,0
2012-12-28 05,5,13588,5,0
2012-12-28 06,6,14346,5,0
2012-12-28 07,7,16214,5,0
2012-12-28 08,8,18992,5,0
2012-12-28 09,9,20203,5,0
2012-12-28 10,10,20501,5,0
2012-12-28 11,11,20204,5,0
2012-12-28 12,12,19755,5,0
2012-12-28 13,13,19858,5,0
2012-12-28 14,14,19689,5,0
2012-12-28 15,15,19912,5,0
2012-12-28 16,16,20049,5,0
2012-12-28 17,17,20031,5,0
2012-12-28 18,18,19872,5,0
2012-12-28 19,19,19605,5,0
2012-12-28 20,20,19287,5,0
2012-12-28 21,21,18827,5,0
2012-12-28 22,22,17641,5,0
2012-12-28 23,23,16110,5,0
2012-12-29 00,0,14647,6,1
2012-12-29 01,1,13773,6,1
2012-12-29 02,2,13276,6,1
2012-12-29 03,3,12896,6,1
2012-12-29 04,4,12781,6,1
2012-12-29 05,5,13092,6,1
2012-12-29 06,6,13459,6,1
2012-12-29 07,7,14803,6,1
2012-12-29 08,8,16577,6,1
2012-12-29 09,9,17813,6,1
2012-12-29 10,10,18322,6,1
2012-12-29 11,11,18073,6,1
2012-12-29 12,12,17925,6,1
2012-12-29 13,13,17971,6,1
2012-12-29 14,14,18013,6,1
2012-12-29 15,15,18203,6,1
2012-12-29 16,16,18704,6,1
2012-12-29 17,17,19320,6,1
2012-12-29 18,18,19371,6,1
2012-12-29 19,19,18991,6,1
2012-12-29 20,20,18786,6,1
2012-12-29 21,21,18352,6,1
2012-12-29 22,22,17555,6,1
2012-12-29 23,23,16249,6,1
2012-12-30 00,0,14732,7,1
2012-12-30 01,1,13818,7,1
2012-12-30 02,2,13207,7,1
2012-12-30 03,3,12761,7,1
2012-12-30 04,4,12733,7,1
2012-12-30 05,5,13059,7,1
2012-12-30 06,6,12984,7,1
2012-12-30 07,7,14219,7,1
2012-12-30 08,8,15750,7,1
2012-12-30 09,9,17105,7,1
2012-12-30 10,10,17631,7,1
2012-12-30 11,11,17439,7,1
2012-12-30 12,12,17228,7,1
2012-12-30 13,13,17374,7,1
2012-12-30 14,14,17437,7,1
2012-12-30 15,15,17692,7,1
2012-12-30 16,16,18509,7,1
2012-12-30 17,17,19381,7,1
2012-12-30 18,18,19271,7,1
2012-12-30 19,19,19071,7,1
2012-12-30 20,20,18995,7,1
2012-12-30 21,21,18688,7,1
2012-12-30 22,22,17602,7,1
2012-12-30 23,23,16221,7,1
2012-12-31 00,0,14579,1,0
2012-12-31 01,1,13636,1,0
2012-12-31 02,2,13159,1,0
2012-12-31 03,3,12819,1,0
2012-12-31 04,4,12725,1,0
2012-12-31 05,5,13289,1,0
2012-12-31 06,6,14324,1,0
2012-12-31 07,7,16168,1,0
2012-12-31 08,8,19010,1,0
2012-12-31 09,9,20200,1,0
2012-12-31 10,10,20417,1,0
2012-12-31 11,11,19911,1,0
2012-12-31 12,12,19519,1,0
2012-12-31 13,13,19393,1,0
2012-12-31 14,14,19007,1,0
2012-12-31 15,15,18980,1,0
2012-12-31 16,16,18992,1,0
2012-12-31 17,17,19307,1,0
2012-12-31 18,18,19533,1,0
2012-12-31 19,19,19369,1,0
2012-12-31 20,20,18787,1,0
2012-12-31 21,21,18198,1,0
2012-12-31 22,22,17186,1,0
2012-12-31 23,23,15811,1,0
2013-01-01 00,0,14433,2,-1
2013-01-01 01,1,13281,2,-1
2013-01-01 02,2,12665,2,-1
2013-01-01 03,3,12203,2,-1
2013-01-01 04,4,11963,2,-1
2013-01-01 05,5,12166,2,-1
2013-01-01 06,6,12152,2,-1
2013-01-01 07,7,12783,2,-1
2013-01-01 08,8,13539,2,-1
2013-01-01 09,9,14345,2,-1
2013-01-01 10,10,14466,2,-1
2013-01-01 11,11,14589,2,-1
2013-01-01 12,12,14480,2,-1
2013-01-01 13,13,14230,2,-1
2013-01-01 14,14,14086,2,-1
2013-01-01 15,15,14597,2,-1
2013-01-01 16,16,15314,2,-1
2013-01-01 17,17,16238,2,-1
2013-01-01 18,18,16478,2,-1
2013-01-01 19,19,16659,2,-1
2013-01-01 20,20,16693,2,-1
2013-01-01 21,21,16358,2,-1
2013-01-01 22,22,15438,2,-1
2013-01-01 23,23,14375,2,-1
2013-01-02 00,0,13145,3,1
2013-01-02 01,1,11986,3,1
2013-01-02 02,2,11596,3,1
2013-01-02 03,3,11337,3,1
2013-01-02 04,4,11238,3,1
2013-01-02 05,5,11626,3,1
2013-01-02 06,6,11704,3,1
2013-01-02 07,7,12894,3,1
2013-01-02 08,8,14489,3,1
2013-01-02 09,9,15502,3,1
2013-01-02 10,10,15887,3,1
2013-01-02 11,11,15680,3,1
2013-01-02 12,12,15687,3,1
2013-01-02 13,13,15841,3,1
2013-01-02 14,14,16088,3,1
2013-01-02 15,15,16321,3,1
2013-01-02 16,16,17225,3,1
2013-01-02 17,17,17782,3,1
2013-01-02 18,18,17929,3,1
2013-01-02 19,19,17860,3,1
2013-01-02 20,20,17678,3,1
2013-01-02 21,21,17356,3,1
2013-01-02 22,22,16658,3,1
2013-01-02 23,23,15337,3,1
2013-01-03 00,0,13965,4,1
2013-01-03 01,1,13103,4,1
2013-01-03 02,2,12338,4,1
2013-01-03 03,3,12191,4,1
2013-01-03 04,4,12023,4,1
2013-01-03 05,5,12400,4,1
2013-01-03 06,6,12525,4,1
2013-01-03 07,7,13863,4,1
2013-01-03 08,8,15874,4,1
2013-01-03 09,9,17246,4,1
2013-01-03 10,10,17665,4,1
2013-01-03 11,11,17489,4,1
2013-01-03 12,12,17530,4,1
2013-01-03 13,13,17963,4,1
2013-01-03 14,14,17855,4,1
2013-01-03 15,15,18015,4,1
2013-01-03 16,16,18853,4,1
2013-01-03 17,17,19670,4,1
2013-01-03 18,18,19819,4,1
2013-01-03 19,19,19840,4,1
2013-01-03 20,20,19617,4,1
2013-01-03 21,21,18966,4,1
2013-01-03 22,22,17880,4,1
2013-01-03 23,23,16025,4,1
2013-01-04 00,0,14545,5,0
2013-01-04 01,1,13959,5,0
2013-01-04 02,2,13511,5,0
2013-01-04 03,3,13281,5,0
2013-01-04 04,4,13333,5,0
2013-01-04 05,5,13776,5,0
2013-01-04 06,6,14686,5,0
2013-01-04 07,7,16621,5,0
2013-01-04 08,8,19581,5,0
2013-01-04 09,9,22158,5,0
2013-01-04 10,10,22392,5,0
2013-01-04 11,11,22096,5,0
2013-01-04 12,12,20901,5,0
2013-01-04 13,13,20480,5,0
2013-01-04 14,14,20305,5,0
2013-01-04 15,15,20448,5,0
2013-01-04 16,16,20606,5,0
2013-01-04 17,17,21013,5,0
2013-01-04 18,18,21059,5,0
2013-01-04 19,19,21045,5,0
2013-01-04 20,20,20783,5,0
2013-01-04 21,21,20052,5,0
2013-01-04 22,22,18875,5,0
2013-01-04 23,23,17250,5,0
2013-01-05 00,0,15750,6,0
2013-01-05 01,1,14723,6,0
2013-01-05 02,2,14088,6,0
2013-01-05 03,3,13669,6,0
2013-01-05 04,4,13533,6,0
2013-01-05 05,5,13972,6,0
2013-01-05 06,6,14886,6,0
2013-01-05 07,7,16992,6,0
2013-01-05 08,8,20085,6,0
2013-01-05 09,9,22002,6,0
2013-01-05 10,10,22664,6,0
2013-01-05 11,11,22348,6,0
2013-01-05 12,12,20776,6,0
2013-01-05 13,13,20819,6,0
2013-01-05 14,14,20695,6,0
2013-01-05 15,15,20665,6,0
2013-01-05 16,16,20796,6,0
2013-01-05 17,17,21195,6,0
2013-01-05 18,18,21264,6,0
2013-01-05 19,19,21234,6,0
2013-01-05 20,20,20808,6,0
2013-01-05 21,21,19928,6,0
2013-01-05 22,22,18692,6,0
2013-01-05 23,23,17016,6,0
2013-01-06 00,0,15509,7,0
2013-01-06 01,1,14719,7,0
2013-01-06 02,2,14088,7,0
2013-01-06 03,3,13865,7,0
2013-01-06 04,4,13733,7,0
2013-01-06 05,5,14376,7,0
2013-01-06 06,6,15286,7,0
2013-01-06 07,7,17430,7,0
2013-01-06 08,8,20314,7,0
2013-01-06 09,9,21425,7,0
2013-01-06 10,10,21625,7,0
2013-01-06 11,11,21552,7,0
2013-01-06 12,12,21387,7,0
2013-01-06 13,13,21522,7,0
2013-01-06 14,14,21261,7,0
2013-01-06 15,15,21381,7,0
2013-01-06 16,16,21453,7,0
2013-01-06 17,17,21428,7,0
2013-01-06 18,18,21492,7,0
2013-01-06 19,19,21290,7,0
2013-01-06 20,20,21095,7,0
2013-01-06 21,21,20721,7,0
2013-01-06 22,22,19295,7,0
2013-01-06 23,23,17509,7,0
2013-01-07 00,0,15758,1,0
2013-01-07 01,1,14971,1,0
2013-01-07 02,2,14078,1,0
2013-01-07 03,3,13460,1,0
2013-01-07 04,4,13441,1,0
2013-01-07 05,5,14024,1,0
2013-01-07 06,6,14873,1,0
2013-01-07 07,7,16928,1,0
2013-01-07 08,8,19807,1,0
2013-01-07 09,9,22252,1,0
2013-01-07 10,10,22903,1,0
2013-01-07 11,11,22471,1,0
2013-01-07 12,12,21092,1,0
2013-01-07 13,13,20660,1,0
2013-01-07 14,14,20698,1,0
2013-01-07 15,15,20850,1,0
2013-01-07 16,16,21032,1,0
2013-01-07 17,17,20852,1,0
2013-01-07 18,18,20993,1,0
2013-01-07 19,19,20862,1,0
2013-01-07 20,20,20685,1,0
2013-01-07 21,21,20125,1,0
2013-01-07 22,22,18773,1,0
2013-01-07 23,23,16953,1,0
2013-01-08 00,0,15659,2,0
2013-01-08 01,1,15084,2,0
2013-01-08 02,2,14342,2,0
2013-01-08 03,3,14047,2,0
2013-01-08 04,4,14032,2,0
2013-01-08 05,5,14586,2,0
2013-01-08 06,6,15397,2,0
2013-01-08 07,7,17465,2,0
2013-01-08 08,8,20465,2,0
2013-01-08 09,9,21796,2,0
2013-01-08 10,10,22248,2,0
2013-01-08 11,11,21843,2,0
2013-01-08 12,12,21422,2,0
2013-01-08 13,13,21412,2,0
2013-01-08 14,14,21311,2,0
2013-01-08 15,15,21382,2,0
2013-01-08 16,16,21184,2,0
2013-01-08 17,17,21311,2,0
2013-01-08 18,18,21353,2,0
2013-01-08 19,19,21336,2,0
2013-01-08 20,20,21164,2,0
2013-01-08 21,21,20696,2,0
2013-01-08 22,22,19555,2,0
2013-01-08 23,23,17536,2,0
2013-01-09 00,0,16056,3,0
2013-01-09 01,1,15071,3,0
2013-01-09 02,2,14481,3,0
2013-01-09 03,3,14097,3,0
2013-01-09 04,4,14129,3,0
2013-01-09 05,5,14875,3,0
2013-01-09 06,6,15664,3,0
2013-01-09 07,7,17608,3,0
2013-01-09 08,8,20715,3,0
2013-01-09 09,9,21790,3,0
2013-01-09 10,10,21705,3,0
2013-01-09 11,11,21514,3,0
2013-01-09 12,12,21954,3,0
2013-01-09 13,13,22092,3,0
2013-01-09 14,14,22056,3,0
2013-01-09 15,15,22059,3,0
2013-01-09 16,16,22068,3,0
2013-01-09 17,17,21994,3,0
2013-01-09 18,18,21649,3,0
2013-01-09 19,19,21775,3,0
2013-01-09 20,20,21415,3,0
2013-01-09 21,21,20992,3,0
2013-01-09 22,22,19646,3,0
2013-01-09 23,23,17931,3,0
2013-01-10 00,0,16144,4,0
2013-01-10 01,1,14875,4,0
2013-01-10 02,2,14194,4,0
2013-01-10 03,3,13817,4,0
2013-01-10 04,4,13795,4,0
2013-01-10 05,5,14296,4,0
2013-01-10 06,6,15332,4,0
2013-01-10 07,7,17125,4,0
2013-01-10 08,8,20072,4,0
2013-01-10 09,9,21374,4,0
2013-01-10 10,10,21723,4,0
2013-01-10 11,11,21367,4,0
2013-01-10 12,12,20802,4,0
2013-01-10 13,13,20911,4,0
2013-01-10 14,14,20684,4,0
2013-01-10 15,15,20768,4,0
2013-01-10 16,16,20900,4,0
2013-01-10 17,17,21025,4,0
2013-01-10 18,18,21151,4,0
2013-01-10 19,19,21254,4,0
2013-01-10 20,20,21096,4,0
2013-01-10 21,21,20606,4,0
2013-01-10 22,22,19101,4,0
2013-01-10 23,23,17519,4,0
2013-01-11 00,0,15863,5,0
2013-01-11 01,1,14890,5,0
2013-01-11 02,2,14259,5,0
2013-01-11 03,3,13607,5,0
2013-01-11 04,4,13648,5,0
2013-01-11 05,5,14360,5,0
2013-01-11 06,6,15281,5,0
2013-01-11 07,7,17349,5,0
2013-01-11 08,8,20081,5,0
2013-01-11 09,9,21086,5,0
2013-01-11 10,10,21442,5,0
2013-01-11 11,11,21118,5,0
2013-01-11 12,12,20592,5,0
2013-01-11 13,13,20558,5,0
2013-01-11 14,14,20328,5,0
2013-01-11 15,15,20634,5,0
2013-01-11 16,16,20400,5,0
2013-01-11 17,17,20698,5,0
2013-01-11 18,18,20803,5,0
2013-01-11 19,19,21096,5,0
2013-01-11 20,20,20777,5,0
2013-01-11 21,21,20243,5,0
2013-01-11 22,22,19026,5,0
2013-01-11 23,23,17254,5,0
2013-01-12 00,0,15773,6,1
2013-01-12 01,1,14710,6,1
2013-01-12 02,2,14086,6,1
2013-01-12 03,3,13672,6,1
2013-01-12 04,4,13525,6,1
2013-01-12 05,5,13927,6,1
2013-01-12 06,6,14276,6,1
2013-01-12 07,7,15642,6,1
2013-01-12 08,8,17811,6,1
2013-01-12 09,9,18674,6,1
2013-01-12 10,10,19115,6,1
2013-01-12 11,11,18802,6,1
2013-01-12 12,12,18697,6,1
2013-01-12 13,13,19018,6,1
2013-01-12 14,14,18951,6,1
2013-01-12 15,15,19190,6,1
2013-01-12 16,16,19455,6,1
2013-01-12 17,17,19949,6,1
2013-01-12 18,18,19844,6,1
2013-01-12 19,19,19735,6,1
2013-01-12 20,20,19497,6,1
2013-01-12 21,21,18991,6,1
2013-01-12 22,22,18018,6,1
2013-01-12 23,23,16867,6,1
2013-01-13 00,0,15406,7,1
2013-01-13 01,1,14438,7,1
2013-01-13 02,2,13582,7,1
2013-01-13 03,3,13371,7,1
2013-01-13 04,4,13251,7,1
2013-01-13 05,5,13508,7,1
2013-01-13 06,6,13652,7,1
2013-01-13 07,7,15231,7,1
2013-01-13 08,8,17081,7,1
2013-01-13 09,9,17796,7,1
2013-01-13 10,10,18336,7,1
2013-01-13 11,11,18198,7,1
2013-01-13 12,12,18015,7,1
2013-01-13 13,13,18163,7,1
2013-01-13 14,14,18129,7,1
2013-01-13 15,15,18516,7,1
2013-01-13 16,16,18682,7,1
2013-01-13 17,17,19389,7,1
2013-01-13 18,18,19696,7,1
2013-01-13 19,19,19500,7,1
2013-01-13 20,20,19320,7,1
2013-01-13 21,21,18781,7,1
2013-01-13 22,22,17742,7,1
2013-01-13 23,23,16442,7,1
2013-01-14 00,0,14886,1,0
2013-01-14 01,1,13887,1,0
2013-01-14 02,2,13185,1,0
2013-01-14 03,3,12814,1,0
2013-01-14 04,4,12813,1,0
2013-01-14 05,5,13219,1,0
2013-01-14 06,6,14075,1,0
2013-01-14 07,7,16082,1,0
2013-01-14 08,8,19116,1,0
2013-01-14 09,9,20616,1,0
2013-01-14 10,10,20824,1,0
2013-01-14 11,11,20546,1,0
2013-01-14 12,12,19926,1,0
2013-01-14 13,13,20097,1,0
2013-01-14 14,14,20054,1,0
2013-01-14 15,15,20018,1,0
2013-01-14 16,16,20105,1,0
2013-01-14 17,17,20106,1,0
2013-01-14 18,18,20156,1,0
2013-01-14 19,19,20285,1,0
2013-01-14 20,20,20342,1,0
2013-01-14 21,21,19718,1,0
2013-01-14 22,22,18791,1,0
2013-01-14 23,23,17131,1,0
2013-01-15 00,0,15360,2,0
2013-01-15 01,1,14272,2,0
2013-01-15 02,2,13647,2,0
2013-01-15 03,3,13045,2,0
2013-01-15 04,4,12960,2,0
2013-01-15 05,5,13533,2,0
2013-01-15 06,6,14566,2,0
2013-01-15 07,7,16359,2,0
2013-01-15 08,8,19034,2,0
2013-01-15 09,9,20568,2,0
2013-01-15 10,10,20698,2,0
2013-01-15 11,11,20352,2,0
2013-01-15 12,12,20033,2,0
2013-01-15 13,13,20023,2,0
2013-01-15 14,14,19924,2,0
2013-01-15 15,15,20001,2,0
2013-01-15 16,16,20135,2,0
2013-01-15 17,17,20151,2,0
2013-01-15 18,18,20193,2,0
2013-01-15 19,19,20288,2,0
2013-01-15 20,20,20098,2,0
2013-01-15 21,21,19650,2,0
2013-01-15 22,22,18514,2,0
2013-01-15 23,23,16875,2,0
2013-01-16 00,0,15196,3,0
2013-01-16 01,1,14271,3,0
2013-01-16 02,2,13646,3,0
2013-01-16 03,3,13243,3,0
2013-01-16 04,4,13158,3,0
2013-01-16 05,5,13721,3,0
2013-01-16 06,6,14590,3,0
2013-01-16 07,7,16596,3,0
2013-01-16 08,8,19213,3,0
2013-01-16 09,9,21079,3,0
2013-01-16 10,10,21584,3,0
2013-01-16 11,11,21202,3,0
2013-01-16 12,12,20035,3,0
2013-01-16 13,13,20019,3,0
2013-01-16 14,14,19926,3,0
2013-01-16 15,15,19952,3,0
2013-01-16 16,16,19947,3,0
2013-01-16 17,17,20130,3,0
2013-01-16 18,18,20248,3,0
2013-01-16 19,19,20317,3,0
2013-01-16 20,20,20148,3,0
2013-01-16 21,21,19668,3,0
2013-01-16 22,22,18665,3,0
2013-01-16 23,23,16965,3,0
2013-01-17 00,0,15292,4,0
2013-01-17 01,1,14272,4,0
2013-01-17 02,2,13672,4,0
2013-01-17 03,3,13490,4,0
2013-01-17 04,4,13479,4,0
2013-01-17 05,5,13938,4,0
2013-01-17 06,6,15019,4,0
2013-01-17 07,7,17216,4,0
2013-01-17 08,8,19716,4,0
2013-01-17 09,9,21530,4,0
2013-01-17 10,10,21895,4,0
2013-01-17 11,11,21361,4,0
2013-01-17 12,12,20408,4,0
2013-01-17 13,13,20417,4,0
2013-01-17 14,14,20318,4,0
2013-01-17 15,15,20277,4,0
2013-01-17 16,16,20331,4,0
2013-01-17 17,17,20487,4,0
2013-01-17 18,18,20651,4,0
2013-01-17 19,19,20720,4,0
2013-01-17 20,20,20550,4,0
2013-01-17 21,21,19870,4,0
2013-01-17 22,22,18936,4,0
2013-01-17 23,23,17166,4,0
2013-01-18 00,0,15656,5,0
2013-01-18 01,1,14873,5,0
2013-01-18 02,2,14247,5,0
2013-01-18 03,3,13791,5,0
2013-01-18 04,4,13779,5,0
2013-01-18 05,5,14297,5,0
2013-01-18 06,6,15366,5,0
2013-01-18 07,7,17545,5,0
2013-01-18 08,8,20059,5,0
2013-01-18 09,9,21657,5,0
2013-01-18 10,10,22043,5,0
2013-01-18 11,11,21437,5,0
2013-01-18 12,12,20890,5,0
2013-01-18 13,13,20905,5,0
2013-01-18 14,14,20816,5,0
2013-01-18 15,15,20808,5,0
2013-01-18 16,16,20918,5,0
2013-01-18 17,17,20918,5,0
2013-01-18 18,18,20945,5,0
2013-01-18 19,19,21107,5,0
2013-01-18 20,20,20777,5,0
2013-01-18 21,21,20430,5,0
2013-01-18 22,22,19173,5,0
2013-01-18 23,23,17748,5,0
2013-01-19 00,0,16097,6,1
2013-01-19 01,1,15148,6,1
2013-01-19 02,2,14284,6,1
2013-01-19 03,3,13797,6,1
2013-01-19 04,4,13654,6,1
2013-01-19 05,5,14000,6,1
2013-01-19 06,6,14238,6,1
2013-01-19 07,7,15635,6,1
2013-01-19 08,8,17488,6,1
2013-01-19 09,9,18470,6,1
2013-01-19 10,10,18633,6,1
2013-01-19 11,11,18318,6,1
2013-01-19 12,12,18206,6,1
2013-01-19 13,13,18225,6,1
2013-01-19 14,14,18380,6,1
2013-01-19 15,15,18500,6,1
2013-01-19 16,16,18692,6,1
2013-01-19 17,17,19025,6,1
2013-01-19 18,18,19297,6,1
2013-01-19 19,19,19391,6,1
2013-01-19 20,20,18984,6,1
2013-01-19 21,21,18403,6,1
2013-01-19 22,22,17564,6,1
2013-01-19 23,23,16300,6,1
2013-01-20 00,0,14966,7,1
2013-01-20 01,1,14146,7,1
2013-01-20 02,2,13614,7,1
2013-01-20 03,3,13136,7,1
2013-01-20 04,4,12957,7,1
2013-01-20 05,5,13219,7,1
2013-01-20 06,6,13310,7,1
2013-01-20 07,7,14743,7,1
2013-01-20 08,8,16403,7,1
2013-01-20 09,9,17341,7,1
2013-01-20 10,10,17793,7,1
2013-01-20 11,11,17862,7,1
2013-01-20 12,12,17639,7,1
2013-01-20 13,13,17536,7,1
2013-01-20 14,14,17486,7,1
2013-01-20 15,15,17574,7,1
2013-01-20 16,16,17807,7,1
2013-01-20 17,17,18377,7,1
2013-01-20 18,18,18696,7,1
2013-01-20 19,19,18716,7,1
2013-01-20 20,20,18517,7,1
2013-01-20 21,21,18148,7,1
2013-01-20 22,22,17157,7,1
2013-01-20 23,23,15842,7,1
2013-01-21 00,0,14395,1,0
2013-01-21 01,1,13542,1,0
2013-01-21 02,2,12798,1,0
2013-01-21 03,3,12585,1,0
2013-01-21 04,4,12747,1,0
2013-01-21 05,5,13306,1,0
2013-01-21 06,6,14213,1,0
2013-01-21 07,7,16604,1,0
2013-01-21 08,8,19293,1,0
2013-01-21 09,9,19886,1,0
2013-01-21 10,10,20068,1,0
2013-01-21 11,11,20141,1,0
2013-01-21 12,12,19920,1,0
2013-01-21 13,13,19975,1,0
2013-01-21 14,14,19800,1,0
2013-01-21 15,15,19845,1,0
2013-01-21 16,16,19962,1,0
2013-01-21 17,17,20003,1,0
2013-01-21 18,18,19990,1,0
2013-01-21 19,19,20025,1,0
2013-01-21 20,20,19848,1,0
2013-01-21 21,21,19425,1,0
2013-01-21 22,22,18419,1,0
2013-01-21 23,23,16967,1,0
2013-01-22 00,0,15339,2,0
2013-01-22 01,1,14155,2,0
2013-01-22 02,2,13489,2,0
2013-01-22 03,3,13087,2,0
2013-01-22 04,4,12905,2,0
2013-01-22 05,5,13645,2,0
2013-01-22 06,6,14445,2,0
2013-01-22 07,7,16572,2,0
2013-01-22 08,8,19181,2,0
2013-01-22 09,9,20673,2,0
2013-01-22 10,10,21210,2,0
2013-01-22 11,11,20825,2,0
2013-01-22 12,12,19802,2,0
2013-01-22 13,13,19984,2,0
2013-01-22 14,14,19816,2,0
2013-01-22 15,15,19689,2,0
2013-01-22 16,16,19852,2,0
2013-01-22 17,17,20101,2,0
2013-01-22 18,18,20097,2,0
2013-01-22 19,19,19892,2,0
2013-01-22 20,20,19627,2,0
2013-01-22 21,21,19193,2,0
2013-01-22 22,22,17976,2,0
2013-01-22 23,23,16533,2,0
2013-01-23 00,0,14905,3,0
2013-01-23 01,1,13980,3,0
2013-01-23 02,2,13503,3,0
2013-01-23 03,3,13120,3,0
2013-01-23 04,4,13096,3,0
2013-01-23 05,5,13406,3,0
2013-01-23 06,6,14296,3,0
2013-01-23 07,7,16183,3,0
2013-01-23 08,8,18945,3,0
2013-01-23 09,9,21026,3,0
2013-01-23 10,10,21336,3,0
2013-01-23 11,11,21036,3,0
2013-01-23 12,12,19816,3,0
2013-01-23 13,13,19832,3,0
2013-01-23 14,14,19757,3,0
2013-01-23 15,15,19796,3,0
2013-01-23 16,16,19753,3,0
2013-01-23 17,17,19756,3,0
2013-01-23 18,18,19865,3,0
2013-01-23 19,19,19764,3,0
2013-01-23 20,20,19655,3,0
2013-01-23 21,21,19048,3,0
2013-01-23 22,22,18237,3,0
2013-01-23 23,23,16700,3,0
2013-01-24 00,0,15142,4,0
2013-01-24 01,1,14279,4,0
2013-01-24 02,2,13800,4,0
2013-01-24 03,3,13419,4,0
2013-01-24 04,4,13395,4,0
2013-01-24 05,5,13709,4,0
2013-01-24 06,6,14595,4,0
2013-01-24 07,7,16483,4,0
2013-01-24 08,8,19435,4,0
2013-01-24 09,9,20217,4,0
2013-01-24 10,10,20145,4,0
2013-01-24 11,11,20056,4,0
2013-01-24 12,12,20303,4,0
2013-01-24 13,13,20301,4,0
2013-01-24 14,14,20238,4,0
2013-01-24 15,15,20256,4,0
2013-01-24 16,16,20222,4,0
2013-01-24 17,17,20063,4,0
2013-01-24 18,18,20098,4,0
2013-01-24 19,19,20076,4,0
2013-01-24 20,20,19827,4,0
2013-01-24 21,21,19350,4,0
2013-01-24 22,22,18226,4,0
2013-01-24 23,23,16959,4,0
2013-01-25 00,0,15286,5,0
2013-01-25 01,1,14226,5,0
2013-01-25 02,2,13691,5,0
2013-01-25 03,3,13347,5,0
2013-01-25 04,4,13292,5,0
2013-01-25 05,5,13980,5,0
2013-01-25 06,6,14728,5,0
2013-01-25 07,7,16802,5,0
2013-01-25 08,8,19248,5,0
2013-01-25 09,9,20315,5,0
2013-01-25 10,10,20493,5,0
2013-01-25 11,11,19997,5,0
2013-01-25 12,12,19262,5,0
2013-01-25 13,13,19186,5,0
2013-01-25 14,14,19334,5,0
2013-01-25 15,15,19222,5,0
2013-01-25 16,16,19300,5,0
2013-01-25 17,17,19300,5,0
2013-01-25 18,18,19467,5,0
2013-01-25 19,19,19363,5,0
2013-01-25 20,20,19104,5,0
2013-01-25 21,21,18745,5,0
2013-01-25 22,22,17986,5,0
2013-01-25 23,23,16691,5,0
2013-01-26 00,0,14984,6,1
2013-01-26 01,1,14521,6,1
2013-01-26 02,2,13690,6,1
2013-01-26 03,3,13179,6,1
2013-01-26 04,4,13056,6,1
2013-01-26 05,5,13422,6,1
2013-01-26 06,6,13589,6,1
2013-01-26 07,7,15172,6,1
2013-01-26 08,8,16840,6,1
2013-01-26 09,9,17497,6,1
2013-01-26 10,10,17875,6,1
2013-01-26 11,11,17531,6,1
2013-01-26 12,12,17037,6,1
2013-01-26 13,13,16828,6,1
2013-01-26 14,14,16897,6,1
2013-01-26 15,15,17178,6,1
2013-01-26 16,16,17465,6,1
2013-01-26 17,17,17762,6,1
2013-01-26 18,18,18133,6,1
2013-01-26 19,19,18245,6,1
2013-01-26 20,20,18077,6,1
2013-01-26 21,21,17774,6,1
2013-01-26 22,22,16965,6,1
2013-01-26 23,23,15909,6,1
2013-01-27 00,0,14629,7,1
2013-01-27 01,1,13783,7,1
2013-01-27 02,2,13025,7,1
2013-01-27 03,3,12674,7,1
2013-01-27 04,4,12642,7,1
2013-01-27 05,5,13078,7,1
2013-01-27 06,6,13134,7,1
2013-01-27 07,7,14310,7,1
2013-01-27 08,8,15790,7,1
2013-01-27 09,9,16634,7,1
2013-01-27 10,10,17061,7,1
2013-01-27 11,11,17048,7,1
2013-01-27 12,12,16476,7,1
2013-01-27 13,13,16460,7,1
2013-01-27 14,14,16150,7,1
2013-01-27 15,15,16225,7,1
2013-01-27 16,16,16539,7,1
2013-01-27 17,17,17087,7,1
2013-01-27 18,18,17672,7,1
2013-01-27 19,19,17529,7,1
2013-01-27 20,20,17673,7,1
2013-01-27 21,21,17530,7,1
2013-01-27 22,22,16633,7,1
2013-01-27 23,23,15422,7,1
2013-01-28 00,0,13770,1,0
2013-01-28 01,1,13070,1,0
2013-01-28 02,2,12514,1,0
2013-01-28 03,3,12204,1,0
2013-01-28 04,4,12169,1,0
2013-01-28 05,5,12806,1,0
2013-01-28 06,6,13661,1,0
2013-01-28 07,7,15895,1,0
2013-01-28 08,8,18491,1,0
2013-01-28 09,9,19538,1,0
2013-01-28 10,10,19464,1,0
2013-01-28 11,11,19288,1,0
2013-01-28 12,12,19599,1,0
2013-01-28 13,13,19608,1,0
2013-01-28 14,14,19441,1,0
2013-01-28 15,15,19624,1,0
2013-01-28 16,16,19910,1,0
2013-01-28 17,17,19804,1,0
2013-01-28 18,18,19549,1,0
2013-01-28 19,19,19444,1,0
2013-01-28 20,20,19020,1,0
2013-01-28 21,21,18643,1,0
2013-01-28 22,22,17613,1,0
2013-01-28 23,23,16277,1,0
2013-01-29 00,0,14803,2,0
2013-01-29 01,1,13700,2,0
2013-01-29 02,2,12859,2,0
2013-01-29 03,3,12431,2,0
2013-01-29 04,4,12269,2,0
2013-01-29 05,5,12784,2,0
2013-01-29 06,6,13424,2,0
2013-01-29 07,7,15385,2,0
2013-01-29 08,8,18140,2,0
2013-01-29 09,9,18589,2,0
2013-01-29 10,10,18733,2,0
2013-01-29 11,11,18322,2,0
2013-01-29 12,12,18301,2,0
2013-01-29 13,13,18364,2,0
2013-01-29 14,14,18373,2,0
2013-01-29 15,15,18506,2,0
2013-01-29 16,16,18478,2,0
2013-01-29 17,17,18515,2,0
2013-01-29 18,18,18522,2,0
2013-01-29 19,19,18416,2,0
2013-01-29 20,20,17916,2,0
2013-01-29 21,21,17603,2,0
2013-01-29 22,22,16837,2,0
2013-01-29 23,23,15691,2,0
2013-01-30 00,0,14256,3,0
2013-01-30 01,1,12900,3,0
2013-01-30 02,2,12458,3,0
2013-01-30 03,3,12031,3,0
2013-01-30 04,4,11867,3,0
2013-01-30 05,5,12388,3,0
2013-01-30 06,6,13124,3,0
2013-01-30 07,7,14788,3,0
2013-01-30 08,8,17051,3,0
2013-01-30 09,9,17836,3,0
2013-01-30 10,10,17808,3,0
2013-01-30 11,11,17486,3,0
2013-01-30 12,12,16876,3,0
2013-01-30 13,13,16819,3,0
2013-01-30 14,14,16701,3,0
2013-01-30 15,15,16620,3,0
2013-01-30 16,16,16546,3,0
2013-01-30 17,17,16659,3,0
2013-01-30 18,18,16859,3,0
2013-01-30 19,19,16879,3,0
2013-01-30 20,20,16632,3,0
2013-01-30 21,21,16342,3,0
2013-01-30 22,22,15504,3,0
2013-01-30 23,23,14391,3,0
2013-01-31 00,0,13362,4,0
2013-01-31 01,1,12698,4,0
2013-01-31 02,2,12253,4,0
2013-01-31 03,3,11825,4,0
2013-01-31 04,4,11667,4,0
2013-01-31 05,5,12191,4,0
2013-01-31 06,6,12921,4,0
2013-01-31 07,7,14581,4,0
2013-01-31 08,8,16839,4,0
2013-01-31 09,9,17251,4,0
2013-01-31 10,10,16993,4,0
2013-01-31 11,11,17218,4,0
2013-01-31 12,12,16584,4,0
2013-01-31 13,13,16556,4,0
2013-01-31 14,14,16450,4,0
2013-01-31 15,15,16456,4,0
2013-01-31 16,16,16453,4,0
2013-01-31 17,17,16655,4,0
2013-01-31 18,18,16828,4,0
2013-01-31 19,19,16836,4,0
2013-01-31 20,20,16525,4,0
2013-01-31 21,21,16192,4,0
2013-01-31 22,22,15223,4,0
2013-01-31 23,23,14268,4,0
2013-02-01 00,0,13136,5,0
2013-02-01 01,1,12432,5,0
2013-02-01 02,2,11943,5,0
2013-02-01 03,3,11612,5,0
2013-02-01 04,4,11518,5,0
2013-02-01 05,5,11811,5,0
2013-02-01 06,6,12227,5,0
2013-02-01 07,7,13811,5,0
2013-02-01 08,8,15703,5,0
2013-02-01 09,9,16346,5,0
2013-02-01 10,10,16565,5,0
2013-02-01 11,11,16315,5,0
2013-02-01 12,12,15926,5,0
2013-02-01 13,13,15937,5,0
2013-02-01 14,14,15637,5,0
2013-02-01 15,15,15726,5,0
2013-02-01 16,16,15996,5,0
2013-02-01 17,17,15813,5,0
2013-02-01 18,18,15915,5,0
2013-02-01 19,19,15801,5,0
2013-02-01 20,20,15731,5,0
2013-02-01 21,21,15549,5,0
2013-02-01 22,22,14897,5,0
2013-02-01 23,23,13772,5,0
2013-02-02 00,0,12572,6,1
2013-02-02 01,1,11991,6,1
2013-02-02 02,2,11443,6,1
2013-02-02 03,3,11158,6,1
2013-02-02 04,4,11160,6,1
2013-02-02 05,5,11337,6,1
2013-02-02 06,6,11594,6,1
2013-02-02 07,7,12754,6,1
2013-02-02 08,8,14385,6,1
2013-02-02 09,9,15199,6,1
2013-02-02 10,10,15642,6,1
2013-02-02 11,11,15376,6,1
2013-02-02 12,12,14923,6,1
2013-02-02 13,13,14876,6,1
2013-02-02 14,14,14723,6,1
2013-02-02 15,15,14638,6,1
2013-02-02 16,16,14873,6,1
2013-02-02 17,17,15626,6,1
2013-02-02 18,18,15788,6,1
2013-02-02 19,19,15751,6,1
2013-02-02 20,20,15417,6,1
2013-02-02 21,21,15118,6,1
2013-02-02 22,22,14402,6,1
2013-02-02 23,23,13508,6,1
2013-02-03 00,0,12354,7,1
2013-02-03 01,1,11698,7,1
2013-02-03 02,2,11091,7,1
2013-02-03 03,3,10742,7,1
2013-02-03 04,4,10734,7,1
2013-02-03 05,5,11067,7,1
2013-02-03 06,6,11283,7,1
2013-02-03 07,7,12179,7,1
2013-02-03 08,8,13217,7,1
2013-02-03 09,9,14093,7,1
2013-02-03 10,10,14417,7,1
2013-02-03 11,11,14253,7,1
2013-02-03 12,12,13809,7,1
2013-02-03 13,13,13864,7,1
2013-02-03 14,14,13669,7,1
2013-02-03 15,15,13836,7,1
2013-02-03 16,16,14073,7,1
2013-02-03 17,17,14690,7,1
2013-02-03 18,18,14841,7,1
2013-02-03 19,19,14813,7,1
2013-02-03 20,20,14726,7,1
2013-02-03 21,21,14501,7,1
2013-02-03 22,22,13735,7,1
2013-02-03 23,23,12643,7,1
2013-02-04 00,0,11687,1,0
2013-02-04 01,1,10943,1,0
2013-02-04 02,2,10685,1,0
2013-02-04 03,3,10342,1,0
2013-02-04 04,4,10541,1,0
2013-02-04 05,5,11138,1,0
2013-02-04 06,6,11619,1,0
2013-02-04 07,7,13097,1,0
2013-02-04 08,8,15056,1,0
2013-02-04 09,9,15922,1,0
2013-02-04 10,10,16580,1,0
2013-02-04 11,11,16154,1,0
2013-02-04 12,12,15526,1,0
2013-02-04 13,13,15601,1,0
2013-02-04 14,14,15501,1,0
2013-02-04 15,15,15577,1,0
2013-02-04 16,16,15784,1,0
2013-02-04 17,17,16058,1,0
2013-02-04 18,18,16022,1,0
2013-02-04 19,19,15948,1,0
2013-02-04 20,20,15668,1,0
2013-02-04 21,21,15281,1,0
2013-02-04 22,22,14444,1,0
2013-02-04 23,23,13287,1,0
2013-02-05 00,0,12011,2,0
2013-02-05 01,1,11401,2,0
2013-02-05 02,2,10805,2,0
2013-02-05 03,3,10580,2,0
2013-02-05 04,4,10656,2,0
2013-02-05 05,5,11088,2,0
2013-02-05 06,6,11520,2,0
2013-02-05 07,7,12947,2,0
2013-02-05 08,8,14830,2,0
2013-02-05 09,9,16233,2,0
2013-02-05 10,10,16701,2,0
2013-02-05 11,11,16485,2,0
2013-02-05 12,12,15489,2,0
2013-02-05 13,13,15544,2,0
2013-02-05 14,14,15478,2,0
2013-02-05 15,15,15450,2,0
2013-02-05 16,16,15721,2,0
2013-02-05 17,17,15697,2,0
2013-02-05 18,18,15765,2,0
2013-02-05 19,19,15616,2,0
2013-02-05 20,20,15439,2,0
2013-02-05 21,21,15184,2,0
2013-02-05 22,22,14403,2,0
2013-02-05 23,23,13233,2,0
2013-02-06 00,0,12157,3,0
2013-02-06 01,1,11599,3,0
2013-02-06 02,2,11029,3,0
2013-02-06 03,3,10878,3,0
2013-02-06 04,4,10944,3,0
2013-02-06 05,5,11288,3,0
2013-02-06 06,6,11736,3,0
2013-02-06 07,7,13147,3,0
2013-02-06 08,8,15026,3,0
2013-02-06 09,9,15990,3,0
2013-02-06 10,10,16485,3,0
2013-02-06 11,11,16282,3,0
2013-02-06 12,12,15884,3,0
2013-02-06 13,13,15952,3,0
2013-02-06 14,14,15718,3,0
2013-02-06 15,15,15605,3,0
2013-02-06 16,16,15570,3,0
2013-02-06 17,17,15557,3,0
2013-02-06 18,18,15596,3,0
2013-02-06 19,19,15526,3,0
2013-02-06 20,20,15531,3,0
2013-02-06 21,21,15107,3,0
2013-02-06 22,22,14598,3,0
2013-02-06 23,23,13392,3,0
2013-02-07 00,0,12151,4,0
2013-02-07 01,1,11638,4,0
2013-02-07 02,2,11132,4,0
2013-02-07 03,3,10859,4,0
2013-02-07 04,4,10828,4,0
2013-02-07 05,5,11236,4,0
2013-02-07 06,6,11642,4,0
2013-02-07 07,7,12987,4,0
2013-02-07 08,8,14573,4,0
2013-02-07 09,9,15631,4,0
2013-02-07 10,10,15923,4,0
2013-02-07 11,11,16069,4,0
2013-02-07 12,12,15956,4,0
2013-02-07 13,13,15871,4,0
2013-02-07 14,14,15772,4,0
2013-02-07 15,15,15574,4,0
2013-02-07 16,16,15692,4,0
2013-02-07 17,17,15739,4,0
2013-02-07 18,18,15763,4,0
2013-02-07 19,19,15675,4,0
2013-02-07 20,20,15422,4,0
2013-02-07 21,21,15150,4,0
2013-02-07 22,22,14519,4,0
2013-02-07 23,23,13376,4,0
2013-02-08 00,0,12116,5,0
2013-02-08 01,1,11486,5,0
2013-02-08 02,2,10871,5,0
2013-02-08 03,3,10607,5,0
2013-02-08 04,4,10587,5,0
2013-02-08 05,5,10958,5,0
2013-02-08 06,6,11338,5,0
2013-02-08 07,7,12567,5,0
2013-02-08 08,8,13919,5,0
2013-02-08 09,9,15074,5,0
2013-02-08 10,10,15228,5,0
2013-02-08 11,11,15214,5,0
2013-02-08 12,12,14914,5,0
2013-02-08 13,13,14611,5,0
2013-02-08 14,14,14211,5,0
2013-02-08 15,15,13752,5,0
2013-02-08 16,16,14114,5,0
2013-02-08 17,17,14679,5,0
2013-02-08 18,18,14858,5,0
2013-02-08 19,19,14923,5,0
2013-02-08 20,20,14842,5,0
2013-02-08 21,21,14509,5,0
2013-02-08 22,22,14056,5,0
2013-02-08 23,23,13256,5,0
2013-02-09 00,0,11955,6,-1
2013-02-09 01,1,11189,6,-1
2013-02-09 02,2,10644,6,-1
2013-02-09 03,3,10348,6,-1
2013-02-09 04,4,10246,6,-1
2013-02-09 05,5,10538,6,-1
2013-02-09 06,6,10793,6,-1
2013-02-09 07,7,11528,6,-1
2013-02-09 08,8,12444,6,-1
2013-02-09 09,9,13285,6,-1
2013-02-09 10,10,13835,6,-1
2013-02-09 11,11,13978,6,-1
2013-02-09 12,12,13984,6,-1
2013-02-09 13,13,14133,6,-1
2013-02-09 14,14,14109,6,-1
2013-02-09 15,15,13878,6,-1
2013-02-09 16,16,14152,6,-1
2013-02-09 17,17,14396,6,-1
2013-02-09 18,18,14623,6,-1
2013-02-09 19,19,14836,6,-1
2013-02-09 20,20,14870,6,-1
2013-02-09 21,21,14665,6,-1
2013-02-09 22,22,14427,6,-1
2013-02-09 23,23,13949,6,-1
2013-02-10 00,0,13480,7,-1
2013-02-10 01,1,11869,7,-1
2013-02-10 02,2,10918,7,-1
2013-02-10 03,3,9912,7,-1
2013-02-10 04,4,9706,7,-1
2013-02-10 05,5,9771,7,-1
2013-02-10 06,6,9773,7,-1
2013-02-10 07,7,10151,7,-1
2013-02-10 08,8,10641,7,-1
2013-02-10 09,9,11458,7,-1
2013-02-10 10,10,11906,7,-1
2013-02-10 11,11,12177,7,-1
2013-02-10 12,12,12164,7,-1
2013-02-10 13,13,11954,7,-1
2013-02-10 14,14,11867,7,-1
2013-02-10 15,15,12059,7,-1
2013-02-10 16,16,12697,7,-1
2013-02-10 17,17,13256,7,-1
2013-02-10 18,18,13573,7,-1
2013-02-10 19,19,13648,7,-1
2013-02-10 20,20,13594,7,-1
2013-02-10 21,21,13459,7,-1
2013-02-10 22,22,12999,7,-1
2013-02-10 23,23,12048,7,-1
2013-02-11 00,0,11192,1,-1
2013-02-11 01,1,10492,1,-1
2013-02-11 02,2,9922,1,-1
2013-02-11 03,3,9546,1,-1
2013-02-11 04,4,9269,1,-1
2013-02-11 05,5,9472,1,-1
2013-02-11 06,6,9547,1,-1
2013-02-11 07,7,9977,1,-1
2013-02-11 08,8,10582,1,-1
2013-02-11 09,9,11567,1,-1
2013-02-11 10,10,12066,1,-1
2013-02-11 11,11,12375,1,-1
2013-02-11 12,12,12323,1,-1
2013-02-11 13,13,12096,1,-1
2013-02-11 14,14,11963,1,-1
2013-02-11 15,15,12217,1,-1
2013-02-11 16,16,12772,1,-1
2013-02-11 17,17,13398,1,-1
2013-02-11 18,18,13576,1,-1
2013-02-11 19,19,13748,1,-1
2013-02-11 20,20,13752,1,-1
2013-02-11 21,21,13580,1,-1
2013-02-11 22,22,13026,1,-1
2013-02-11 23,23,12053,1,-1
2013-02-12 00,0,10924,2,1
2013-02-12 01,1,9951,2,1
2013-02-12 02,2,9459,2,1
2013-02-12 03,3,9340,2,1
2013-02-12 04,4,9022,2,1
2013-02-12 05,5,9349,2,1
2013-02-12 06,6,9316,2,1
2013-02-12 07,7,10009,2,1
2013-02-12 08,8,10568,2,1
2013-02-12 09,9,11362,2,1
2013-02-12 10,10,11940,2,1
2013-02-12 11,11,11956,2,1
2013-02-12 12,12,11900,2,1
2013-02-12 13,13,11793,2,1
2013-02-12 14,14,11750,2,1
2013-02-12 15,15,11803,2,1
2013-02-12 16,16,12310,2,1
2013-02-12 17,17,12964,2,1
2013-02-12 18,18,13242,2,1
2013-02-12 19,19,13400,2,1
2013-02-12 20,20,13483,2,1
2013-02-12 21,21,13364,2,1
2013-02-12 22,22,12901,2,1
2013-02-12 23,23,11903,2,1
2013-02-13 00,0,11018,3,1
2013-02-13 01,1,10146,3,1
2013-02-13 02,2,9697,3,1
2013-02-13 03,3,9473,3,1
2013-02-13 04,4,9380,3,1
2013-02-13 05,5,9581,3,1
2013-02-13 06,6,9706,3,1
2013-02-13 07,7,10206,3,1
2013-02-13 08,8,10904,3,1
2013-02-13 09,9,11592,3,1
2013-02-13 10,10,11851,3,1
2013-02-13 11,11,11896,3,1
2013-02-13 12,12,11831,3,1
2013-02-13 13,13,11753,3,1
2013-02-13 14,14,11668,3,1
2013-02-13 15,15,11947,3,1
2013-02-13 16,16,12531,3,1
2013-02-13 17,17,13121,3,1
2013-02-13 18,18,13445,3,1
2013-02-13 19,19,13575,3,1
2013-02-13 20,20,13524,3,1
2013-02-13 21,21,13521,3,1
2013-02-13 22,22,12985,3,1
2013-02-13 23,23,11960,3,1
2013-02-14 00,0,11076,4,1
2013-02-14 01,1,10274,4,1
2013-02-14 02,2,9856,4,1
2013-02-14 03,3,9547,4,1
2013-02-14 04,4,9482,4,1
2013-02-14 05,5,9693,4,1
2013-02-14 06,6,9780,4,1
2013-02-14 07,7,10305,4,1
2013-02-14 08,8,11229,4,1
2013-02-14 09,9,11970,4,1
2013-02-14 10,10,12555,4,1
2013-02-14 11,11,12602,4,1
2013-02-14 12,12,12538,4,1
2013-02-14 13,13,12474,4,1
2013-02-14 14,14,12548,4,1
2013-02-14 15,15,12579,4,1
2013-02-14 16,16,13049,4,1
2013-02-14 17,17,13487,4,1
2013-02-14 18,18,13955,4,1
2013-02-14 19,19,13991,4,1
2013-02-14 20,20,13911,4,1
2013-02-14 21,21,13610,4,1
2013-02-14 22,22,13072,4,1
2013-02-14 23,23,12299,4,1
2013-02-15 00,0,11165,5,1
2013-02-15 01,1,10289,5,1
2013-02-15 02,2,9798,5,1
2013-02-15 03,3,9617,5,1
2013-02-15 04,4,9530,5,1
2013-02-15 05,5,9854,5,1
2013-02-15 06,6,9729,5,1
2013-02-15 07,7,10539,5,1
2013-02-15 08,8,11472,5,1
2013-02-15 09,9,12200,5,1
2013-02-15 10,10,12602,5,1
2013-02-15 11,11,12562,5,1
2013-02-15 12,12,12403,5,1
2013-02-15 13,13,12236,5,1
2013-02-15 14,14,12132,5,1
2013-02-15 15,15,12282,5,1
2013-02-15 16,16,12714,5,1
2013-02-15 17,17,13161,5,1
2013-02-15 18,18,13529,5,1
2013-02-15 19,19,13796,5,1
2013-02-15 20,20,13889,5,1
2013-02-15 21,21,13642,5,1
2013-02-15 22,22,13235,5,1
2013-02-15 23,23,12259,5,1
2013-02-16 00,0,11150,6,0
2013-02-16 01,1,10450,6,0
2013-02-16 02,2,10027,6,0
2013-02-16 03,3,9955,6,0
2013-02-16 04,4,9921,6,0
2013-02-16 05,5,10261,6,0
2013-02-16 06,6,10513,6,0
2013-02-16 07,7,11955,6,0
2013-02-16 08,8,13636,6,0
2013-02-16 09,9,14506,6,0
2013-02-16 10,10,14665,6,0
2013-02-16 11,11,14551,6,0
2013-02-16 12,12,14440,6,0
2013-02-16 13,13,14280,6,0
2013-02-16 14,14,14023,6,0
2013-02-16 15,15,14171,6,0
2013-02-16 16,16,14572,6,0
2013-02-16 17,17,14675,6,0
2013-02-16 18,18,14739,6,0
2013-02-16 19,19,14947,6,0
2013-02-16 20,20,14987,6,0
2013-02-16 21,21,14806,6,0
2013-02-16 22,22,13964,6,0
2013-02-16 23,23,12884,6,0
2013-02-17 00,0,11654,7,0
2013-02-17 01,1,11017,7,0
2013-02-17 02,2,10633,7,0
2013-02-17 03,3,10331,7,0
2013-02-17 04,4,10369,7,0
2013-02-17 05,5,10909,7,0
2013-02-17 06,6,11240,7,0
2013-02-17 07,7,12662,7,0
2013-02-17 08,8,14413,7,0
2013-02-17 09,9,15403,7,0
2013-02-17 10,10,15739,7,0
2013-02-17 11,11,15527,7,0
2013-02-17 12,12,15565,7,0
2013-02-17 13,13,15523,7,0
2013-02-17 14,14,15336,7,0
2013-02-17 15,15,15405,7,0
2013-02-17 16,16,15363,7,0
2013-02-17 17,17,15266,7,0
2013-02-17 18,18,15323,7,0
2013-02-17 19,19,15350,7,0
2013-02-17 20,20,15245,7,0
2013-02-17 21,21,15149,7,0
2013-02-17 22,22,14484,7,0
2013-02-17 23,23,13468,7,0
2013-02-18 00,0,12264,1,0
2013-02-18 01,1,11906,1,0
2013-02-18 02,2,11302,1,0
2013-02-18 03,3,10882,1,0
2013-02-18 04,4,10947,1,0
2013-02-18 05,5,11230,1,0
2013-02-18 06,6,11767,1,0
2013-02-18 07,7,13449,1,0
2013-02-18 08,8,15430,1,0
2013-02-18 09,9,17280,1,0
2013-02-18 10,10,17688,1,0
2013-02-18 11,11,17490,1,0
2013-02-18 12,12,16498,1,0
2013-02-18 13,13,16132,1,0
2013-02-18 14,14,16163,1,0
2013-02-18 15,15,16172,1,0
2013-02-18 16,16,16455,1,0
2013-02-18 17,17,16558,1,0
2013-02-18 18,18,16729,1,0
2013-02-18 19,19,16737,1,0
2013-02-18 20,20,16718,1,0
2013-02-18 21,21,16496,1,0
2013-02-18 22,22,15653,1,0
2013-02-18 23,23,14395,1,0
2013-02-19 00,0,13016,2,0
2013-02-19 01,1,12192,2,0
2013-02-19 02,2,11721,2,0
2013-02-19 03,3,11400,2,0
2013-02-19 04,4,11400,2,0
2013-02-19 05,5,11862,2,0
2013-02-19 06,6,12514,2,0
2013-02-19 07,7,14277,2,0
2013-02-19 08,8,16699,2,0
2013-02-19 09,9,18905,2,0
2013-02-19 10,10,19414,2,0
2013-02-19 11,11,19184,2,0
2013-02-19 12,12,18154,2,0
2013-02-19 13,13,18332,2,0
2013-02-19 14,14,18426,2,0
2013-02-19 15,15,18384,2,0
2013-02-19 16,16,18336,2,0
2013-02-19 17,17,17912,2,0
2013-02-19 18,18,17980,2,0
2013-02-19 19,19,18097,2,0
2013-02-19 20,20,18016,2,0
2013-02-19 21,21,17713,2,0
2013-02-19 22,22,16557,2,0
2013-02-19 23,23,15280,2,0
2013-02-20 00,0,13985,3,0
2013-02-20 01,1,13089,3,0
2013-02-20 02,2,12619,3,0
2013-02-20 03,3,12293,3,0
2013-02-20 04,4,12298,3,0
2013-02-20 05,5,12774,3,0
2013-02-20 06,6,13392,3,0
2013-02-20 07,7,15184,3,0
2013-02-20 08,8,17673,3,0
2013-02-20 09,9,18684,3,0
2013-02-20 10,10,18902,3,0
2013-02-20 11,11,18856,3,0
2013-02-20 12,12,18517,3,0
2013-02-20 13,13,18536,3,0
2013-02-20 14,14,18520,3,0
2013-02-20 15,15,18463,3,0
2013-02-20 16,16,18544,3,0
2013-02-20 17,17,18664,3,0
2013-02-20 18,18,18906,3,0
2013-02-20 19,19,18904,3,0
2013-02-20 20,20,18757,3,0
2013-02-20 21,21,18462,3,0
2013-02-20 22,22,17339,3,0
2013-02-20 23,23,16076,3,0
2013-02-21 00,0,14777,4,0
2013-02-21 01,1,13354,4,0
2013-02-21 02,2,12309,4,0
2013-02-21 03,3,12031,4,0
2013-02-21 04,4,11822,4,0
2013-02-21 05,5,12276,4,0
2013-02-21 06,6,12886,4,0
2013-02-21 07,7,14539,4,0
2013-02-21 08,8,16984,4,0
2013-02-21 09,9,17921,4,0
2013-02-21 10,10,18292,4,0
2013-02-21 11,11,18254,4,0
2013-02-21 12,12,18000,4,0
2013-02-21 13,13,18062,4,0
2013-02-21 14,14,17875,4,0
2013-02-21 15,15,17490,4,0
2013-02-21 16,16,17566,4,0
2013-02-21 17,17,17306,4,0
2013-02-21 18,18,17675,4,0
2013-02-21 19,19,17723,4,0
2013-02-21 20,20,17591,4,0
2013-02-21 21,21,17365,4,0
2013-02-21 22,22,16425,4,0
2013-02-21 23,23,15267,4,0
2013-02-22 00,0,13985,5,0
2013-02-22 01,1,13194,5,0
2013-02-22 02,2,12384,5,0
2013-02-22 03,3,11903,5,0
2013-02-22 04,4,11647,5,0
2013-02-22 05,5,12229,5,0
2013-02-22 06,6,12822,5,0
2013-02-22 07,7,14475,5,0
2013-02-22 08,8,16691,5,0
2013-02-22 09,9,17979,5,0
2013-02-22 10,10,18488,5,0
2013-02-22 11,11,17987,5,0
2013-02-22 12,12,17567,5,0
2013-02-22 13,13,17473,5,0
2013-02-22 14,14,17316,5,0
2013-02-22 15,15,16907,5,0
2013-02-22 16,16,16837,5,0
2013-02-22 17,17,16689,5,0
2013-02-22 18,18,17029,5,0
2013-02-22 19,19,17163,5,0
2013-02-22 20,20,17114,5,0
2013-02-22 21,21,16792,5,0
2013-02-22 22,22,15934,5,0
2013-02-22 23,23,14738,5,0
2013-02-23 00,0,13520,6,1
2013-02-23 01,1,12763,6,1
2013-02-23 02,2,12284,6,1
2013-02-23 03,3,11842,6,1
2013-02-23 04,4,11708,6,1
2013-02-23 05,5,11890,6,1
2013-02-23 06,6,12259,6,1
2013-02-23 07,7,13558,6,1
2013-02-23 08,8,15210,6,1
2013-02-23 09,9,16256,6,1
2013-02-23 10,10,16391,6,1
2013-02-23 11,11,16306,6,1
2013-02-23 12,12,15751,6,1
2013-02-23 13,13,15831,6,1
2013-02-23 14,14,15771,6,1
2013-02-23 15,15,16030,6,1
2013-02-23 16,16,16385,6,1
2013-02-23 17,17,16245,6,1
2013-02-23 18,18,16436,6,1
2013-02-23 19,19,16336,6,1
2013-02-23 20,20,16051,6,1
2013-02-23 21,21,15753,6,1
2013-02-23 22,22,15054,6,1
2013-02-23 23,23,14284,6,1
2013-02-24 00,0,13073,7,1
2013-02-24 01,1,12371,7,1
2013-02-24 02,2,11629,7,1
2013-02-24 03,3,11498,7,1
2013-02-24 04,4,11298,7,1
2013-02-24 05,5,11692,7,1
2013-02-24 06,6,11677,7,1
2013-02-24 07,7,12541,7,1
2013-02-24 08,8,13779,7,1
2013-02-24 09,9,14674,7,1
2013-02-24 10,10,15044,7,1
2013-02-24 11,11,14735,7,1
2013-02-24 12,12,14573,7,1
2013-02-24 13,13,14611,7,1
2013-02-24 14,14,14581,7,1
2013-02-24 15,15,14801,7,1
2013-02-24 16,16,15553,7,1
2013-02-24 17,17,15754,7,1
2013-02-24 18,18,15865,7,1
2013-02-24 19,19,15808,7,1
2013-02-24 20,20,15526,7,1
2013-02-24 21,21,15190,7,1
2013-02-24 22,22,14319,7,1
2013-02-24 23,23,13343,7,1
2013-02-25 00,0,12238,1,0
2013-02-25 01,1,11472,1,0
2013-02-25 02,2,11036,1,0
2013-02-25 03,3,10661,1,0
2013-02-25 04,4,10912,1,0
2013-02-25 05,5,11430,1,0
2013-02-25 06,6,12351,1,0
2013-02-25 07,7,14060,1,0
2013-02-25 08,8,16200,1,0
2013-02-25 09,9,17356,1,0
2013-02-25 10,10,17652,1,0
2013-02-25 11,11,17294,1,0
2013-02-25 12,12,16803,1,0
2013-02-25 13,13,16925,1,0
2013-02-25 14,14,16879,1,0
2013-02-25 15,15,16923,1,0
2013-02-25 16,16,16942,1,0
2013-02-25 17,17,16686,1,0
2013-02-25 18,18,16636,1,0
2013-02-25 19,19,16666,1,0
2013-02-25 20,20,16410,1,0
2013-02-25 21,21,16167,1,0
2013-02-25 22,22,15273,1,0
2013-02-25 23,23,14101,1,0
2013-02-26 00,0,13083,2,0
2013-02-26 01,1,12577,2,0
2013-02-26 02,2,11933,2,0
2013-02-26 03,3,11408,2,0
2013-02-26 04,4,11240,2,0
2013-02-26 05,5,11862,2,0
2013-02-26 06,6,12571,2,0
2013-02-26 07,7,14168,2,0
2013-02-26 08,8,16255,2,0
2013-02-26 09,9,17439,2,0
2013-02-26 10,10,17969,2,0
2013-02-26 11,11,17438,2,0
2013-02-26 12,12,16577,2,0
2013-02-26 13,13,16523,2,0
2013-02-26 14,14,16529,2,0
2013-02-26 15,15,16443,2,0
2013-02-26 16,16,16522,2,0
2013-02-26 17,17,16507,2,0
2013-02-26 18,18,16751,2,0
2013-02-26 19,19,16623,2,0
2013-02-26 20,20,16397,2,0
2013-02-26 21,21,15915,2,0
2013-02-26 22,22,15258,2,0
2013-02-26 23,23,14005,2,0
2013-02-27 00,0,12848,3,0
2013-02-27 01,1,12325,3,0
2013-02-27 02,2,11573,3,0
2013-02-27 03,3,11362,3,0
2013-02-27 04,4,11282,3,0
2013-02-27 05,5,11746,3,0
2013-02-27 06,6,12522,3,0
2013-02-27 07,7,14100,3,0
2013-02-27 08,8,16337,3,0
2013-02-27 09,9,17525,3,0
2013-02-27 10,10,17885,3,0
2013-02-27 11,11,17575,3,0
2013-02-27 12,12,16608,3,0
2013-02-27 13,13,16819,3,0
2013-02-27 14,14,16779,3,0
2013-02-27 15,15,16602,3,0
2013-02-27 16,16,16674,3,0
2013-02-27 17,17,16569,3,0
2013-02-27 18,18,16638,3,0
2013-02-27 19,19,16648,3,0
2013-02-27 20,20,16476,3,0
2013-02-27 21,21,16069,3,0
2013-02-27 22,22,15219,3,0
2013-02-27 23,23,14025,3,0
2013-02-28 00,0,12752,4,0
2013-02-28 01,1,12225,4,0
2013-02-28 02,2,11461,4,0
2013-02-28 03,3,11262,4,0
2013-02-28 04,4,11182,4,0
2013-02-28 05,5,11646,4,0
2013-02-28 06,6,12422,4,0
2013-02-28 07,7,14000,4,0
2013-02-28 08,8,15937,4,0
2013-02-28 09,9,17011,4,0
2013-02-28 10,10,17193,4,0
2013-02-28 11,11,16659,4,0
2013-02-28 12,12,16071,4,0
2013-02-28 13,13,16171,4,0
2013-02-28 14,14,16026,4,0
2013-02-28 15,15,15898,4,0
2013-02-28 16,16,16001,4,0
2013-02-28 17,17,15862,4,0
2013-02-28 18,18,16209,4,0
2013-02-28 19,19,16160,4,0
2013-02-28 20,20,15921,4,0
2013-02-28 21,21,15459,4,0
2013-02-28 22,22,14732,4,0
2013-02-28 23,23,13707,4,0
2013-03-01 00,0,12657,5,0
2013-03-01 01,1,12086,5,0
2013-03-01 02,2,11703,5,0
2013-03-01 03,3,11483,5,0
2013-03-01 04,4,11457,5,0
2013-03-01 05,5,11888,5,0
2013-03-01 06,6,12740,5,0
2013-03-01 07,7,14351,5,0
2013-03-01 08,8,16564,5,0
2013-03-01 09,9,18300,5,0
2013-03-01 10,10,18870,5,0
2013-03-01 11,11,18605,5,0
2013-03-01 12,12,17187,5,0
2013-03-01 13,13,17227,5,0
2013-03-01 14,14,17166,5,0
2013-03-01 15,15,17095,5,0
2013-03-01 16,16,17014,5,0
2013-03-01 17,17,16956,5,0
2013-03-01 18,18,17347,5,0
2013-03-01 19,19,17312,5,0
2013-03-01 20,20,17079,5,0
2013-03-01 21,21,16532,5,0
2013-03-01 22,22,15861,5,0
2013-03-01 23,23,14619,5,0
2013-03-02 00,0,13265,6,1
2013-03-02 01,1,12693,6,1
2013-03-02 02,2,12159,6,1
2013-03-02 03,3,11811,6,1
2013-03-02 04,4,11816,6,1
2013-03-02 05,5,12165,6,1
2013-03-02 06,6,12629,6,1
2013-03-02 07,7,13811,6,1
2013-03-02 08,8,15352,6,1
2013-03-02 09,9,16388,6,1
2013-03-02 10,10,16694,6,1
2013-03-02 11,11,16470,6,1
2013-03-02 12,12,16235,6,1
2013-03-02 13,13,16285,6,1
2013-03-02 14,14,16295,6,1
2013-03-02 15,15,16510,6,1
2013-03-02 16,16,16790,6,1
2013-03-02 17,17,16884,6,1
2013-03-02 18,18,16863,6,1
2013-03-02 19,19,16615,6,1
2013-03-02 20,20,16249,6,1
2013-03-02 21,21,15848,6,1
2013-03-02 22,22,15224,6,1
2013-03-02 23,23,14184,6,1
2013-03-03 00,0,13145,7,1
2013-03-03 01,1,12391,7,1
2013-03-03 02,2,11828,7,1
2013-03-03 03,3,11568,7,1
2013-03-03 04,4,11569,7,1
2013-03-03 05,5,11933,7,1
2013-03-03 06,6,12100,7,1
2013-03-03 07,7,13139,7,1
2013-03-03 08,8,14328,7,1
2013-03-03 09,9,15140,7,1
2013-03-03 10,10,15472,7,1
2013-03-03 11,11,15341,7,1
2013-03-03 12,12,14890,7,1
2013-03-03 13,13,14781,7,1
2013-03-03 14,14,14664,7,1
2013-03-03 15,15,14830,7,1
2013-03-03 16,16,15324,7,1
2013-03-03 17,17,15681,7,1
2013-03-03 18,18,16156,7,1
2013-03-03 19,19,16115,7,1
2013-03-03 20,20,15924,7,1
2013-03-03 21,21,15573,7,1
2013-03-03 22,22,14799,7,1
2013-03-03 23,23,13865,7,1
2013-03-04 00,0,12637,1,0
2013-03-04 01,1,11948,1,0
2013-03-04 02,2,11527,1,0
2013-03-04 03,3,11449,1,0
2013-03-04 04,4,11403,1,0
2013-03-04 05,5,11824,1,0
2013-03-04 06,6,12711,1,0
2013-03-04 07,7,14542,1,0
2013-03-04 08,8,16605,1,0
2013-03-04 09,9,17815,1,0
2013-03-04 10,10,18009,1,0
2013-03-04 11,11,17486,1,0
2013-03-04 12,12,16964,1,0
2013-03-04 13,13,17053,1,0
2013-03-04 14,14,16966,1,0
2013-03-04 15,15,16855,1,0
2013-03-04 16,16,16861,1,0
2013-03-04 17,17,17020,1,0
2013-03-04 18,18,17146,1,0
2013-03-04 19,19,17139,1,0
2013-03-04 20,20,16993,1,0
2013-03-04 21,21,16533,1,0
2013-03-04 22,22,15752,1,0
2013-03-04 23,23,14601,1,0
2013-03-05 00,0,13213,2,0
2013-03-05 01,1,12513,2,0
2013-03-05 02,2,11845,2,0
2013-03-05 03,3,11590,2,0
2013-03-05 04,4,11594,2,0
2013-03-05 05,5,12100,2,0
2013-03-05 06,6,12869,2,0
2013-03-05 07,7,14694,2,0
2013-03-05 08,8,16662,2,0
2013-03-05 09,9,17520,2,0
2013-03-05 10,10,17555,2,0
2013-03-05 11,11,17113,2,0
2013-03-05 12,12,16596,2,0
2013-03-05 13,13,16554,2,0
2013-03-05 14,14,16464,2,0
2013-03-05 15,15,16663,2,0
2013-03-05 16,16,16766,2,0
2013-03-05 17,17,16774,2,0
2013-03-05 18,18,16876,2,0
2013-03-05 19,19,16936,2,0
2013-03-05 20,20,16432,2,0
2013-03-05 21,21,16071,2,0
2013-03-05 22,22,15211,2,0
2013-03-05 23,23,14042,2,0
2013-03-06 00,0,12959,3,0
2013-03-06 01,1,12313,3,0
2013-03-06 02,2,11645,3,0
2013-03-06 03,3,11386,3,0
2013-03-06 04,4,11383,3,0
2013-03-06 05,5,11900,3,0
2013-03-06 06,6,12569,3,0
2013-03-06 07,7,14405,3,0
2013-03-06 08,8,16263,3,0
2013-03-06 09,9,16916,3,0
2013-03-06 10,10,16880,3,0
2013-03-06 11,11,16400,3,0
2013-03-06 12,12,16234,3,0
2013-03-06 13,13,16006,3,0
2013-03-06 14,14,15737,3,0
2013-03-06 15,15,15804,3,0
2013-03-06 16,16,15884,3,0
2013-03-06 17,17,15887,3,0
2013-03-06 18,18,16250,3,0
2013-03-06 19,19,16218,3,0
2013-03-06 20,20,15927,3,0
2013-03-06 21,21,15485,3,0
2013-03-06 22,22,14745,3,0
2013-03-06 23,23,13660,3,0
2013-03-07 00,0,12767,4,0
2013-03-07 01,1,12234,4,0
2013-03-07 02,2,11548,4,0
2013-03-07 03,3,11348,4,0
2013-03-07 04,4,11500,4,0
2013-03-07 05,5,11958,4,0
2013-03-07 06,6,12489,4,0
2013-03-07 07,7,14212,4,0
2013-03-07 08,8,16001,4,0
2013-03-07 09,9,16338,4,0
2013-03-07 10,10,16617,4,0
2013-03-07 11,11,16093,4,0
2013-03-07 12,12,15673,4,0
2013-03-07 13,13,15822,4,0
2013-03-07 14,14,15676,4,0
2013-03-07 15,15,15641,4,0
2013-03-07 16,16,15785,4,0
2013-03-07 17,17,15702,4,0
2013-03-07 18,18,16026,4,0
2013-03-07 19,19,15939,4,0
2013-03-07 20,20,15713,4,0
2013-03-07 21,21,15286,4,0
2013-03-07 22,22,14605,4,0
2013-03-07 23,23,13582,4,0
2013-03-08 00,0,12532,5,0
2013-03-08 01,1,11913,5,0
2013-03-08 02,2,11250,5,0
2013-03-08 03,3,11048,5,0
2013-03-08 04,4,11203,5,0
2013-03-08 05,5,11670,5,0
2013-03-08 06,6,12283,5,0
2013-03-08 07,7,13831,5,0
2013-03-08 08,8,15435,5,0
2013-03-08 09,9,16148,5,0
2013-03-08 10,10,16431,5,0
2013-03-08 11,11,15972,5,0
2013-03-08 12,12,15289,5,0
2013-03-08 13,13,15667,5,0
2013-03-08 14,14,15338,5,0
2013-03-08 15,15,15487,5,0
2013-03-08 16,16,15665,5,0
2013-03-08 17,17,15405,5,0
2013-03-08 18,18,15868,5,0
2013-03-08 19,19,15686,5,0
2013-03-08 20,20,15379,5,0
2013-03-08 21,21,15042,5,0
2013-03-08 22,22,14316,5,0
2013-03-08 23,23,13320,5,0
2013-03-09 00,0,12251,6,1
2013-03-09 01,1,11578,6,1
2013-03-09 02,2,11191,6,1
2013-03-09 03,3,10780,6,1
2013-03-09 04,4,10725,6,1
2013-03-09 05,5,11232,6,1
2013-03-09 06,6,11419,6,1
2013-03-09 07,7,12513,6,1
2013-03-09 08,8,13828,6,1
2013-03-09 09,9,14752,6,1
2013-03-09 10,10,14997,6,1
2013-03-09 11,11,14815,6,1
2013-03-09 12,12,14333,6,1
2013-03-09 13,13,14441,6,1
2013-03-09 14,14,14268,6,1
2013-03-09 15,15,14466,6,1
2013-03-09 16,16,14552,6,1
2013-03-09 17,17,14443,6,1
2013-03-09 18,18,14881,6,1
2013-03-09 19,19,14864,6,1
2013-03-09 20,20,14535,6,1
2013-03-09 21,21,14363,6,1
2013-03-09 22,22,13672,6,1
2013-03-09 23,23,12771,6,1
2013-03-10 00,0,11675,7,1
2013-03-10 01,1,11184,7,1
2013-03-10 02,2,10813,7,1
2013-03-10 03,3,10515,7,1
2013-03-10 04,4,10583,7,1
2013-03-10 05,5,10718,7,1
2013-03-10 06,6,11182,7,1
2013-03-10 07,7,12018,7,1
2013-03-10 08,8,13199,7,1
2013-03-10 09,9,14035,7,1
2013-03-10 10,10,14270,7,1
2013-03-10 11,11,14181,7,1
2013-03-10 12,12,13689,7,1
2013-03-10 13,13,13649,7,1
2013-03-10 14,14,13650,7,1
2013-03-10 15,15,13666,7,1
2013-03-10 16,16,14099,7,1
2013-03-10 17,17,14405,7,1
2013-03-10 18,18,14874,7,1
2013-03-10 19,19,14989,7,1
2013-03-10 20,20,15001,7,1
2013-03-10 21,21,14727,7,1
2013-03-10 22,22,14056,7,1
2013-03-10 23,23,12963,7,1
2013-03-11 00,0,11879,1,0
2013-03-11 01,1,11445,1,0
2013-03-11 02,2,11024,1,0
2013-03-11 03,3,10750,1,0
2013-03-11 04,4,10710,1,0
2013-03-11 05,5,11284,1,0
2013-03-11 06,6,12208,1,0
2013-03-11 07,7,14124,1,0
2013-03-11 08,8,16301,1,0
2013-03-11 09,9,17436,1,0
2013-03-11 10,10,18217,1,0
2013-03-11 11,11,17669,1,0
2013-03-11 12,12,17264,1,0
2013-03-11 13,13,17328,1,0
2013-03-11 14,14,17092,1,0
2013-03-11 15,15,16935,1,0
2013-03-11 16,16,16923,1,0
2013-03-11 17,17,16862,1,0
2013-03-11 18,18,17124,1,0
2013-03-11 19,19,17124,1,0
2013-03-11 20,20,16616,1,0
2013-03-11 21,21,16141,1,0
2013-03-11 22,22,15223,1,0
2013-03-11 23,23,13970,1,0
2013-03-12 00,0,12871,2,0
2013-03-12 01,1,12119,2,0
2013-03-12 02,2,11530,2,0
2013-03-12 03,3,11149,2,0
2013-03-12 04,4,11292,2,0
2013-03-12 05,5,11743,2,0
2013-03-12 06,6,12626,2,0
2013-03-12 07,7,14283,2,0
2013-03-12 08,8,15911,2,0
2013-03-12 09,9,16850,2,0
2013-03-12 10,10,17054,2,0
2013-03-12 11,11,16467,2,0
2013-03-12 12,12,15877,2,0
2013-03-12 13,13,16029,2,0
2013-03-12 14,14,15870,2,0
2013-03-12 15,15,15690,2,0
2013-03-12 16,16,15929,2,0
2013-03-12 17,17,15714,2,0
2013-03-12 18,18,16163,2,0
2013-03-12 19,19,16190,2,0
2013-03-12 20,20,15688,2,0
2013-03-12 21,21,15471,2,0
2013-03-12 22,22,14573,2,0
2013-03-12 23,23,13554,2,0
2013-03-13 00,0,12780,3,0
2013-03-13 01,1,12122,3,0
2013-03-13 02,2,11804,3,0
2013-03-13 03,3,11472,3,0
2013-03-13 04,4,11591,3,0
2013-03-13 05,5,12056,3,0
2013-03-13 06,6,12737,3,0
2013-03-13 07,7,14397,3,0
2013-03-13 08,8,16273,3,0
2013-03-13 09,9,17796,3,0
2013-03-13 10,10,18323,3,0
2013-03-13 11,11,17938,3,0
2013-03-13 12,12,17374,3,0
2013-03-13 13,13,17406,3,0
2013-03-13 14,14,17229,3,0
2013-03-13 15,15,17218,3,0
2013-03-13 16,16,17245,3,0
2013-03-13 17,17,17224,3,0
2013-03-13 18,18,17460,3,0
2013-03-13 19,19,17433,3,0
2013-03-13 20,20,17069,3,0
2013-03-13 21,21,16154,3,0
2013-03-13 22,22,15368,3,0
2013-03-13 23,23,14270,3,0
2013-03-14 00,0,13166,4,0
2013-03-14 01,1,12045,4,0
2013-03-14 02,2,11706,4,0
2013-03-14 03,3,11374,4,0
2013-03-14 04,4,11493,4,0
2013-03-14 05,5,11958,4,0
2013-03-14 06,6,12720,4,0
2013-03-14 07,7,14441,4,0
2013-03-14 08,8,16738,4,0
2013-03-14 09,9,18783,4,0
2013-03-14 10,10,19064,4,0
2013-03-14 11,11,18107,4,0
2013-03-14 12,12,17308,4,0
2013-03-14 13,13,17505,4,0
2013-03-14 14,14,17379,4,0
2013-03-14 15,15,17325,4,0
2013-03-14 16,16,17345,4,0
2013-03-14 17,17,16972,4,0
2013-03-14 18,18,17552,4,0
2013-03-14 19,19,17523,4,0
2013-03-14 20,20,17045,4,0
2013-03-14 21,21,16153,4,0
2013-03-14 22,22,15359,4,0
2013-03-14 23,23,14254,4,0
2013-03-15 00,0,13145,5,0
2013-03-15 01,1,12468,5,0
2013-03-15 02,2,11918,5,0
2013-03-15 03,3,11880,5,0
2013-03-15 04,4,11845,5,0
2013-03-15 05,5,12447,5,0
2013-03-15 06,6,13266,5,0
2013-03-15 07,7,14848,5,0
2013-03-15 08,8,16808,5,0
2013-03-15 09,9,17814,5,0
2013-03-15 10,10,18067,5,0
2013-03-15 11,11,17636,5,0
2013-03-15 12,12,17187,5,0
2013-03-15 13,13,17170,5,0
2013-03-15 14,14,17089,5,0
2013-03-15 15,15,17214,5,0
2013-03-15 16,16,17170,5,0
2013-03-15 17,17,16843,5,0
2013-03-15 18,18,17072,5,0
2013-03-15 19,19,17064,5,0
2013-03-15 20,20,16930,5,0
2013-03-15 21,21,16666,5,0
2013-03-15 22,22,15761,5,0
2013-03-15 23,23,14406,5,0
2013-03-16 00,0,13121,6,1
2013-03-16 01,1,12580,6,1
2013-03-16 02,2,12053,6,1
2013-03-16 03,3,11706,6,1
2013-03-16 04,4,11594,6,1
2013-03-16 05,5,11989,6,1
2013-03-16 06,6,12118,6,1
2013-03-16 07,7,13512,6,1
2013-03-16 08,8,14817,6,1
2013-03-16 09,9,15307,6,1
2013-03-16 10,10,15655,6,1
2013-03-16 11,11,15172,6,1
2013-03-16 12,12,14710,6,1
2013-03-16 13,13,14860,6,1
2013-03-16 14,14,14750,6,1
2013-03-16 15,15,14919,6,1
2013-03-16 16,16,15306,6,1
2013-03-16 17,17,15386,6,1
2013-03-16 18,18,15814,6,1
2013-03-16 19,19,15724,6,1
2013-03-16 20,20,15660,6,1
2013-03-16 21,21,15463,6,1
2013-03-16 22,22,14902,6,1
2013-03-16 23,23,13859,6,1
2013-03-17 00,0,12833,7,1
2013-03-17 01,1,12214,7,1
2013-03-17 02,2,11556,7,1
2013-03-17 03,3,11331,7,1
2013-03-17 04,4,11047,7,1
2013-03-17 05,5,11325,7,1
2013-03-17 06,6,11416,7,1
2013-03-17 07,7,12227,7,1
2013-03-17 08,8,13298,7,1
2013-03-17 09,9,14000,7,1
2013-03-17 10,10,14418,7,1
2013-03-17 11,11,14257,7,1
2013-03-17 12,12,13860,7,1
2013-03-17 13,13,13884,7,1
2013-03-17 14,14,13632,7,1
2013-03-17 15,15,13861,7,1
2013-03-17 16,16,14196,7,1
2013-03-17 17,17,14506,7,1
2013-03-17 18,18,14775,7,1
2013-03-17 19,19,14960,7,1
2013-03-17 20,20,14872,7,1
2013-03-17 21,21,14828,7,1
2013-03-17 22,22,14021,7,1
2013-03-17 23,23,13084,7,1
2013-03-18 00,0,11964,1,0
2013-03-18 01,1,11465,1,0
2013-03-18 02,2,11024,1,0
2013-03-18 03,3,10949,1,0
2013-03-18 04,4,10904,1,0
2013-03-18 05,5,11554,1,0
2013-03-18 06,6,12310,1,0
2013-03-18 07,7,14126,1,0
2013-03-18 08,8,16057,1,0
2013-03-18 09,9,16794,1,0
2013-03-18 10,10,16889,1,0
2013-03-18 11,11,16597,1,0
2013-03-18 12,12,16200,1,0
2013-03-18 13,13,16212,1,0
2013-03-18 14,14,16049,1,0
2013-03-18 15,15,16073,1,0
2013-03-18 16,16,16071,1,0
2013-03-18 17,17,16046,1,0
2013-03-18 18,18,16342,1,0
2013-03-18 19,19,16325,1,0
2013-03-18 20,20,16041,1,0
2013-03-18 21,21,15631,1,0
2013-03-18 22,22,14844,1,0
2013-03-18 23,23,13680,1,0
2013-03-19 00,0,12681,2,0
2013-03-19 01,1,12110,2,0
2013-03-19 02,2,11655,2,0
2013-03-19 03,3,11238,2,0
2013-03-19 04,4,11397,2,0
2013-03-19 05,5,11867,2,0
2013-03-19 06,6,12557,2,0
2013-03-19 07,7,14118,2,0
2013-03-19 08,8,15609,2,0
2013-03-19 09,9,16301,2,0
2013-03-19 10,10,16367,2,0
2013-03-19 11,11,16034,2,0
2013-03-19 12,12,15452,2,0
2013-03-19 13,13,15732,2,0
2013-03-19 14,14,15817,2,0
2013-03-19 15,15,15984,2,0
2013-03-19 16,16,16032,2,0
2013-03-19 17,17,15911,2,0
2013-03-19 18,18,16178,2,0
2013-03-19 19,19,16070,2,0
2013-03-19 20,20,15561,2,0
2013-03-19 21,21,15157,2,0
2013-03-19 22,22,14477,2,0
2013-03-19 23,23,13358,2,0
2013-03-20 00,0,12474,3,0
2013-03-20 01,1,11697,3,0
2013-03-20 02,2,11222,3,0
2013-03-20 03,3,10983,3,0
2013-03-20 04,4,11086,3,0
2013-03-20 05,5,11709,3,0
2013-03-20 06,6,12410,3,0
2013-03-20 07,7,14143,3,0
2013-03-20 08,8,15982,3,0
2013-03-20 09,9,16980,3,0
2013-03-20 10,10,17534,3,0
2013-03-20 11,11,17091,3,0
2013-03-20 12,12,16352,3,0
2013-03-20 13,13,16435,3,0
2013-03-20 14,14,16286,3,0
2013-03-20 15,15,16173,3,0
2013-03-20 16,16,16244,3,0
2013-03-20 17,17,16265,3,0
2013-03-20 18,18,16681,3,0
2013-03-20 19,19,16643,3,0
2013-03-20 20,20,16365,3,0
2013-03-20 21,21,15876,3,0
2013-03-20 22,22,15045,3,0
2013-03-20 23,23,13900,3,0
2013-03-21 00,0,12887,4,0
2013-03-21 01,1,12302,4,0
2013-03-21 02,2,11839,4,0
2013-03-21 03,3,11696,4,0
2013-03-21 04,4,11538,4,0
2013-03-21 05,5,11954,4,0
2013-03-21 06,6,12853,4,0
2013-03-21 07,7,14522,4,0
2013-03-21 08,8,16179,4,0
2013-03-21 09,9,17541,4,0
2013-03-21 10,10,17698,4,0
2013-03-21 11,11,17129,4,0
2013-03-21 12,12,16683,4,0
2013-03-21 13,13,16738,4,0
2013-03-21 14,14,16756,4,0
2013-03-21 15,15,16613,4,0
2013-03-21 16,16,16768,4,0
2013-03-21 17,17,16562,4,0
2013-03-21 18,18,17019,4,0
2013-03-21 19,19,16955,4,0
2013-03-21 20,20,16665,4,0
2013-03-21 21,21,16183,4,0
2013-03-21 22,22,15306,4,0
2013-03-21 23,23,14406,4,0
2013-03-22 00,0,13192,5,0
2013-03-22 01,1,12268,5,0
2013-03-22 02,2,11778,5,0
2013-03-22 03,3,11675,5,0
2013-03-22 04,4,11677,5,0
2013-03-22 05,5,12163,5,0
2013-03-22 06,6,12727,5,0
2013-03-22 07,7,14136,5,0
2013-03-22 08,8,15913,5,0
2013-03-22 09,9,16919,5,0
2013-03-22 10,10,17134,5,0
2013-03-22 11,11,16455,5,0
2013-03-22 12,12,16109,5,0
2013-03-22 13,13,16283,5,0
2013-03-22 14,14,16357,5,0
2013-03-22 15,15,16432,5,0
2013-03-22 16,16,16435,5,0
2013-03-22 17,17,16233,5,0
2013-03-22 18,18,16319,5,0
2013-03-22 19,19,16242,5,0
2013-03-22 20,20,16111,5,0
2013-03-22 21,21,15582,5,0
2013-03-22 22,22,14759,5,0
2013-03-22 23,23,13863,5,0
2013-03-23 00,0,12712,6,1
2013-03-23 01,1,12239,6,1
2013-03-23 02,2,11796,6,1
2013-03-23 03,3,11576,6,1
2013-03-23 04,4,11513,6,1
2013-03-23 05,5,11612,6,1
2013-03-23 06,6,11847,6,1
2013-03-23 07,7,13195,6,1
2013-03-23 08,8,14990,6,1
2013-03-23 09,9,15779,6,1
2013-03-23 10,10,16280,6,1
2013-03-23 11,11,16009,6,1
2013-03-23 12,12,15598,6,1
2013-03-23 13,13,15624,6,1
2013-03-23 14,14,15450,6,1
2013-03-23 15,15,15346,6,1
2013-03-23 16,16,15633,6,1
2013-03-23 17,17,15781,6,1
2013-03-23 18,18,16209,6,1
2013-03-23 19,19,16055,6,1
2013-03-23 20,20,15842,6,1
2013-03-23 21,21,15396,6,1
2013-03-23 22,22,14815,6,1
2013-03-23 23,23,13913,6,1
2013-03-24 00,0,12833,7,1
2013-03-24 01,1,11884,7,1
2013-03-24 02,2,11413,7,1
2013-03-24 03,3,11197,7,1
2013-03-24 04,4,11181,7,1
2013-03-24 05,5,11389,7,1
2013-03-24 06,6,11445,7,1
2013-03-24 07,7,12399,7,1
2013-03-24 08,8,13540,7,1
2013-03-24 09,9,14690,7,1
2013-03-24 10,10,14979,7,1
2013-03-24 11,11,14942,7,1
2013-03-24 12,12,14563,7,1
2013-03-24 13,13,14509,7,1
2013-03-24 14,14,14294,7,1
2013-03-24 15,15,14639,7,1
2013-03-24 16,16,15079,7,1
2013-03-24 17,17,15249,7,1
2013-03-24 18,18,15630,7,1
2013-03-24 19,19,15648,7,1
2013-03-24 20,20,15381,7,1
2013-03-24 21,21,14997,7,1
2013-03-24 22,22,14472,7,1
2013-03-24 23,23,13464,7,1
2013-03-25 00,0,12390,1,0
2013-03-25 01,1,11384,1,0
2013-03-25 02,2,10922,1,0
2013-03-25 03,3,10780,1,0
2013-03-25 04,4,10799,1,0
2013-03-25 05,5,11285,1,0
2013-03-25 06,6,12211,1,0
2013-03-25 07,7,14134,1,0
2013-03-25 08,8,16601,1,0
2013-03-25 09,9,17907,1,0
2013-03-25 10,10,18093,1,0
2013-03-25 11,11,17689,1,0
2013-03-25 12,12,17318,1,0
2013-03-25 13,13,17392,1,0
2013-03-25 14,14,17211,1,0
2013-03-25 15,15,17301,1,0
2013-03-25 16,16,17312,1,0
2013-03-25 17,17,17196,1,0
2013-03-25 18,18,17517,1,0
2013-03-25 19,19,17407,1,0
2013-03-25 20,20,17150,1,0
2013-03-25 21,21,16626,1,0
2013-03-25 22,22,15794,1,0
2013-03-25 23,23,14542,1,0
2013-03-26 00,0,13307,2,0
2013-03-26 01,1,12881,2,0
2013-03-26 02,2,12265,2,0
2013-03-26 03,3,11984,2,0
2013-03-26 04,4,11981,2,0
2013-03-26 05,5,12444,2,0
2013-03-26 06,6,13195,2,0
2013-03-26 07,7,14795,2,0
2013-03-26 08,8,16759,2,0
2013-03-26 09,9,18406,2,0
2013-03-26 10,10,18684,2,0
2013-03-26 11,11,18078,2,0
2013-03-26 12,12,17196,2,0
2013-03-26 13,13,17224,2,0
2013-03-26 14,14,17083,2,0
2013-03-26 15,15,16939,2,0
2013-03-26 16,16,17229,2,0
2013-03-26 17,17,17049,2,0
2013-03-26 18,18,17552,2,0
2013-03-26 19,19,17537,2,0
2013-03-26 20,20,17304,2,0
2013-03-26 21,21,16801,2,0
2013-03-26 22,22,15906,2,0
2013-03-26 23,23,14571,2,0
2013-03-27 00,0,13300,3,0
2013-03-27 01,1,12669,3,0
2013-03-27 02,2,12399,3,0
2013-03-27 03,3,12092,3,0
2013-03-27 04,4,12083,3,0
2013-03-27 05,5,12686,3,0
2013-03-27 06,6,13316,3,0
2013-03-27 07,7,14823,3,0
2013-03-27 08,8,17086,3,0
2013-03-27 09,9,17949,3,0
2013-03-27 10,10,18021,3,0
2013-03-27 11,11,17546,3,0
2013-03-27 12,12,16999,3,0
2013-03-27 13,13,17027,3,0
2013-03-27 14,14,16906,3,0
2013-03-27 15,15,16738,3,0
2013-03-27 16,16,16809,3,0
2013-03-27 17,17,16551,3,0
2013-03-27 18,18,17289,3,0
2013-03-27 19,19,17305,3,0
2013-03-27 20,20,16976,3,0
2013-03-27 21,21,16546,3,0
2013-03-27 22,22,15544,3,0
2013-03-27 23,23,14268,3,0
2013-03-28 00,0,13211,4,0
2013-03-28 01,1,12556,4,0
2013-03-28 02,2,12133,4,0
2013-03-28 03,3,11896,4,0
2013-03-28 04,4,11949,4,0
2013-03-28 05,5,12554,4,0
2013-03-28 06,6,13247,4,0
2013-03-28 07,7,14608,4,0
2013-03-28 08,8,16353,4,0
2013-03-28 09,9,17125,4,0
2013-03-28 10,10,17195,4,0
2013-03-28 11,11,16737,4,0
2013-03-28 12,12,16037,4,0
2013-03-28 13,13,16415,4,0
2013-03-28 14,14,16104,4,0
2013-03-28 15,15,16209,4,0
2013-03-28 16,16,16309,4,0
2013-03-28 17,17,16094,4,0
2013-03-28 18,18,16681,4,0
2013-03-28 19,19,16596,4,0
2013-03-28 20,20,16299,4,0
2013-03-28 21,21,15863,4,0
2013-03-28 22,22,15111,4,0
2013-03-28 23,23,14036,4,0
2013-03-29 00,0,13172,5,0
2013-03-29 01,1,12597,5,0
2013-03-29 02,2,12119,5,0
2013-03-29 03,3,11874,5,0
2013-03-29 04,4,11817,5,0
2013-03-29 05,5,12426,5,0
2013-03-29 06,6,12991,5,0
2013-03-29 07,7,14775,5,0
2013-03-29 08,8,17061,5,0
2013-03-29 09,9,17808,5,0
2013-03-29 10,10,17724,5,0
2013-03-29 11,11,17292,5,0
2013-03-29 12,12,17445,5,0
2013-03-29 13,13,17666,5,0
2013-03-29 14,14,17551,5,0
2013-03-29 15,15,17463,5,0
2013-03-29 16,16,17488,5,0
2013-03-29 17,17,17207,5,0
2013-03-29 18,18,17512,5,0
2013-03-29 19,19,17509,5,0
2013-03-29 20,20,17073,5,0
2013-03-29 21,21,16431,5,0
2013-03-29 22,22,15446,5,0
2013-03-29 23,23,14327,5,0
2013-03-30 00,0,13146,6,1
2013-03-30 01,1,12485,6,1
2013-03-30 02,2,12045,6,1
2013-03-30 03,3,11527,6,1
2013-03-30 04,4,11406,6,1
2013-03-30 05,5,11787,6,1
2013-03-30 06,6,12071,6,1
2013-03-30 07,7,13360,6,1
2013-03-30 08,8,14907,6,1
2013-03-30 09,9,15543,6,1
2013-03-30 10,10,15684,6,1
2013-03-30 11,11,15539,6,1
2013-03-30 12,12,15264,6,1
2013-03-30 13,13,15222,6,1
2013-03-30 14,14,15051,6,1
2013-03-30 15,15,14950,6,1
2013-03-30 16,16,15231,6,1
2013-03-30 17,17,15511,6,1
2013-03-30 18,18,16029,6,1
2013-03-30 19,19,16061,6,1
2013-03-30 20,20,15827,6,1
2013-03-30 21,21,15402,6,1
2013-03-30 22,22,14809,6,1
2013-03-30 23,23,14088,6,1
2013-03-31 00,0,13089,7,1
2013-03-31 01,1,11678,7,1
2013-03-31 02,2,11143,7,1
2013-03-31 03,3,10964,7,1
2013-03-31 04,4,10969,7,1
2013-03-31 05,5,11210,7,1
2013-03-31 06,6,11287,7,1
2013-03-31 07,7,12422,7,1
2013-03-31 08,8,13495,7,1
2013-03-31 09,9,14393,7,1
2013-03-31 10,10,14465,7,1
2013-03-31 11,11,14404,7,1
2013-03-31 12,12,14391,7,1
2013-03-31 13,13,14478,7,1
2013-03-31 14,14,14404,7,1
2013-03-31 15,15,14713,7,1
2013-03-31 16,16,15229,7,1
2013-03-31 17,17,15228,7,1
2013-03-31 18,18,15463,7,1
2013-03-31 19,19,15507,7,1
2013-03-31 20,20,15402,7,1
2013-03-31 21,21,15062,7,1
2013-03-31 22,22,14276,7,1
2013-03-31 23,23,13212,7,1
2013-04-01 00,0,12168,1,0
2013-04-01 01,1,11290,1,0
2013-04-01 02,2,10872,1,0
2013-04-01 03,3,10803,1,0
2013-04-01 04,4,10863,1,0
2013-04-01 05,5,11461,1,0
2013-04-01 06,6,12365,1,0
2013-04-01 07,7,14033,1,0
2013-04-01 08,8,16479,1,0
2013-04-01 09,9,17167,1,0
2013-04-01 10,10,17275,1,0
2013-04-01 11,11,16951,1,0
2013-04-01 12,12,16245,1,0
2013-04-01 13,13,16425,1,0
2013-04-01 14,14,16132,1,0
2013-04-01 15,15,16154,1,0
2013-04-01 16,16,16133,1,0
2013-04-01 17,17,15790,1,0
2013-04-01 18,18,16670,1,0
2013-04-01 19,19,16609,1,0
2013-04-01 20,20,16478,1,0
2013-04-01 21,21,16087,1,0
2013-04-01 22,22,15182,1,0
2013-04-01 23,23,13813,1,0
2013-04-02 00,0,12582,2,0
2013-04-02 01,1,11990,2,0
2013-04-02 02,2,11607,2,0
2013-04-02 03,3,11388,2,0
2013-04-02 04,4,11372,2,0
2013-04-02 05,5,12021,2,0
2013-04-02 06,6,12680,2,0
2013-04-02 07,7,14395,2,0
2013-04-02 08,8,16053,2,0
2013-04-02 09,9,16759,2,0
2013-04-02 10,10,16916,2,0
2013-04-02 11,11,16518,2,0
2013-04-02 12,12,16031,2,0
2013-04-02 13,13,16130,2,0
2013-04-02 14,14,16106,2,0
2013-04-02 15,15,15950,2,0
2013-04-02 16,16,15893,2,0
2013-04-02 17,17,15550,2,0
2013-04-02 18,18,16153,2,0
2013-04-02 19,19,16269,2,0
2013-04-02 20,20,15932,2,0
2013-04-02 21,21,15639,2,0
2013-04-02 22,22,14816,2,0
2013-04-02 23,23,13829,2,0
2013-04-03 00,0,12763,3,0
2013-04-03 01,1,12013,3,0
2013-04-03 02,2,11605,3,0
2013-04-03 03,3,11325,3,0
2013-04-03 04,4,11487,3,0
2013-04-03 05,5,11917,3,0
2013-04-03 06,6,12726,3,0
2013-04-03 07,7,14114,3,0
2013-04-03 08,8,15668,3,0
2013-04-03 09,9,16480,3,0
2013-04-03 10,10,16531,3,0
2013-04-03 11,11,16104,3,0
2013-04-03 12,12,15588,3,0
2013-04-03 13,13,15707,3,0
2013-04-03 14,14,15577,3,0
2013-04-03 15,15,15617,3,0
2013-04-03 16,16,15724,3,0
2013-04-03 17,17,15535,3,0
2013-04-03 18,18,15960,3,0
2013-04-03 19,19,15934,3,0
2013-04-03 20,20,15621,3,0
2013-04-03 21,21,15209,3,0
2013-04-03 22,22,14292,3,0
2013-04-03 23,23,13153,3,0
2013-04-04 00,0,12146,4,-1
2013-04-04 01,1,11274,4,-1
2013-04-04 02,2,10769,4,-1
2013-04-04 03,3,10559,4,-1
2013-04-04 04,4,10481,4,-1
2013-04-04 05,5,10824,4,-1
2013-04-04 06,6,10611,4,-1
2013-04-04 07,7,10987,4,-1
2013-04-04 08,8,11572,4,-1
2013-04-04 09,9,12237,4,-1
2013-04-04 10,10,12414,4,-1
2013-04-04 11,11,12345,4,-1
2013-04-04 12,12,11983,4,-1
2013-04-04 13,13,12034,4,-1
2013-04-04 14,14,11852,4,-1
2013-04-04 15,15,11944,4,-1
2013-04-04 16,16,12489,4,-1
2013-04-04 17,17,12708,4,-1
2013-04-04 18,18,13358,4,-1
2013-04-04 19,19,13573,4,-1
2013-04-04 20,20,13562,4,-1
2013-04-04 21,21,13318,4,-1
2013-04-04 22,22,12570,4,-1
2013-04-04 23,23,11675,4,-1
2013-04-05 00,0,10805,5,1
2013-04-05 01,1,10365,5,1
2013-04-05 02,2,10000,5,1
2013-04-05 03,3,9596,5,1
2013-04-05 04,4,9698,5,1
2013-04-05 05,5,10061,5,1
2013-04-05 06,6,10335,5,1
2013-04-05 07,7,11497,5,1
2013-04-05 08,8,13033,5,1
2013-04-05 09,9,13904,5,1
2013-04-05 10,10,14176,5,1
2013-04-05 11,11,13882,5,1
2013-04-05 12,12,13533,5,1
2013-04-05 13,13,13545,5,1
2013-04-05 14,14,13351,5,1
2013-04-05 15,15,13504,5,1
2013-04-05 16,16,13746,5,1
2013-04-05 17,17,13802,5,1
2013-04-05 18,18,14560,5,1
2013-04-05 19,19,14464,5,1
2013-04-05 20,20,14234,5,1
2013-04-05 21,21,13852,5,1
2013-04-05 22,22,13357,5,1
2013-04-05 23,23,12530,5,1
2013-04-06 00,0,11496,6,1
2013-04-06 01,1,10991,6,1
2013-04-06 02,2,10617,6,1
2013-04-06 03,3,10419,6,1
2013-04-06 04,4,10596,6,1
2013-04-06 05,5,10863,6,1
2013-04-06 06,6,11104,6,1
2013-04-06 07,7,12310,6,1
2013-04-06 08,8,13834,6,1
2013-04-06 09,9,14783,6,1
2013-04-06 10,10,15144,6,1
2013-04-06 11,11,15008,6,1
2013-04-06 12,12,14621,6,1
2013-04-06 13,13,14817,6,1
2013-04-06 14,14,14635,6,1
2013-04-06 15,15,14719,6,1
2013-04-06 16,16,14912,6,1
2013-04-06 17,17,14836,6,1
2013-04-06 18,18,15490,6,1
2013-04-06 19,19,15492,6,1
2013-04-06 20,20,15249,6,1
2013-04-06 21,21,14863,6,1
2013-04-06 22,22,14230,6,1
2013-04-06 23,23,13105,6,1
2013-04-07 00,0,12130,7,0
2013-04-07 01,1,11532,7,0
2013-04-07 02,2,11007,7,0
2013-04-07 03,3,10786,7,0
2013-04-07 04,4,10949,7,0
2013-04-07 05,5,11442,7,0
2013-04-07 06,6,12192,7,0
2013-04-07 07,7,13716,7,0
2013-04-07 08,8,15473,7,0
2013-04-07 09,9,16346,7,0
2013-04-07 10,10,16517,7,0
2013-04-07 11,11,16194,7,0
2013-04-07 12,12,15568,7,0
2013-04-07 13,13,15680,7,0
2013-04-07 14,14,15659,7,0
2013-04-07 15,15,15663,7,0
2013-04-07 16,16,15727,7,0
2013-04-07 17,17,15491,7,0
2013-04-07 18,18,15987,7,0
2013-04-07 19,19,15952,7,0
2013-04-07 20,20,15731,7,0
2013-04-07 21,21,15321,7,0
2013-04-07 22,22,14488,7,0
2013-04-07 23,23,13554,7,0
2013-04-08 00,0,12479,1,0
2013-04-08 01,1,12019,1,0
2013-04-08 02,2,11620,1,0
2013-04-08 03,3,11238,1,0
2013-04-08 04,4,11293,1,0
2013-04-08 05,5,11744,1,0
2013-04-08 06,6,12523,1,0
2013-04-08 07,7,14009,1,0
2013-04-08 08,8,15512,1,0
2013-04-08 09,9,16730,1,0
2013-04-08 10,10,16932,1,0
2013-04-08 11,11,16198,1,0
2013-04-08 12,12,15607,1,0
2013-04-08 13,13,15702,1,0
2013-04-08 14,14,15603,1,0
2013-04-08 15,15,15578,1,0
2013-04-08 16,16,15659,1,0
2013-04-08 17,17,15736,1,0
2013-04-08 18,18,16172,1,0
2013-04-08 19,19,16188,1,0
2013-04-08 20,20,15898,1,0
2013-04-08 21,21,15445,1,0
2013-04-08 22,22,14762,1,0
2013-04-08 23,23,13637,1,0
2013-04-09 00,0,12590,2,0
2013-04-09 01,1,11985,2,0
2013-04-09 02,2,11530,2,0
2013-04-09 03,3,11322,2,0
2013-04-09 04,4,11359,2,0
2013-04-09 05,5,11811,2,0
2013-04-09 06,6,12494,2,0
2013-04-09 07,7,13884,2,0
2013-04-09 08,8,15834,2,0
2013-04-09 09,9,16596,2,0
2013-04-09 10,10,16657,2,0
2013-04-09 11,11,16285,2,0
2013-04-09 12,12,15844,2,0
2013-04-09 13,13,15931,2,0
2013-04-09 14,14,15838,2,0
2013-04-09 15,15,15958,2,0
2013-04-09 16,16,15979,2,0
2013-04-09 17,17,15807,2,0
2013-04-09 18,18,16201,2,0
2013-04-09 19,19,16229,2,0
2013-04-09 20,20,16068,2,0
2013-04-09 21,21,15587,2,0
2013-04-09 22,22,14736,2,0
2013-04-09 23,23,13666,2,0
2013-04-10 00,0,12363,3,0
2013-04-10 01,1,11969,3,0
2013-04-10 02,2,11559,3,0
2013-04-10 03,3,11282,3,0
2013-04-10 04,4,11318,3,0
2013-04-10 05,5,11823,3,0
2013-04-10 06,6,12531,3,0
2013-04-10 07,7,13922,3,0
2013-04-10 08,8,15759,3,0
2013-04-10 09,9,16565,3,0
2013-04-10 10,10,16734,3,0
2013-04-10 11,11,16257,3,0
2013-04-10 12,12,15842,3,0
2013-04-10 13,13,15906,3,0
2013-04-10 14,14,15835,3,0
2013-04-10 15,15,15895,3,0
2013-04-10 16,16,15952,3,0
2013-04-10 17,17,15804,3,0
2013-04-10 18,18,16170,3,0
2013-04-10 19,19,16213,3,0
2013-04-10 20,20,16005,3,0
2013-04-10 21,21,15558,3,0
2013-04-10 22,22,14748,3,0
2013-04-10 23,23,13643,3,0
2013-04-11 00,0,12366,4,0
2013-04-11 01,1,11842,4,0
2013-04-11 02,2,11464,4,0
2013-04-11 03,3,11198,4,0
2013-04-11 04,4,11239,4,0
2013-04-11 05,5,11716,4,0
2013-04-11 06,6,12545,4,0
2013-04-11 07,7,13874,4,0
2013-04-11 08,8,15521,4,0
2013-04-11 09,9,16289,4,0
2013-04-11 10,10,16653,4,0
2013-04-11 11,11,16044,4,0
2013-04-11 12,12,15645,4,0
2013-04-11 13,13,15706,4,0
2013-04-11 14,14,15663,4,0
2013-04-11 15,15,15695,4,0
2013-04-11 16,16,15774,4,0
2013-04-11 17,17,15505,4,0
2013-04-11 18,18,15970,4,0
2013-04-11 19,19,15987,4,0
2013-04-11 20,20,15805,4,0
2013-04-11 21,21,15455,4,0
2013-04-11 22,22,14748,4,0
2013-04-11 23,23,13629,4,0
2013-04-12 00,0,12363,5,0
2013-04-12 01,1,11833,5,0
2013-04-12 02,2,11279,5,0
2013-04-12 03,3,11029,5,0
2013-04-12 04,4,11096,5,0
2013-04-12 05,5,11621,5,0
2013-04-12 06,6,12227,5,0
2013-04-12 07,7,13744,5,0
2013-04-12 08,8,15519,5,0
2013-04-12 09,9,16166,5,0
2013-04-12 10,10,16474,5,0
2013-04-12 11,11,15918,5,0
2013-04-12 12,12,15457,5,0
2013-04-12 13,13,15516,5,0
2013-04-12 14,14,15430,5,0
2013-04-12 15,15,15580,5,0
2013-04-12 16,16,15653,5,0
2013-04-12 17,17,15466,5,0
2013-04-12 18,18,15858,5,0
2013-04-12 19,19,15864,5,0
2013-04-12 20,20,15633,5,0
2013-04-12 21,21,15226,5,0
2013-04-12 22,22,14490,5,0
2013-04-12 23,23,13347,5,0
2013-04-13 00,0,12178,6,1
2013-04-13 01,1,11986,6,1
2013-04-13 02,2,11507,6,1
2013-04-13 03,3,11185,6,1
2013-04-13 04,4,11210,6,1
2013-04-13 05,5,11604,6,1
2013-04-13 06,6,11734,6,1
2013-04-13 07,7,12785,6,1
2013-04-13 08,8,14152,6,1
2013-04-13 09,9,15042,6,1
2013-04-13 10,10,15340,6,1
2013-04-13 11,11,14968,6,1
2013-04-13 12,12,14589,6,1
2013-04-13 13,13,14621,6,1
2013-04-13 14,14,14618,6,1
2013-04-13 15,15,14564,6,1
2013-04-13 16,16,14753,6,1
2013-04-13 17,17,14558,6,1
2013-04-13 18,18,14832,6,1
2013-04-13 19,19,14999,6,1
2013-04-13 20,20,14808,6,1
2013-04-13 21,21,14453,6,1
2013-04-13 22,22,13899,6,1
2013-04-13 23,23,12842,6,1
2013-04-14 00,0,11978,7,1
2013-04-14 01,1,11348,7,1
2013-04-14 02,2,10815,7,1
2013-04-14 03,3,10689,7,1
2013-04-14 04,4,10614,7,1
2013-04-14 05,5,11080,7,1
2013-04-14 06,6,11128,7,1
2013-04-14 07,7,11822,7,1
2013-04-14 08,8,12938,7,1
2013-04-14 09,9,13643,7,1
2013-04-14 10,10,14117,7,1
2013-04-14 11,11,13872,7,1
2013-04-14 12,12,13465,7,1
2013-04-14 13,13,13546,7,1
2013-04-14 14,14,13382,7,1
2013-04-14 15,15,13622,7,1
2013-04-14 16,16,13792,7,1
2013-04-14 17,17,13781,7,1
2013-04-14 18,18,14370,7,1
2013-04-14 19,19,14603,7,1
2013-04-14 20,20,14332,7,1
2013-04-14 21,21,14237,7,1
2013-04-14 22,22,13245,7,1
2013-04-14 23,23,12155,7,1
2013-04-15 00,0,11195,1,0
2013-04-15 01,1,10639,1,0
2013-04-15 02,2,10397,1,0
2013-04-15 03,3,10300,1,0
2013-04-15 04,4,10439,1,0
2013-04-15 05,5,10913,1,0
2013-04-15 06,6,11604,1,0
2013-04-15 07,7,13065,1,0
2013-04-15 08,8,14969,1,0
2013-04-15 09,9,16098,1,0
2013-04-15 10,10,16365,1,0
2013-04-15 11,11,15903,1,0
2013-04-15 12,12,15394,1,0
2013-04-15 13,13,15545,1,0
2013-04-15 14,14,15530,1,0
2013-04-15 15,15,15544,1,0
2013-04-15 16,16,15641,1,0
2013-04-15 17,17,15451,1,0
2013-04-15 18,18,15700,1,0
2013-04-15 19,19,15718,1,0
2013-04-15 20,20,15412,1,0
2013-04-15 21,21,14927,1,0
2013-04-15 22,22,14175,1,0
2013-04-15 23,23,13139,1,0
2013-04-16 00,0,12154,2,0
2013-04-16 01,1,11569,2,0
2013-04-16 02,2,11077,2,0
2013-04-16 03,3,10975,2,0
2013-04-16 04,4,11177,2,0
2013-04-16 05,5,11660,2,0
2013-04-16 06,6,12225,2,0
2013-04-16 07,7,13578,2,0
2013-04-16 08,8,15220,2,0
2013-04-16 09,9,16053,2,0
2013-04-16 10,10,16543,2,0
2013-04-16 11,11,15925,2,0
2013-04-16 12,12,15492,2,0
2013-04-16 13,13,15680,2,0
2013-04-16 14,14,15763,2,0
2013-04-16 15,15,16006,2,0
2013-04-16 16,16,16027,2,0
2013-04-16 17,17,15852,2,0
2013-04-16 18,18,16079,2,0
2013-04-16 19,19,15978,2,0
2013-04-16 20,20,15610,2,0
2013-04-16 21,21,15170,2,0
2013-04-16 22,22,14416,2,0
2013-04-16 23,23,13353,2,0
2013-04-17 00,0,12216,3,0
2013-04-17 01,1,11371,3,0
2013-04-17 02,2,10915,3,0
2013-04-17 03,3,10776,3,0
2013-04-17 04,4,10930,3,0
2013-04-17 05,5,11360,3,0
2013-04-17 06,6,12045,3,0
2013-04-17 07,7,13568,3,0
2013-04-17 08,8,15171,3,0
2013-04-17 09,9,16202,3,0
2013-04-17 10,10,16398,3,0
2013-04-17 11,11,16068,3,0
2013-04-17 12,12,15509,3,0
2013-04-17 13,13,15672,3,0
2013-04-17 14,14,15776,3,0
2013-04-17 15,15,15977,3,0
2013-04-17 16,16,15999,3,0
2013-04-17 17,17,15888,3,0
2013-04-17 18,18,16037,3,0
2013-04-17 19,19,15987,3,0
2013-04-17 20,20,15596,3,0
2013-04-17 21,21,15080,3,0
2013-04-17 22,22,14316,3,0
2013-04-17 23,23,13253,3,0
2013-04-18 00,0,12093,4,0
2013-04-18 01,1,11571,4,0
2013-04-18 02,2,11104,4,0
2013-04-18 03,3,10976,4,0
2013-04-18 04,4,11130,4,0
2013-04-18 05,5,11574,4,0
2013-04-18 06,6,12193,4,0
2013-04-18 07,7,13595,4,0
2013-04-18 08,8,15120,4,0
2013-04-18 09,9,16141,4,0
2013-04-18 10,10,16434,4,0
2013-04-18 11,11,15981,4,0
2013-04-18 12,12,15420,4,0
2013-04-18 13,13,15569,4,0
2013-04-18 14,14,15685,4,0
2013-04-18 15,15,15857,4,0
2013-04-18 16,16,15882,4,0
2013-04-18 17,17,15809,4,0
2013-04-18 18,18,15913,4,0
2013-04-18 19,19,15845,4,0
2013-04-18 20,20,15525,4,0
2013-04-18 21,21,15068,4,0
2013-04-18 22,22,14322,4,0
2013-04-18 23,23,13221,4,0
2013-04-19 00,0,12093,5,0
2013-04-19 01,1,11619,5,0
2013-04-19 02,2,11128,5,0
2013-04-19 03,3,10950,5,0
2013-04-19 04,4,11139,5,0
2013-04-19 05,5,11556,5,0
2013-04-19 06,6,12224,5,0
2013-04-19 07,7,13614,5,0
2013-04-19 08,8,15180,5,0
2013-04-19 09,9,16360,5,0
2013-04-19 10,10,16566,5,0
2013-04-19 11,11,15932,5,0
2013-04-19 12,12,15531,5,0
2013-04-19 13,13,15667,5,0
2013-04-19 14,14,15690,5,0
2013-04-19 15,15,15838,5,0
2013-04-19 16,16,15859,5,0
2013-04-19 17,17,15809,5,0
2013-04-19 18,18,15872,5,0
2013-04-19 19,19,15844,5,0
2013-04-19 20,20,15518,5,0
2013-04-19 21,21,15055,5,0
2013-04-19 22,22,14282,5,0
2013-04-19 23,23,13215,5,0
2013-04-20 00,0,12106,6,1
2013-04-20 01,1,11756,6,1
2013-04-20 02,2,11469,6,1
2013-04-20 03,3,11273,6,1
2013-04-20 04,4,11169,6,1
2013-04-20 05,5,11519,6,1
2013-04-20 06,6,11840,6,1
2013-04-20 07,7,12965,6,1
2013-04-20 08,8,14617,6,1
2013-04-20 09,9,15480,6,1
2013-04-20 10,10,15748,6,1
2013-04-20 11,11,15619,6,1
2013-04-20 12,12,15202,6,1
2013-04-20 13,13,15225,6,1
2013-04-20 14,14,15227,6,1
2013-04-20 15,15,15207,6,1
2013-04-20 16,16,15338,6,1
2013-04-20 17,17,15187,6,1
2013-04-20 18,18,15540,6,1
2013-04-20 19,19,15605,6,1
2013-04-20 20,20,15268,6,1
2013-04-20 21,21,14828,6,1
2013-04-20 22,22,14170,6,1
2013-04-20 23,23,13201,6,1
2013-04-21 00,0,12299,7,1
2013-04-21 01,1,11649,7,1
2013-04-21 02,2,11357,7,1
2013-04-21 03,3,11082,7,1
2013-04-21 04,4,11124,7,1
2013-04-21 05,5,11466,7,1
2013-04-21 06,6,11579,7,1
2013-04-21 07,7,12301,7,1
2013-04-21 08,8,13577,7,1
2013-04-21 09,9,14222,7,1
2013-04-21 10,10,14368,7,1
2013-04-21 11,11,14121,7,1
2013-04-21 12,12,13717,7,1
2013-04-21 13,13,13772,7,1
2013-04-21 14,14,13643,7,1
2013-04-21 15,15,13824,7,1
2013-04-21 16,16,13973,7,1
2013-04-21 17,17,14044,7,1
2013-04-21 18,18,14920,7,1
2013-04-21 19,19,15074,7,1
2013-04-21 20,20,14861,7,1
2013-04-21 21,21,14524,7,1
2013-04-21 22,22,13891,7,1
2013-04-21 23,23,12724,7,1
2013-04-22 00,0,11677,1,0
2013-04-22 01,1,11155,1,0
2013-04-22 02,2,10958,1,0
2013-04-22 03,3,10760,1,0
2013-04-22 04,4,10796,1,0
2013-04-22 05,5,11362,1,0
2013-04-22 06,6,11779,1,0
2013-04-22 07,7,13285,1,0
2013-04-22 08,8,15157,1,0
2013-04-22 09,9,16145,1,0
2013-04-22 10,10,16469,1,0
2013-04-22 11,11,15938,1,0
2013-04-22 12,12,15632,1,0
2013-04-22 13,13,15774,1,0
2013-04-22 14,14,15812,1,0
2013-04-22 15,15,15837,1,0
2013-04-22 16,16,15959,1,0
2013-04-22 17,17,15577,1,0
2013-04-22 18,18,15724,1,0
2013-04-22 19,19,15757,1,0
2013-04-22 20,20,15424,1,0
2013-04-22 21,21,14919,1,0
2013-04-22 22,22,14073,1,0
2013-04-22 23,23,12992,1,0
2013-04-23 00,0,11992,2,0
2013-04-23 01,1,11539,2,0
2013-04-23 02,2,11221,2,0
2013-04-23 03,3,10983,2,0
2013-04-23 04,4,11211,2,0
2013-04-23 05,5,11594,2,0
2013-04-23 06,6,12221,2,0
2013-04-23 07,7,13655,2,0
2013-04-23 08,8,15290,2,0
2013-04-23 09,9,16703,2,0
2013-04-23 10,10,17103,2,0
2013-04-23 11,11,16426,2,0
2013-04-23 12,12,15680,2,0
2013-04-23 13,13,15848,2,0
2013-04-23 14,14,15840,2,0
2013-04-23 15,15,16003,2,0
2013-04-23 16,16,16079,2,0
2013-04-23 17,17,15780,2,0
2013-04-23 18,18,15867,2,0
2013-04-23 19,19,15864,2,0
2013-04-23 20,20,15572,2,0
2013-04-23 21,21,15023,2,0
2013-04-23 22,22,14197,2,0
2013-04-23 23,23,13155,2,0
2013-04-24 00,0,12177,3,0
2013-04-24 01,1,11788,3,0
2013-04-24 02,2,11444,3,0
2013-04-24 03,3,11195,3,0
2013-04-24 04,4,11420,3,0
2013-04-24 05,5,11803,3,0
2013-04-24 06,6,12476,3,0
2013-04-24 07,7,13871,3,0
2013-04-24 08,8,15441,3,0
2013-04-24 09,9,16323,3,0
2013-04-24 10,10,16603,3,0
2013-04-24 11,11,16177,3,0
2013-04-24 12,12,15683,3,0
2013-04-24 13,13,15828,3,0
2013-04-24 14,14,15859,3,0
2013-04-24 15,15,15997,3,0
2013-04-24 16,16,16156,3,0
2013-04-24 17,17,15989,3,0
2013-04-24 18,18,16039,3,0
2013-04-24 19,19,16032,3,0
2013-04-24 20,20,15741,3,0
2013-04-24 21,21,15171,3,0
2013-04-24 22,22,14378,3,0
2013-04-24 23,23,13334,3,0
2013-04-25 00,0,12344,4,0
2013-04-25 01,1,11787,4,0
2013-04-25 02,2,11456,4,0
2013-04-25 03,3,11236,4,0
2013-04-25 04,4,11366,4,0
2013-04-25 05,5,11862,4,0
2013-04-25 06,6,12280,4,0
2013-04-25 07,7,13508,4,0
2013-04-25 08,8,15476,4,0
2013-04-25 09,9,16488,4,0
2013-04-25 10,10,16615,4,0
2013-04-25 11,11,16191,4,0
2013-04-25 12,12,15734,4,0
2013-04-25 13,13,15919,4,0
2013-04-25 14,14,15865,4,0
2013-04-25 15,15,15909,4,0
2013-04-25 16,16,16195,4,0
2013-04-25 17,17,16136,4,0
2013-04-25 18,18,16151,4,0
2013-04-25 19,19,16123,4,0
2013-04-25 20,20,15664,4,0
2013-04-25 21,21,15105,4,0
2013-04-25 22,22,14259,4,0
2013-04-25 23,23,13301,4,0
2013-04-26 00,0,12561,5,0
2013-04-26 01,1,11852,5,0
2013-04-26 02,2,11545,5,0
2013-04-26 03,3,11367,5,0
2013-04-26 04,4,11358,5,0
2013-04-26 05,5,11847,5,0
2013-04-26 06,6,12456,5,0
2013-04-26 07,7,13865,5,0
2013-04-26 08,8,15381,5,0
2013-04-26 09,9,16222,5,0
2013-04-26 10,10,16460,5,0
2013-04-26 11,11,15956,5,0
2013-04-26 12,12,15643,5,0
2013-04-26 13,13,15843,5,0
2013-04-26 14,14,15807,5,0
2013-04-26 15,15,15852,5,0
2013-04-26 16,16,15999,5,0
2013-04-26 17,17,15763,5,0
2013-04-26 18,18,15884,5,0
2013-04-26 19,19,15943,5,0
2013-04-26 20,20,15699,5,0
2013-04-26 21,21,15268,5,0
2013-04-26 22,22,14515,5,0
2013-04-26 23,23,13423,5,0
2013-04-27 00,0,12373,6,0
2013-04-27 01,1,11856,6,0
2013-04-27 02,2,11500,6,0
2013-04-27 03,3,11375,6,0
2013-04-27 04,4,11325,6,0
2013-04-27 05,5,11939,6,0
2013-04-27 06,6,12514,6,0
2013-04-27 07,7,13583,6,0
2013-04-27 08,8,15007,6,0
2013-04-27 09,9,15812,6,0
2013-04-27 10,10,16138,6,0
2013-04-27 11,11,15689,6,0
2013-04-27 12,12,15251,6,0
2013-04-27 13,13,15445,6,0
2013-04-27 14,14,15295,6,0
2013-04-27 15,15,15345,6,0
2013-04-27 16,16,15398,6,0
2013-04-27 17,17,15269,6,0
2013-04-27 18,18,15402,6,0
2013-04-27 19,19,15450,6,0
2013-04-27 20,20,15198,6,0
2013-04-27 21,21,14852,6,0
2013-04-27 22,22,14055,6,0
2013-04-27 23,23,12798,6,0
2013-04-28 00,0,12112,7,0
2013-04-28 01,1,11539,7,0
2013-04-28 02,2,11175,7,0
2013-04-28 03,3,10896,7,0
2013-04-28 04,4,10922,7,0
2013-04-28 05,5,11432,7,0
2013-04-28 06,6,12107,7,0
2013-04-28 07,7,13355,7,0
2013-04-28 08,8,15087,7,0
2013-04-28 09,9,15864,7,0
2013-04-28 10,10,15844,7,0
2013-04-28 11,11,15496,7,0
2013-04-28 12,12,15169,7,0
2013-04-28 13,13,15141,7,0
2013-04-28 14,14,15074,7,0
2013-04-28 15,15,15002,7,0
2013-04-28 16,16,15212,7,0
2013-04-28 17,17,15161,7,0
2013-04-28 18,18,15275,7,0
2013-04-28 19,19,15327,7,0
2013-04-28 20,20,15262,7,0
2013-04-28 21,21,14838,7,0
2013-04-28 22,22,14153,7,0
2013-04-28 23,23,13200,7,0
2013-04-29 00,0,12168,1,1
2013-04-29 01,1,11193,1,1
2013-04-29 02,2,10835,1,1
2013-04-29 03,3,10681,1,1
2013-04-29 04,4,10757,1,1
2013-04-29 05,5,11257,1,1
2013-04-29 06,6,11270,1,1
2013-04-29 07,7,12454,1,1
2013-04-29 08,8,14092,1,1
2013-04-29 09,9,14930,1,1
2013-04-29 10,10,15087,1,1
2013-04-29 11,11,14636,1,1
2013-04-29 12,12,14286,1,1
2013-04-29 13,13,14334,1,1
2013-04-29 14,14,14186,1,1
2013-04-29 15,15,14275,1,1
2013-04-29 16,16,14413,1,1
2013-04-29 17,17,14240,1,1
2013-04-29 18,18,14686,1,1
2013-04-29 19,19,14924,1,1
2013-04-29 20,20,14753,1,1
2013-04-29 21,21,14244,1,1
2013-04-29 22,22,13307,1,1
2013-04-29 23,23,12280,1,1
2013-04-30 00,0,11384,2,1
2013-04-30 01,1,10700,2,1
2013-04-30 02,2,10263,2,1
2013-04-30 03,3,10268,2,1
2013-04-30 04,4,10252,2,1
2013-04-30 05,5,10449,2,1
2013-04-30 06,6,10396,2,1
2013-04-30 07,7,11179,2,1
2013-04-30 08,8,13042,2,1
2013-04-30 09,9,13795,2,1
2013-04-30 10,10,13890,2,1
2013-04-30 11,11,13608,2,1
2013-04-30 12,12,13424,2,1
2013-04-30 13,13,13547,2,1
2013-04-30 14,14,13398,2,1
2013-04-30 15,15,13483,2,1
2013-04-30 16,16,13522,2,1
2013-04-30 17,17,13785,2,1
2013-04-30 18,18,14104,2,1
2013-04-30 19,19,14134,2,1
2013-04-30 20,20,13726,2,1
2013-04-30 21,21,13118,2,1
2013-04-30 22,22,12623,2,1
2013-04-30 23,23,11714,2,1
2013-05-01 00,0,10848,3,-1
2013-05-01 01,1,9850,3,-1
2013-05-01 02,2,9545,3,-1
2013-05-01 03,3,9441,3,-1
2013-05-01 04,4,9333,3,-1
2013-05-01 05,5,9655,3,-1
2013-05-01 06,6,9581,3,-1
2013-05-01 07,7,10171,3,-1
2013-05-01 08,8,11238,3,-1
2013-05-01 09,9,12378,3,-1
2013-05-01 10,10,12749,3,-1
2013-05-01 11,11,12526,3,-1
2013-05-01 12,12,11818,3,-1
2013-05-01 13,13,11779,3,-1
2013-05-01 14,14,11832,3,-1
2013-05-01 15,15,11915,3,-1
2013-05-01 16,16,12311,3,-1
2013-05-01 17,17,12595,3,-1
2013-05-01 18,18,13098,3,-1
2013-05-01 19,19,13280,3,-1
2013-05-01 20,20,13145,3,-1
2013-05-01 21,21,12696,3,-1
2013-05-01 22,22,12078,3,-1
2013-05-01 23,23,11167,3,-1
2013-05-02 00,0,10066,4,0
2013-05-02 01,1,9549,4,0
2013-05-02 02,2,9159,4,0
2013-05-02 03,3,9152,4,0
2013-05-02 04,4,9330,4,0
2013-05-02 05,5,10022,4,0
2013-05-02 06,6,11105,4,0
2013-05-02 07,7,13605,4,0
2013-05-02 08,8,15020,4,0
2013-05-02 09,9,16150,4,0
2013-05-02 10,10,16266,4,0
2013-05-02 11,11,15924,4,0
2013-05-02 12,12,15402,4,0
2013-05-02 13,13,15575,4,0
2013-05-02 14,14,15526,4,0
2013-05-02 15,15,15139,4,0
2013-05-02 16,16,15372,4,0
2013-05-02 17,17,15365,4,0
2013-05-02 18,18,15776,4,0
2013-05-02 19,19,15776,4,0
2013-05-02 20,20,15474,4,0
2013-05-02 21,21,15238,4,0
2013-05-02 22,22,14315,4,0
2013-05-02 23,23,13284,4,0
2013-05-03 00,0,11957,5,0
2013-05-03 01,1,11569,5,0
2013-05-03 02,2,11183,5,0
2013-05-03 03,3,10942,5,0
2013-05-03 04,4,11049,5,0
2013-05-03 05,5,11657,5,0
2013-05-03 06,6,12086,5,0
2013-05-03 07,7,13341,5,0
2013-05-03 08,8,14976,5,0
2013-05-03 09,9,15825,5,0
2013-05-03 10,10,15944,5,0
2013-05-03 11,11,15691,5,0
2013-05-03 12,12,15189,5,0
2013-05-03 13,13,15453,5,0
2013-05-03 14,14,15484,5,0
2013-05-03 15,15,15650,5,0
2013-05-03 16,16,15678,5,0
2013-05-03 17,17,15395,5,0
2013-05-03 18,18,15440,5,0
2013-05-03 19,19,15543,5,0
2013-05-03 20,20,15414,5,0
2013-05-03 21,21,15031,5,0
2013-05-03 22,22,14165,5,0
2013-05-03 23,23,13158,5,0
2013-05-04 00,0,12075,6,1
2013-05-04 01,1,11420,6,1
2013-05-04 02,2,11111,6,1
2013-05-04 03,3,10726,6,1
2013-05-04 04,4,10649,6,1
2013-05-04 05,5,10649,6,1
2013-05-04 06,6,10649,6,1
2013-05-04 07,7,10649,6,1
2013-05-04 08,8,13550,6,1
2013-05-04 09,9,14350,6,1
2013-05-04 10,10,14572,6,1
2013-05-04 11,11,14175,6,1
2013-05-04 12,12,13945,6,1
2013-05-04 13,13,14048,6,1
2013-05-04 14,14,14072,6,1
2013-05-04 15,15,13986,6,1
2013-05-04 16,16,14066,6,1
2013-05-04 17,17,14062,6,1
2013-05-04 18,18,14316,6,1
2013-05-04 19,19,14434,6,1
2013-05-04 20,20,14310,6,1
2013-05-04 21,21,13925,6,1
2013-05-04 22,22,13340,6,1
2013-05-04 23,23,12503,6,1
2013-05-05 00,0,11587,7,1
2013-05-05 01,1,11052,7,1
2013-05-05 02,2,10695,7,1
2013-05-05 03,3,10534,7,1
2013-05-05 04,4,10545,7,1
2013-05-05 05,5,10837,7,1
2013-05-05 06,6,10975,7,1
2013-05-05 07,7,11480,7,1
2013-05-05 08,8,12525,7,1
2013-05-05 09,9,13384,7,1
2013-05-05 10,10,13777,7,1
2013-05-05 11,11,13669,7,1
2013-05-05 12,12,12960,7,1
2013-05-05 13,13,13269,7,1
2013-05-05 14,14,13266,7,1
2013-05-05 15,15,13217,7,1
2013-05-05 16,16,13249,7,1
2013-05-05 17,17,13308,7,1
2013-05-05 18,18,13688,7,1
2013-05-05 19,19,13985,7,1
2013-05-05 20,20,13847,7,1
2013-05-05 21,21,13456,7,1
2013-05-05 22,22,12840,7,1
2013-05-05 23,23,12163,7,1
2013-05-06 00,0,11291,1,0
2013-05-06 01,1,10777,1,0
2013-05-06 02,2,10472,1,0
2013-05-06 03,3,10298,1,0
2013-05-06 04,4,10252,1,0
2013-05-06 05,5,10579,1,0
2013-05-06 06,6,10736,1,0
2013-05-06 07,7,12670,1,0
2013-05-06 08,8,14603,1,0
2013-05-06 09,9,16158,1,0
2013-05-06 10,10,16363,1,0
2013-05-06 11,11,16211,1,0
2013-05-06 12,12,15096,1,0
2013-05-06 13,13,15193,1,0
2013-05-06 14,14,15205,1,0
2013-05-06 15,15,15172,1,0
2013-05-06 16,16,15414,1,0
2013-05-06 17,17,15419,1,0
2013-05-06 18,18,15451,1,0
2013-05-06 19,19,15709,1,0
2013-05-06 20,20,15411,1,0
2013-05-06 21,21,14619,1,0
2013-05-06 22,22,13747,1,0
2013-05-06 23,23,12769,1,0
2013-05-07 00,0,11924,2,0
2013-05-07 01,1,11438,2,0
2013-05-07 02,2,11162,2,0
2013-05-07 03,3,11030,2,0
2013-05-07 04,4,11084,2,0
2013-05-07 05,5,11578,2,0
2013-05-07 06,6,12063,2,0
2013-05-07 07,7,13514,2,0
2013-05-07 08,8,15314,2,0
2013-05-07 09,9,16350,2,0
2013-05-07 10,10,16491,2,0
2013-05-07 11,11,16491,2,0
2013-05-07 12,12,15587,2,0
2013-05-07 13,13,15938,2,0
2013-05-07 14,14,15930,2,0
2013-05-07 15,15,15828,2,0
2013-05-07 16,16,15865,2,0
2013-05-07 17,17,15747,2,0
2013-05-07 18,18,15802,2,0
2013-05-07 19,19,15929,2,0
2013-05-07 20,20,15576,2,0
2013-05-07 21,21,14994,2,0
2013-05-07 22,22,14334,2,0
2013-05-07 23,23,13265,2,0
2013-05-08 00,0,12097,3,0
2013-05-08 01,1,11527,3,0
2013-05-08 02,2,11281,3,0
2013-05-08 03,3,11044,3,0
2013-05-08 04,4,11144,3,0
2013-05-08 05,5,11642,3,0
2013-05-08 06,6,11994,3,0
2013-05-08 07,7,13673,3,0
2013-05-08 08,8,15357,3,0
2013-05-08 09,9,16307,3,0
2013-05-08 10,10,16446,3,0
2013-05-08 11,11,16110,3,0
2013-05-08 12,12,15607,3,0
2013-05-08 13,13,15981,3,0
2013-05-08 14,14,15888,3,0
2013-05-08 15,15,16118,3,0
2013-05-08 16,16,16217,3,0
2013-05-08 17,17,16046,3,0
2013-05-08 18,18,15881,3,0
2013-05-08 19,19,15981,3,0
2013-05-08 20,20,15399,3,0
2013-05-08 21,21,14875,3,0
2013-05-08 22,22,14057,3,0
2013-05-08 23,23,12955,3,0
2013-05-09 00,0,12090,4,0
2013-05-09 01,1,11556,4,0
2013-05-09 02,2,11237,4,0
2013-05-09 03,3,11028,4,0
2013-05-09 04,4,11094,4,0
2013-05-09 05,5,11635,4,0
2013-05-09 06,6,12199,4,0
2013-05-09 07,7,13714,4,0
2013-05-09 08,8,15722,4,0
2013-05-09 09,9,16896,4,0
2013-05-09 10,10,16813,4,0
2013-05-09 11,11,16675,4,0
2013-05-09 12,12,15901,4,0
2013-05-09 13,13,16165,4,0
2013-05-09 14,14,16085,4,0
2013-05-09 15,15,15925,4,0
2013-05-09 16,16,16006,4,0
2013-05-09 17,17,15697,4,0
2013-05-09 18,18,15852,4,0
2013-05-09 19,19,16044,4,0
2013-05-09 20,20,15869,4,0
2013-05-09 21,21,15351,4,0
2013-05-09 22,22,14525,4,0
2013-05-09 23,23,13371,4,0
2013-05-10 00,0,12273,5,0
2013-05-10 01,1,11703,5,0
2013-05-10 02,2,11360,5,0
2013-05-10 03,3,11182,5,0
2013-05-10 04,4,11280,5,0
2013-05-10 05,5,11736,5,0
2013-05-10 06,6,12172,5,0
2013-05-10 07,7,13730,5,0
2013-05-10 08,8,15519,5,0
2013-05-10 09,9,16575,5,0
2013-05-10 10,10,16792,5,0
2013-05-10 11,11,16527,5,0
2013-05-10 12,12,15938,5,0
2013-05-10 13,13,16109,5,0
2013-05-10 14,14,16096,5,0
2013-05-10 15,15,16196,5,0
2013-05-10 16,16,16280,5,0
2013-05-10 17,17,15989,5,0
2013-05-10 18,18,15927,5,0
2013-05-10 19,19,15902,5,0
2013-05-10 20,20,15587,5,0
2013-05-10 21,21,15201,5,0
2013-05-10 22,22,14369,5,0
2013-05-10 23,23,13289,5,0
2013-05-11 00,0,12291,6,1
2013-05-11 01,1,11714,6,1
2013-05-11 02,2,11242,6,1
2013-05-11 03,3,10898,6,1
2013-05-11 04,4,11027,6,1
2013-05-11 05,5,11401,6,1
2013-05-11 06,6,11534,6,1
2013-05-11 07,7,12790,6,1
2013-05-11 08,8,14301,6,1
2013-05-11 09,9,15308,6,1
2013-05-11 10,10,15443,6,1
2013-05-11 11,11,15063,6,1
2013-05-11 12,12,14779,6,1
2013-05-11 13,13,14986,6,1
2013-05-11 14,14,14921,6,1
2013-05-11 15,15,14947,6,1
2013-05-11 16,16,14999,6,1
2013-05-11 17,17,14885,6,1
2013-05-11 18,18,15083,6,1
2013-05-11 19,19,15191,6,1
2013-05-11 20,20,14945,6,1
2013-05-11 21,21,14581,6,1
2013-05-11 22,22,13887,6,1
2013-05-11 23,23,12876,6,1
2013-05-12 00,0,11885,7,1
2013-05-12 01,1,11472,7,1
2013-05-12 02,2,10968,7,1
2013-05-12 03,3,10823,7,1
2013-05-12 04,4,10795,7,1
2013-05-12 05,5,11197,7,1
2013-05-12 06,6,11173,7,1
2013-05-12 07,7,12213,7,1
2013-05-12 08,8,13373,7,1
2013-05-12 09,9,14176,7,1
2013-05-12 10,10,14550,7,1
2013-05-12 11,11,14334,7,1
2013-05-12 12,12,13935,7,1
2013-05-12 13,13,14024,7,1
2013-05-12 14,14,13979,7,1
2013-05-12 15,15,13949,7,1
2013-05-12 16,16,14245,7,1
2013-05-12 17,17,14034,7,1
2013-05-12 18,18,14303,7,1
2013-05-12 19,19,14581,7,1
2013-05-12 20,20,14480,7,1
2013-05-12 21,21,14094,7,1
2013-05-12 22,22,13318,7,1
2013-05-12 23,23,12418,7,1
2013-05-13 00,0,11401,1,0
2013-05-13 01,1,10853,1,0
2013-05-13 02,2,10541,1,0
2013-05-13 03,3,10466,1,0
2013-05-13 04,4,10737,1,0
2013-05-13 05,5,11195,1,0
2013-05-13 06,6,11785,1,0
2013-05-13 07,7,13461,1,0
2013-05-13 08,8,15911,1,0
2013-05-13 09,9,17232,1,0
2013-05-13 10,10,17560,1,0
2013-05-13 11,11,17254,1,0
2013-05-13 12,12,16494,1,0
2013-05-13 13,13,16649,1,0
2013-05-13 14,14,16694,1,0
2013-05-13 15,15,16690,1,0
2013-05-13 16,16,16690,1,0
2013-05-13 17,17,16473,1,0
2013-05-13 18,18,16357,1,0
2013-05-13 19,19,16502,1,0
2013-05-13 20,20,16061,1,0
2013-05-13 21,21,15437,1,0
2013-05-13 22,22,14576,1,0
2013-05-13 23,23,13385,1,0
2013-05-14 00,0,12444,2,0
2013-05-14 01,1,11949,2,0
2013-05-14 02,2,11504,2,0
2013-05-14 03,3,11345,2,0
2013-05-14 04,4,11350,2,0
2013-05-14 05,5,11827,2,0
2013-05-14 06,6,12357,2,0
2013-05-14 07,7,14076,2,0
2013-05-14 08,8,15884,2,0
2013-05-14 09,9,17247,2,0
2013-05-14 10,10,17621,2,0
2013-05-14 11,11,17220,2,0
2013-05-14 12,12,16188,2,0
2013-05-14 13,13,16542,2,0
2013-05-14 14,14,16425,2,0
2013-05-14 15,15,16323,2,0
2013-05-14 16,16,16411,2,0
2013-05-14 17,17,16238,2,0
2013-05-14 18,18,16362,2,0
2013-05-14 19,19,16431,2,0
2013-05-14 20,20,16135,2,0
2013-05-14 21,21,15499,2,0
2013-05-14 22,22,14701,2,0
2013-05-14 23,23,13528,2,0
2013-05-15 00,0,12568,3,0
2013-05-15 01,1,12117,3,0
2013-05-15 02,2,11657,3,0
2013-05-15 03,3,11376,3,0
2013-05-15 04,4,11516,3,0
2013-05-15 05,5,11755,3,0
2013-05-15 06,6,12277,3,0
2013-05-15 07,7,13925,3,0
2013-05-15 08,8,15746,3,0
2013-05-15 09,9,17273,3,0
2013-05-15 10,10,17500,3,0
2013-05-15 11,11,16992,3,0
2013-05-15 12,12,16755,3,0
2013-05-15 13,13,16942,3,0
2013-05-15 14,14,16898,3,0
2013-05-15 15,15,16868,3,0
2013-05-15 16,16,16868,3,0
2013-05-15 17,17,16479,3,0
2013-05-15 18,18,16257,3,0
2013-05-15 19,19,16409,3,0
2013-05-15 20,20,15861,3,0
2013-05-15 21,21,15384,3,0
2013-05-15 22,22,14415,3,0
2013-05-15 23,23,13344,3,0
2013-05-16 00,0,12376,4,0
2013-05-16 01,1,11758,4,0
2013-05-16 02,2,11433,4,0
2013-05-16 03,3,11289,4,0
2013-05-16 04,4,11286,4,0
2013-05-16 05,5,11778,4,0
2013-05-16 06,6,12166,4,0
2013-05-16 07,7,13741,4,0
2013-05-16 08,8,15777,4,0
2013-05-16 09,9,16849,4,0
2013-05-16 10,10,17001,4,0
2013-05-16 11,11,16753,4,0
2013-05-16 12,12,16096,4,0
2013-05-16 13,13,16427,4,0
2013-05-16 14,14,16358,4,0
2013-05-16 15,15,16461,4,0
2013-05-16 16,16,16542,4,0
2013-05-16 17,17,16266,4,0
2013-05-16 18,18,16304,4,0
2013-05-16 19,19,16358,4,0
2013-05-16 20,20,16129,4,0
2013-05-16 21,21,15396,4,0
2013-05-16 22,22,14648,4,0
2013-05-16 23,23,13402,4,0
2013-05-17 00,0,12391,5,0
2013-05-17 01,1,11681,5,0
2013-05-17 02,2,11451,5,0
2013-05-17 03,3,11216,5,0
2013-05-17 04,4,11224,5,0
2013-05-17 05,5,11767,5,0
2013-05-17 06,6,12331,5,0
2013-05-17 07,7,13789,5,0
2013-05-17 08,8,15766,5,0
2013-05-17 09,9,16568,5,0
2013-05-17 10,10,16657,5,0
2013-05-17 11,11,16611,5,0
2013-05-17 12,12,16552,5,0
2013-05-17 13,13,16761,5,0
2013-05-17 14,14,16679,5,0
2013-05-17 15,15,16647,5,0
2013-05-17 16,16,16696,5,0
2013-05-17 17,17,16437,5,0
2013-05-17 18,18,16273,5,0
2013-05-17 19,19,16247,5,0
2013-05-17 20,20,15843,5,0
2013-05-17 21,21,15238,5,0
2013-05-17 22,22,14442,5,0
2013-05-17 23,23,13383,5,0
2013-05-18 00,0,12382,6,1
2013-05-18 01,1,11741,6,1
2013-05-18 02,2,11336,6,1
2013-05-18 03,3,11068,6,1
2013-05-18 04,4,10994,6,1
2013-05-18 05,5,11143,6,1
2013-05-18 06,6,11308,6,1
2013-05-18 07,7,12502,6,1
2013-05-18 08,8,13898,6,1
2013-05-18 09,9,14693,6,1
2013-05-18 10,10,14924,6,1
2013-05-18 11,11,14633,6,1
2013-05-18 12,12,14499,6,1
2013-05-18 13,13,14619,6,1
2013-05-18 14,14,14491,6,1
2013-05-18 15,15,14467,6,1
2013-05-18 16,16,14502,6,1
2013-05-18 17,17,14301,6,1
2013-05-18 18,18,14346,6,1
2013-05-18 19,19,14571,6,1
2013-05-18 20,20,14260,6,1
2013-05-18 21,21,13730,6,1
2013-05-18 22,22,13211,6,1
2013-05-18 23,23,12333,6,1
2013-05-19 00,0,11903,7,1
2013-05-19 01,1,11461,7,1
2013-05-19 02,2,11046,7,1
2013-05-19 03,3,10783,7,1
2013-05-19 04,4,10707,7,1
2013-05-19 05,5,11037,7,1
2013-05-19 06,6,11280,7,1
2013-05-19 07,7,11985,7,1
2013-05-19 08,8,13060,7,1
2013-05-19 09,9,13800,7,1
2013-05-19 10,10,14223,7,1
2013-05-19 11,11,14094,7,1
2013-05-19 12,12,13735,7,1
2013-05-19 13,13,13885,7,1
2013-05-19 14,14,13772,7,1
2013-05-19 15,15,13887,7,1
2013-05-19 16,16,13993,7,1
2013-05-19 17,17,13983,7,1
2013-05-19 18,18,14167,7,1
2013-05-19 19,19,14459,7,1
2013-05-19 20,20,14289,7,1
2013-05-19 21,21,13832,7,1
2013-05-19 22,22,12992,7,1
2013-05-19 23,23,12033,7,1
2013-05-20 00,0,11335,1,0
2013-05-20 01,1,10910,1,0
2013-05-20 02,2,10621,1,0
2013-05-20 03,3,10477,1,0
2013-05-20 04,4,10653,1,0
2013-05-20 05,5,11200,1,0
2013-05-20 06,6,11988,1,0
2013-05-20 07,7,13678,1,0
2013-05-20 08,8,16027,1,0
2013-05-20 09,9,17061,1,0
2013-05-20 10,10,17436,1,0
2013-05-20 11,11,17156,1,0
2013-05-20 12,12,16991,1,0
2013-05-20 13,13,17368,1,0
2013-05-20 14,14,17183,1,0
2013-05-20 15,15,17230,1,0
2013-05-20 16,16,17160,1,0
2013-05-20 17,17,16678,1,0
2013-05-20 18,18,16987,1,0
2013-05-20 19,19,17023,1,0
2013-05-20 20,20,16635,1,0
2013-05-20 21,21,15735,1,0
2013-05-20 22,22,14773,1,0
2013-05-20 23,23,13465,1,0
2013-05-21 00,0,12580,2,0
2013-05-21 01,1,11936,2,0
2013-05-21 02,2,11583,2,0
2013-05-21 03,3,11343,2,0
2013-05-21 04,4,11516,2,0
2013-05-21 05,5,11864,2,0
2013-05-21 06,6,12460,2,0
2013-05-21 07,7,14026,2,0
2013-05-21 08,8,16276,2,0
2013-05-21 09,9,17503,2,0
2013-05-21 10,10,17816,2,0
2013-05-21 11,11,17448,2,0
2013-05-21 12,12,17285,2,0
2013-05-21 13,13,17534,2,0
2013-05-21 14,14,17442,2,0
2013-05-21 15,15,17412,2,0
2013-05-21 16,16,17338,2,0
2013-05-21 17,17,16829,2,0
2013-05-21 18,18,16774,2,0
2013-05-21 19,19,16888,2,0
2013-05-21 20,20,16558,2,0
2013-05-21 21,21,15924,2,0
2013-05-21 22,22,14956,2,0
2013-05-21 23,23,13907,2,0
2013-05-22 00,0,12796,3,0
2013-05-22 01,1,12154,3,0
2013-05-22 02,2,11803,3,0
2013-05-22 03,3,11541,3,0
2013-05-22 04,4,11662,3,0
2013-05-22 05,5,12121,3,0
2013-05-22 06,6,12691,3,0
2013-05-22 07,7,14411,3,0
2013-05-22 08,8,16423,3,0
2013-05-22 09,9,18134,3,0
2013-05-22 10,10,18485,3,0
2013-05-22 11,11,17847,3,0
2013-05-22 12,12,17247,3,0
2013-05-22 13,13,17479,3,0
2013-05-22 14,14,17396,3,0
2013-05-22 15,15,17483,3,0
2013-05-22 16,16,17563,3,0
2013-05-22 17,17,17209,3,0
2013-05-22 18,18,16775,3,0
2013-05-22 19,19,16955,3,0
2013-05-22 20,20,16465,3,0
2013-05-22 21,21,15929,3,0
2013-05-22 22,22,15031,3,0
2013-05-22 23,23,13857,3,0
2013-05-23 00,0,12865,4,0
2013-05-23 01,1,12266,4,0
2013-05-23 02,2,11953,4,0
2013-05-23 03,3,11708,4,0
2013-05-23 04,4,11768,4,0
2013-05-23 05,5,12242,4,0
2013-05-23 06,6,12885,4,0
2013-05-23 07,7,14315,4,0
2013-05-23 08,8,16411,4,0
2013-05-23 09,9,17414,4,0
2013-05-23 10,10,17651,4,0
2013-05-23 11,11,17350,4,0
2013-05-23 12,12,17008,4,0
2013-05-23 13,13,17159,4,0
2013-05-23 14,14,17166,4,0
2013-05-23 15,15,17225,4,0
2013-05-23 16,16,17306,4,0
2013-05-23 17,17,16903,4,0
2013-05-23 18,18,16411,4,0
2013-05-23 19,19,16642,4,0
2013-05-23 20,20,16309,4,0
2013-05-23 21,21,15859,4,0
2013-05-23 22,22,14855,4,0
2013-05-23 23,23,13835,4,0
2013-05-24 00,0,12776,5,0
2013-05-24 01,1,12260,5,0
2013-05-24 02,2,11750,5,0
2013-05-24 03,3,11532,5,0
2013-05-24 04,4,11555,5,0
2013-05-24 05,5,12009,5,0
2013-05-24 06,6,12633,5,0
2013-05-24 07,7,14267,5,0
2013-05-24 08,8,16373,5,0
2013-05-24 09,9,17584,5,0
2013-05-24 10,10,17994,5,0
2013-05-24 11,11,17815,5,0
2013-05-24 12,12,17473,5,0
2013-05-24 13,13,17704,5,0
2013-05-24 14,14,17699,5,0
2013-05-24 15,15,17632,5,0
2013-05-24 16,16,17587,5,0
2013-05-24 17,17,17042,5,0
2013-05-24 18,18,16501,5,0
2013-05-24 19,19,16794,5,0
2013-05-24 20,20,16451,5,0
2013-05-24 21,21,15953,5,0
2013-05-24 22,22,15014,5,0
2013-05-24 23,23,13918,5,0
2013-05-25 00,0,12785,6,1
2013-05-25 01,1,12189,6,1
2013-05-25 02,2,11754,6,1
2013-05-25 03,3,11538,6,1
2013-05-25 04,4,11506,6,1
2013-05-25 05,5,11800,6,1
2013-05-25 06,6,11984,6,1
2013-05-25 07,7,13144,6,1
2013-05-25 08,8,14565,6,1
2013-05-25 09,9,15671,6,1
2013-05-25 10,10,16124,6,1
2013-05-25 11,11,15798,6,1
2013-05-25 12,12,15531,6,1
2013-05-25 13,13,15611,6,1
2013-05-25 14,14,15553,6,1
2013-05-25 15,15,15608,6,1
2013-05-25 16,16,15691,6,1
2013-05-25 17,17,15422,6,1
2013-05-25 18,18,15464,6,1
2013-05-25 19,19,15606,6,1
2013-05-25 20,20,15416,6,1
2013-05-25 21,21,15020,6,1
2013-05-25 22,22,14262,6,1
2013-05-25 23,23,13385,6,1
2013-05-26 00,0,12415,7,1
2013-05-26 01,1,11636,7,1
2013-05-26 02,2,11186,7,1
2013-05-26 03,3,10939,7,1
2013-05-26 04,4,10852,7,1
2013-05-26 05,5,11071,7,1
2013-05-26 06,6,11380,7,1
2013-05-26 07,7,12049,7,1
2013-05-26 08,8,13240,7,1
2013-05-26 09,9,14126,7,1
2013-05-26 10,10,14525,7,1
2013-05-26 11,11,14411,7,1
2013-05-26 12,12,13962,7,1
2013-05-26 13,13,14151,7,1
2013-05-26 14,14,14067,7,1
2013-05-26 15,15,14078,7,1
2013-05-26 16,16,14159,7,1
2013-05-26 17,17,14199,7,1
2013-05-26 18,18,14395,7,1
2013-05-26 19,19,14687,7,1
2013-05-26 20,20,14509,7,1
2013-05-26 21,21,14023,7,1
2013-05-26 22,22,13415,7,1
2013-05-26 23,23,12405,7,1
2013-05-27 00,0,11531,1,0
2013-05-27 01,1,11167,1,0
2013-05-27 02,2,10828,1,0
2013-05-27 03,3,10538,1,0
2013-05-27 04,4,10849,1,0
2013-05-27 05,5,11401,1,0
2013-05-27 06,6,12081,1,0
2013-05-27 07,7,13595,1,0
2013-05-27 08,8,16205,1,0
2013-05-27 09,9,17729,1,0
2013-05-27 10,10,17949,1,0
2013-05-27 11,11,17673,1,0
2013-05-27 12,12,17329,1,0
2013-05-27 13,13,17582,1,0
2013-05-27 14,14,17648,1,0
2013-05-27 15,15,17649,1,0
2013-05-27 16,16,17512,1,0
2013-05-27 17,17,17067,1,0
2013-05-27 18,18,16629,1,0
2013-05-27 19,19,16776,1,0
2013-05-27 20,20,16432,1,0
2013-05-27 21,21,15784,1,0
2013-05-27 22,22,14912,1,0
2013-05-27 23,23,13927,1,0
2013-05-28 00,0,12750,2,0
2013-05-28 01,1,12321,2,0
2013-05-28 02,2,11843,2,0
2013-05-28 03,3,11668,2,0
2013-05-28 04,4,11659,2,0
2013-05-28 05,5,12076,2,0
2013-05-28 06,6,12754,2,0
2013-05-28 07,7,14341,2,0
2013-05-28 08,8,16580,2,0
2013-05-28 09,9,17320,2,0
2013-05-28 10,10,17614,2,0
2013-05-28 11,11,17567,2,0
2013-05-28 12,12,17681,2,0
2013-05-28 13,13,18195,2,0
2013-05-28 14,14,18274,2,0
2013-05-28 15,15,18162,2,0
2013-05-28 16,16,18148,2,0
2013-05-28 17,17,17604,2,0
2013-05-28 18,18,16813,2,0
2013-05-28 19,19,17029,2,0
2013-05-28 20,20,16872,2,0
2013-05-28 21,21,16212,2,0
2013-05-28 22,22,15276,2,0
2013-05-28 23,23,14149,2,0
2013-05-29 00,0,13034,3,0
2013-05-29 01,1,12469,3,0
2013-05-29 02,2,12072,3,0
2013-05-29 03,3,11853,3,0
2013-05-29 04,4,11901,3,0
2013-05-29 05,5,12269,3,0
2013-05-29 06,6,12901,3,0
2013-05-29 07,7,14574,3,0
2013-05-29 08,8,17137,3,0
2013-05-29 09,9,18764,3,0
2013-05-29 10,10,19086,3,0
2013-05-29 11,11,18737,3,0
2013-05-29 12,12,18734,3,0
2013-05-29 13,13,18931,3,0
2013-05-29 14,14,18903,3,0
2013-05-29 15,15,18738,3,0
2013-05-29 16,16,18697,3,0
2013-05-29 17,17,17899,3,0
2013-05-29 18,18,17092,3,0
2013-05-29 19,19,17188,3,0
2013-05-29 20,20,17039,3,0
2013-05-29 21,21,16291,3,0
2013-05-29 22,22,15387,3,0
2013-05-29 23,23,14210,3,0
2013-05-30 00,0,13099,4,0
2013-05-30 01,1,12435,4,0
2013-05-30 02,2,11991,4,0
2013-05-30 03,3,11837,4,0
2013-05-30 04,4,11844,4,0
2013-05-30 05,5,12258,4,0
2013-05-30 06,6,12893,4,0
2013-05-30 07,7,14363,4,0
2013-05-30 08,8,16562,4,0
2013-05-30 09,9,16917,4,0
2013-05-30 10,10,18021,4,0
2013-05-30 11,11,16988,4,0
2013-05-30 12,12,17463,4,0
2013-05-30 13,13,18039,4,0
2013-05-30 14,14,18064,4,0
2013-05-30 15,15,18132,4,0
2013-05-30 16,16,18092,4,0
2013-05-30 17,17,17676,4,0
2013-05-30 18,18,16931,4,0
2013-05-30 19,19,17089,4,0
2013-05-30 20,20,16882,4,0
2013-05-30 21,21,16337,4,0
2013-05-30 22,22,15407,4,0
2013-05-30 23,23,14337,4,0
2013-05-31 00,0,12394,5,0
2013-05-31 01,1,11886,5,0
2013-05-31 02,2,11626,5,0
2013-05-31 03,3,11402,5,0
2013-05-31 04,4,11385,5,0
2013-05-31 05,5,11860,5,0
2013-05-31 06,6,12389,5,0
2013-05-31 07,7,13832,5,0
2013-05-31 08,8,15951,5,0
2013-05-31 09,9,17365,5,0
2013-05-31 10,10,17631,5,0
2013-05-31 11,11,17391,5,0
2013-05-31 12,12,16938,5,0
2013-05-31 13,13,17215,5,0
2013-05-31 14,14,17241,5,0
2013-05-31 15,15,17318,5,0
2013-05-31 16,16,17239,5,0
2013-05-31 17,17,16853,5,0
2013-05-31 18,18,16341,5,0
2013-05-31 19,19,16371,5,0
2013-05-31 20,20,16133,5,0
2013-05-31 21,21,15539,5,0
2013-05-31 22,22,14635,5,0
2013-05-31 23,23,13594,5,0
2013-06-01 00,0,12315,6,1
2013-06-01 01,1,11839,6,1
2013-06-01 02,2,11351,6,1
2013-06-01 03,3,11143,6,1
2013-06-01 04,4,11136,6,1
2013-06-01 05,5,11447,6,1
2013-06-01 06,6,11574,6,1
2013-06-01 07,7,12620,6,1
2013-06-01 08,8,14258,6,1
2013-06-01 09,9,15292,6,1
2013-06-01 10,10,15615,6,1
2013-06-01 11,11,15540,6,1
2013-06-01 12,12,15196,6,1
2013-06-01 13,13,15441,6,1
2013-06-01 14,14,15303,6,1
2013-06-01 15,15,15296,6,1
2013-06-01 16,16,15300,6,1
2013-06-01 17,17,14983,6,1
2013-06-01 18,18,14812,6,1
2013-06-01 19,19,14960,6,1
2013-06-01 20,20,14944,6,1
2013-06-01 21,21,14550,6,1
2013-06-01 22,22,13770,6,1
2013-06-01 23,23,13005,6,1
2013-06-02 00,0,11874,7,1
2013-06-02 01,1,11367,7,1
2013-06-02 02,2,10948,7,1
2013-06-02 03,3,10818,7,1
2013-06-02 04,4,10773,7,1
2013-06-02 05,5,10958,7,1
2013-06-02 06,6,11020,7,1
2013-06-02 07,7,11813,7,1
2013-06-02 08,8,12868,7,1
2013-06-02 09,9,13705,7,1
2013-06-02 10,10,13960,7,1
2013-06-02 11,11,13933,7,1
2013-06-02 12,12,13409,7,1
2013-06-02 13,13,13559,7,1
2013-06-02 14,14,13476,7,1
2013-06-02 15,15,13568,7,1
2013-06-02 16,16,13817,7,1
2013-06-02 17,17,13887,7,1
2013-06-02 18,18,13954,7,1
2013-06-02 19,19,14222,7,1
2013-06-02 20,20,14284,7,1
2013-06-02 21,21,13912,7,1
2013-06-02 22,22,13134,7,1
2013-06-02 23,23,12123,7,1
2013-06-03 00,0,11281,1,0
2013-06-03 01,1,11012,1,0
2013-06-03 02,2,10680,1,0
2013-06-03 03,3,10415,1,0
2013-06-03 04,4,10649,1,0
2013-06-03 05,5,11144,1,0
2013-06-03 06,6,12012,1,0
2013-06-03 07,7,14158,1,0
2013-06-03 08,8,16500,1,0
2013-06-03 09,9,17941,1,0
2013-06-03 10,10,18206,1,0
2013-06-03 11,11,17919,1,0
2013-06-03 12,12,17660,1,0
2013-06-03 13,13,18057,1,0
2013-06-03 14,14,18028,1,0
2013-06-03 15,15,18080,1,0
2013-06-03 16,16,18003,1,0
2013-06-03 17,17,17510,1,0
2013-06-03 18,18,17002,1,0
2013-06-03 19,19,17054,1,0
2013-06-03 20,20,16766,1,0
2013-06-03 21,21,15994,1,0
2013-06-03 22,22,15082,1,0
2013-06-03 23,23,14038,1,0
2013-06-04 00,0,12728,2,0
2013-06-04 01,1,11989,2,0
2013-06-04 02,2,11499,2,0
2013-06-04 03,3,11398,2,0
2013-06-04 04,4,11534,2,0
2013-06-04 05,5,11754,2,0
2013-06-04 06,6,12383,2,0
2013-06-04 07,7,14177,2,0
2013-06-04 08,8,16080,2,0
2013-06-04 09,9,17308,2,0
2013-06-04 10,10,17552,2,0
2013-06-04 11,11,17216,2,0
2013-06-04 12,12,16837,2,0
2013-06-04 13,13,17076,2,0
2013-06-04 14,14,17060,2,0
2013-06-04 15,15,17017,2,0
2013-06-04 16,16,17080,2,0
2013-06-04 17,17,16681,2,0
2013-06-04 18,18,16395,2,0
2013-06-04 19,19,16476,2,0
2013-06-04 20,20,16329,2,0
2013-06-04 21,21,15741,2,0
2013-06-04 22,22,14953,2,0
2013-06-04 23,23,13944,2,0
2013-06-05 00,0,12834,3,0
2013-06-05 01,1,11921,3,0
2013-06-05 02,2,11562,3,0
2013-06-05 03,3,11351,3,0
2013-06-05 04,4,11439,3,0
2013-06-05 05,5,11880,3,0
2013-06-05 06,6,12467,3,0
2013-06-05 07,7,14006,3,0
2013-06-05 08,8,16314,3,0
2013-06-05 09,9,17330,3,0
2013-06-05 10,10,17459,3,0
2013-06-05 11,11,17137,3,0
2013-06-05 12,12,16670,3,0
2013-06-05 13,13,16841,3,0
2013-06-05 14,14,16858,3,0
2013-06-05 15,15,16889,3,0
2013-06-05 16,16,16895,3,0
2013-06-05 17,17,16491,3,0
2013-06-05 18,18,16134,3,0
2013-06-05 19,19,16181,3,0
2013-06-05 20,20,16026,3,0
2013-06-05 21,21,15243,3,0
2013-06-05 22,22,14551,3,0
2013-06-05 23,23,13548,3,0
2013-06-06 00,0,12479,4,0
2013-06-06 01,1,12156,4,0
2013-06-06 02,2,11882,4,0
2013-06-06 03,3,11700,4,0
2013-06-06 04,4,11784,4,0
2013-06-06 05,5,12124,4,0
2013-06-06 06,6,12618,4,0
2013-06-06 07,7,14309,4,0
2013-06-06 08,8,16386,4,0
2013-06-06 09,9,17588,4,0
2013-06-06 10,10,17695,4,0
2013-06-06 11,11,17360,4,0
2013-06-06 12,12,16860,4,0
2013-06-06 13,13,17099,4,0
2013-06-06 14,14,17065,4,0
2013-06-06 15,15,17126,4,0
2013-06-06 16,16,17115,4,0
2013-06-06 17,17,16710,4,0
2013-06-06 18,18,16295,4,0
2013-06-06 19,19,16417,4,0
2013-06-06 20,20,16224,4,0
2013-06-06 21,21,15816,4,0
2013-06-06 22,22,14955,4,0
2013-06-06 23,23,13783,4,0
2013-06-07 00,0,12742,5,0
2013-06-07 01,1,12360,5,0
2013-06-07 02,2,12005,5,0
2013-06-07 03,3,11796,5,0
2013-06-07 04,4,11865,5,0
2013-06-07 05,5,12297,5,0
2013-06-07 06,6,12770,5,0
2013-06-07 07,7,14569,5,0
2013-06-07 08,8,16670,5,0
2013-06-07 09,9,17904,5,0
2013-06-07 10,10,18022,5,0
2013-06-07 11,11,17660,5,0
2013-06-07 12,12,17346,5,0
2013-06-07 13,13,17532,5,0
2013-06-07 14,14,17529,5,0
2013-06-07 15,15,17581,5,0
2013-06-07 16,16,17599,5,0
2013-06-07 17,17,17145,5,0
2013-06-07 18,18,16396,5,0
2013-06-07 19,19,16510,5,0
2013-06-07 20,20,16385,5,0
2013-06-07 21,21,15847,5,0
2013-06-07 22,22,15029,5,0
2013-06-07 23,23,13984,5,0
2013-06-08 00,0,12932,6,0
2013-06-08 01,1,12440,6,0
2013-06-08 02,2,11994,6,0
2013-06-08 03,3,11674,6,0
2013-06-08 04,4,11738,6,0
2013-06-08 05,5,12032,6,0
2013-06-08 06,6,12574,6,0
2013-06-08 07,7,14116,6,0
2013-06-08 08,8,16604,6,0
2013-06-08 09,9,17651,6,0
2013-06-08 10,10,17920,6,0
2013-06-08 11,11,17636,6,0
2013-06-08 12,12,17309,6,0
2013-06-08 13,13,17612,6,0
2013-06-08 14,14,17544,6,0
2013-06-08 15,15,17547,6,0
2013-06-08 16,16,17659,6,0
2013-06-08 17,17,17195,6,0
2013-06-08 18,18,16531,6,0
2013-06-08 19,19,16697,6,0
2013-06-08 20,20,16570,6,0
2013-06-08 21,21,15896,6,0
2013-06-08 22,22,15065,6,0
2013-06-08 23,23,13784,6,0
2013-06-09 00,0,12900,7,0
2013-06-09 01,1,12122,7,0
2013-06-09 02,2,11777,7,0
2013-06-09 03,3,11551,7,0
2013-06-09 04,4,11567,7,0
2013-06-09 05,5,11870,7,0
2013-06-09 06,6,12496,7,0
2013-06-09 07,7,14060,7,0
2013-06-09 08,8,16100,7,0
2013-06-09 09,9,17194,7,0
2013-06-09 10,10,17382,7,0
2013-06-09 11,11,17081,7,0
2013-06-09 12,12,16666,7,0
2013-06-09 13,13,16809,7,0
2013-06-09 14,14,16692,7,0
2013-06-09 15,15,16662,7,0
2013-06-09 16,16,16766,7,0
2013-06-09 17,17,16649,7,0
2013-06-09 18,18,16105,7,0
2013-06-09 19,19,16132,7,0
2013-06-09 20,20,15835,7,0
2013-06-09 21,21,15300,7,0
2013-06-09 22,22,14436,7,0
2013-06-09 23,23,13497,7,0
2013-06-10 00,0,12592,1,1
2013-06-10 01,1,11905,1,1
2013-06-10 02,2,11373,1,1
2013-06-10 03,3,11150,1,1
2013-06-10 04,4,11153,1,1
2013-06-10 05,5,11454,1,1
2013-06-10 06,6,11766,1,1
2013-06-10 07,7,12923,1,1
2013-06-10 08,8,14500,1,1
2013-06-10 09,9,15572,1,1
2013-06-10 10,10,15869,1,1
2013-06-10 11,11,15552,1,1
2013-06-10 12,12,15060,1,1
2013-06-10 13,13,15314,1,1
2013-06-10 14,14,15467,1,1
2013-06-10 15,15,15487,1,1
2013-06-10 16,16,15431,1,1
2013-06-10 17,17,14925,1,1
2013-06-10 18,18,14767,1,1
2013-06-10 19,19,15115,1,1
2013-06-10 20,20,14976,1,1
2013-06-10 21,21,14541,1,1
2013-06-10 22,22,13694,1,1
2013-06-10 23,23,12811,1,1
2013-06-11 00,0,11861,2,1
2013-06-11 01,1,11337,2,1
2013-06-11 02,2,10968,2,1
2013-06-11 03,3,10822,2,1
2013-06-11 04,4,10680,2,1
2013-06-11 05,5,11147,2,1
2013-06-11 06,6,11155,2,1
2013-06-11 07,7,12114,2,1
2013-06-11 08,8,13314,2,1
2013-06-11 09,9,14085,2,1
2013-06-11 10,10,14396,2,1
2013-06-11 11,11,14192,2,1
2013-06-11 12,12,13891,2,1
2013-06-11 13,13,14108,2,1
2013-06-11 14,14,14086,2,1
2013-06-11 15,15,14058,2,1
2013-06-11 16,16,14198,2,1
2013-06-11 17,17,14172,2,1
2013-06-11 18,18,14496,2,1
2013-06-11 19,19,14663,2,1
2013-06-11 20,20,14350,2,1
2013-06-11 21,21,13936,2,1
2013-06-11 22,22,13096,2,1
2013-06-11 23,23,12237,2,1
2013-06-12 00,0,11160,3,-1
2013-06-12 01,1,10583,3,-1
2013-06-12 02,2,10327,3,-1
2013-06-12 03,3,10136,3,-1
2013-06-12 04,4,10066,3,-1
2013-06-12 05,5,10468,3,-1
2013-06-12 06,6,10326,3,-1
2013-06-12 07,7,10710,3,-1
2013-06-12 08,8,11706,3,-1
2013-06-12 09,9,12548,3,-1
2013-06-12 10,10,12823,3,-1
2013-06-12 11,11,12663,3,-1
2013-06-12 12,12,12405,3,-1
2013-06-12 13,13,12668,3,-1
2013-06-12 14,14,12738,3,-1
2013-06-12 15,15,12758,3,-1
2013-06-12 16,16,12801,3,-1
2013-06-12 17,17,12721,3,-1
2013-06-12 18,18,13021,3,-1
2013-06-12 19,19,13271,3,-1
2013-06-12 20,20,13181,3,-1
2013-06-12 21,21,12823,3,-1
2013-06-12 22,22,12298,3,-1
2013-06-12 23,23,11430,3,-1
2013-06-13 00,0,10540,4,0
2013-06-13 01,1,10054,4,0
2013-06-13 02,2,9788,4,0
2013-06-13 03,3,9654,4,0
2013-06-13 04,4,9951,4,0
2013-06-13 05,5,10450,4,0
2013-06-13 06,6,11250,4,0
2013-06-13 07,7,13499,4,0
2013-06-13 08,8,15792,4,0
2013-06-13 09,9,17198,4,0
2013-06-13 10,10,17400,4,0
2013-06-13 11,11,17167,4,0
2013-06-13 12,12,16821,4,0
2013-06-13 13,13,17013,4,0
2013-06-13 14,14,17073,4,0
2013-06-13 15,15,17108,4,0
2013-06-13 16,16,17090,4,0
2013-06-13 17,17,16595,4,0
2013-06-13 18,18,15926,4,0
2013-06-13 19,19,15955,4,0
2013-06-13 20,20,15810,4,0
2013-06-13 21,21,15360,4,0
2013-06-13 22,22,14555,4,0
2013-06-13 23,23,13378,4,0
2013-06-14 00,0,12128,5,0
2013-06-14 01,1,11633,5,0
2013-06-14 02,2,11385,5,0
2013-06-14 03,3,11216,5,0
2013-06-14 04,4,11359,5,0
2013-06-14 05,5,11639,5,0
2013-06-14 06,6,12205,5,0
2013-06-14 07,7,13880,5,0
2013-06-14 08,8,15902,5,0
2013-06-14 09,9,16692,5,0
2013-06-14 10,10,17033,5,0
2013-06-14 11,11,16603,5,0
2013-06-14 12,12,16148,5,0
2013-06-14 13,13,16346,5,0
2013-06-14 14,14,16449,5,0
2013-06-14 15,15,16468,5,0
2013-06-14 16,16,16572,5,0
2013-06-14 17,17,16296,5,0
2013-06-14 18,18,15790,5,0
2013-06-14 19,19,15803,5,0
2013-06-14 20,20,15712,5,0
2013-06-14 21,21,15182,5,0
2013-06-14 22,22,14341,5,0
2013-06-14 23,23,13318,5,0
2013-06-15 00,0,12308,6,1
2013-06-15 01,1,11744,6,1
2013-06-15 02,2,11453,6,1
2013-06-15 03,3,11320,6,1
2013-06-15 04,4,11330,6,1
2013-06-15 05,5,11683,6,1
2013-06-15 06,6,12111,6,1
2013-06-15 07,7,13325,6,1
2013-06-15 08,8,14751,6,1
2013-06-15 09,9,15714,6,1
2013-06-15 10,10,16185,6,1
2013-06-15 11,11,15768,6,1
2013-06-15 12,12,15151,6,1
2013-06-15 13,13,15239,6,1
2013-06-15 14,14,15186,6,1
2013-06-15 15,15,15279,6,1
2013-06-15 16,16,15542,6,1
2013-06-15 17,17,15501,6,1
2013-06-15 18,18,15525,6,1
2013-06-15 19,19,15679,6,1
2013-06-15 20,20,15519,6,1
2013-06-15 21,21,14922,6,1
2013-06-15 22,22,14182,6,1
2013-06-15 23,23,13376,6,1
2013-06-16 00,0,12505,7,1
2013-06-16 01,1,11519,7,1
2013-06-16 02,2,11268,7,1
2013-06-16 03,3,11201,7,1
2013-06-16 04,4,11143,7,1
2013-06-16 05,5,11504,7,1
2013-06-16 06,6,11629,7,1
2013-06-16 07,7,12787,7,1
2013-06-16 08,8,14066,7,1
2013-06-16 09,9,15119,7,1
2013-06-16 10,10,16014,7,1
2013-06-16 11,11,15327,7,1
2013-06-16 12,12,14953,7,1
2013-06-16 13,13,15101,7,1
2013-06-16 14,14,15071,7,1
2013-06-16 15,15,15280,7,1
2013-06-16 16,16,15446,7,1
2013-06-16 17,17,15410,7,1
2013-06-16 18,18,15589,7,1
2013-06-16 19,19,15752,7,1
2013-06-16 20,20,15592,7,1
2013-06-16 21,21,15144,7,1
2013-06-16 22,22,14293,7,1
2013-06-16 23,23,13458,7,1
2013-06-17 00,0,12431,1,0
2013-06-17 01,1,11357,1,0
2013-06-17 02,2,11025,1,0
2013-06-17 03,3,10923,1,0
2013-06-17 04,4,10889,1,0
2013-06-17 05,5,11400,1,0
2013-06-17 06,6,12538,1,0
2013-06-17 07,7,14901,1,0
2013-06-17 08,8,17787,1,0
2013-06-17 09,9,20654,1,0
2013-06-17 10,10,21693,1,0
2013-06-17 11,11,21085,1,0
2013-06-17 12,12,19396,1,0
2013-06-17 13,13,20247,1,0
2013-06-17 14,14,20200,1,0
2013-06-17 15,15,20168,1,0
2013-06-17 16,16,19337,1,0
2013-06-17 17,17,18982,1,0
2013-06-17 18,18,17900,1,0
2013-06-17 19,19,18116,1,0
2013-06-17 20,20,18013,1,0
2013-06-17 21,21,17076,1,0
2013-06-17 22,22,16123,1,0
2013-06-17 23,23,14893,1,0
2013-06-18 00,0,15158,2,0
2013-06-18 01,1,14783,2,0
2013-06-18 02,2,14263,2,0
2013-06-18 03,3,13749,2,0
2013-06-18 04,4,13816,2,0
2013-06-18 05,5,14025,2,0
2013-06-18 06,6,14808,2,0
2013-06-18 07,7,16334,2,0
2013-06-18 08,8,19523,2,0
2013-06-18 09,9,22220,2,0
2013-06-18 10,10,22967,2,0
2013-06-18 11,11,22541,2,0
2013-06-18 12,12,20830,2,0
2013-06-18 13,13,21625,2,0
2013-06-18 14,14,22299,2,0
2013-06-18 15,15,22373,2,0
2013-06-18 16,16,21785,2,0
2013-06-18 17,17,19892,2,0
2013-06-18 18,18,19227,2,0
2013-06-18 19,19,19560,2,0
2013-06-18 20,20,19574,2,0
2013-06-18 21,21,19202,2,0
2013-06-18 22,22,18067,2,0
2013-06-18 23,23,17236,2,0
2013-06-19 00,0,16829,3,0
2013-06-19 01,1,15350,3,0
2013-06-19 02,2,14954,3,0
2013-06-19 03,3,14453,3,0
2013-06-19 04,4,14331,3,0
2013-06-19 05,5,14298,3,0
2013-06-19 06,6,14752,3,0
2013-06-19 07,7,16691,3,0
2013-06-19 08,8,20442,3,0
2013-06-19 09,9,23084,3,0
2013-06-19 10,10,23931,3,0
2013-06-19 11,11,23334,3,0
2013-06-19 12,12,21558,3,0
2013-06-19 13,13,20759,3,0
2013-06-19 14,14,20729,3,0
2013-06-19 15,15,20727,3,0
2013-06-19 16,16,20736,3,0
2013-06-19 17,17,20257,3,0
2013-06-19 18,18,19413,3,0
2013-06-19 19,19,19634,3,0
2013-06-19 20,20,19487,3,0
2013-06-19 21,21,18999,3,0
2013-06-19 22,22,17966,3,0
2013-06-19 23,23,16520,3,0
2013-06-20 00,0,16092,4,0
2013-06-20 01,1,15464,4,0
2013-06-20 02,2,14940,4,0
2013-06-20 03,3,14556,4,0
2013-06-20 04,4,14392,4,0
2013-06-20 05,5,14649,4,0
2013-06-20 06,6,15181,4,0
2013-06-20 07,7,17160,4,0
2013-06-20 08,8,19747,4,0
2013-06-20 09,9,20454,4,0
2013-06-20 10,10,20106,4,0
2013-06-20 11,11,20328,4,0
2013-06-20 12,12,21372,4,0
2013-06-20 13,13,21580,4,0
2013-06-20 14,14,21623,4,0
2013-06-20 15,15,21613,4,0
2013-06-20 16,16,21533,4,0
2013-06-20 17,17,21013,4,0
2013-06-20 18,18,20421,4,0
2013-06-20 19,19,20740,4,0
2013-06-20 20,20,20633,4,0
2013-06-20 21,21,20234,4,0
2013-06-20 22,22,19258,4,0
2013-06-20 23,23,18040,4,0
2013-06-21 00,0,16606,5,0
2013-06-21 01,1,14158,5,0
2013-06-21 02,2,13648,5,0
2013-06-21 03,3,13260,5,0
2013-06-21 04,4,13150,5,0
2013-06-21 05,5,13409,5,0
2013-06-21 06,6,13979,5,0
2013-06-21 07,7,16321,5,0
2013-06-21 08,8,18926,5,0
2013-06-21 09,9,20692,5,0
2013-06-21 10,10,21100,5,0
2013-06-21 11,11,20910,5,0
2013-06-21 12,12,19864,5,0
2013-06-21 13,13,20318,5,0
2013-06-21 14,14,20295,5,0
2013-06-21 15,15,20282,5,0
2013-06-21 16,16,20169,5,0
2013-06-21 17,17,19567,5,0
2013-06-21 18,18,18972,5,0
2013-06-21 19,19,19524,5,0
2013-06-21 20,20,19440,5,0
2013-06-21 21,21,18757,5,0
2013-06-21 22,22,17870,5,0
2013-06-21 23,23,16623,5,0
2013-06-22 00,0,15250,6,1
2013-06-22 01,1,12753,6,1
2013-06-22 02,2,12140,6,1
2013-06-22 03,3,11885,6,1
2013-06-22 04,4,11744,6,1
2013-06-22 05,5,11898,6,1
2013-06-22 06,6,12056,6,1
2013-06-22 07,7,13323,6,1
2013-06-22 08,8,15055,6,1
2013-06-22 09,9,17351,6,1
2013-06-22 10,10,18137,6,1
2013-06-22 11,11,17788,6,1
2013-06-22 12,12,16088,6,1
2013-06-22 13,13,16054,6,1
2013-06-22 14,14,15823,6,1
2013-06-22 15,15,15924,6,1
2013-06-22 16,16,15976,6,1
2013-06-22 17,17,15721,6,1
2013-06-22 18,18,15628,6,1
2013-06-22 19,19,15912,6,1
2013-06-22 20,20,15877,6,1
2013-06-22 21,21,15407,6,1
2013-06-22 22,22,14413,6,1
2013-06-22 23,23,13816,6,1
2013-06-23 00,0,12696,7,1
2013-06-23 01,1,12108,7,1
2013-06-23 02,2,11596,7,1
2013-06-23 03,3,11317,7,1
2013-06-23 04,4,11303,7,1
2013-06-23 05,5,11529,7,1
2013-06-23 06,6,11723,7,1
2013-06-23 07,7,12702,7,1
2013-06-23 08,8,14374,7,1
2013-06-23 09,9,16992,7,1
2013-06-23 10,10,18154,7,1
2013-06-23 11,11,17910,7,1
2013-06-23 12,12,16479,7,1
2013-06-23 13,13,15515,7,1
2013-06-23 14,14,15503,7,1
2013-06-23 15,15,15515,7,1
2013-06-23 16,16,15462,7,1
2013-06-23 17,17,15600,7,1
2013-06-23 18,18,15616,7,1
2013-06-23 19,19,16003,7,1
2013-06-23 20,20,15821,7,1
2013-06-23 21,21,15362,7,1
2013-06-23 22,22,14463,7,1
2013-06-23 23,23,13772,7,1
2013-06-24 00,0,13082,1,0
2013-06-24 01,1,12395,1,0
2013-06-24 02,2,11736,1,0
2013-06-24 03,3,11222,1,0
2013-06-24 04,4,11025,1,0
2013-06-24 05,5,11795,1,0
2013-06-24 06,6,12336,1,0
2013-06-24 07,7,14917,1,0
2013-06-24 08,8,18269,1,0
2013-06-24 09,9,20216,1,0
2013-06-24 10,10,20598,1,0
2013-06-24 11,11,20529,1,0
2013-06-24 12,12,20091,1,0
2013-06-24 13,13,20276,1,0
2013-06-24 14,14,20022,1,0
2013-06-24 15,15,20065,1,0
2013-06-24 16,16,19998,1,0
2013-06-24 17,17,18999,1,0
2013-06-24 18,18,18398,1,0
2013-06-24 19,19,18436,1,0
2013-06-24 20,20,18211,1,0
2013-06-24 21,21,17569,1,0
2013-06-24 22,22,16552,1,0
2013-06-24 23,23,15152,1,0
2013-06-25 00,0,15177,2,0
2013-06-25 01,1,14501,2,0
2013-06-25 02,2,14146,2,0
2013-06-25 03,3,13671,2,0
2013-06-25 04,4,13450,2,0
2013-06-25 05,5,13556,2,0
2013-06-25 06,6,13822,2,0
2013-06-25 07,7,15866,2,0
2013-06-25 08,8,18743,2,0
2013-06-25 09,9,20103,2,0
2013-06-25 10,10,20587,2,0
2013-06-25 11,11,20569,2,0
2013-06-25 12,12,20216,2,0
2013-06-25 13,13,20380,2,0
2013-06-25 14,14,20394,2,0
2013-06-25 15,15,20457,2,0
2013-06-25 16,16,20379,2,0
2013-06-25 17,17,19986,2,0
2013-06-25 18,18,19258,2,0
2013-06-25 19,19,19510,2,0
2013-06-25 20,20,19328,2,0
2013-06-25 21,21,18927,2,0
2013-06-25 22,22,18009,2,0
2013-06-25 23,23,16698,2,0
2013-06-26 00,0,15580,3,0
2013-06-26 01,1,13586,3,0
2013-06-26 02,2,13109,3,0
2013-06-26 03,3,12810,3,0
2013-06-26 04,4,12752,3,0
2013-06-26 05,5,13038,3,0
2013-06-26 06,6,13560,3,0
2013-06-26 07,7,15550,3,0
2013-06-26 08,8,18521,3,0
2013-06-26 09,9,19957,3,0
2013-06-26 10,10,20267,3,0
2013-06-26 11,11,19847,3,0
2013-06-26 12,12,19635,3,0
2013-06-26 13,13,19672,3,0
2013-06-26 14,14,19599,3,0
2013-06-26 15,15,19565,3,0
2013-06-26 16,16,19723,3,0
2013-06-26 17,17,18956,3,0
2013-06-26 18,18,18071,3,0
2013-06-26 19,19,18027,3,0
2013-06-26 20,20,17894,3,0
2013-06-26 21,21,17389,3,0
2013-06-26 22,22,16466,3,0
2013-06-26 23,23,15290,3,0
2013-06-27 00,0,14144,4,0
2013-06-27 01,1,12728,4,0
2013-06-27 02,2,12347,4,0
2013-06-27 03,3,12078,4,0
2013-06-27 04,4,12004,4,0
2013-06-27 05,5,12267,4,0
2013-06-27 06,6,12804,4,0
2013-06-27 07,7,14884,4,0
2013-06-27 08,8,17323,4,0
2013-06-27 09,9,19135,4,0
2013-06-27 10,10,19499,4,0
2013-06-27 11,11,19273,4,0
2013-06-27 12,12,18945,4,0
2013-06-27 13,13,19014,4,0
2013-06-27 14,14,18864,4,0
2013-06-27 15,15,18940,4,0
2013-06-27 16,16,18865,4,0
2013-06-27 17,17,18629,4,0
2013-06-27 18,18,18190,4,0
2013-06-27 19,19,18120,4,0
2013-06-27 20,20,17911,4,0
2013-06-27 21,21,17335,4,0
2013-06-27 22,22,16362,4,0
2013-06-27 23,23,15262,4,0
2013-06-28 00,0,14143,5,0
2013-06-28 01,1,12253,5,0
2013-06-28 02,2,12002,5,0
2013-06-28 03,3,11578,5,0
2013-06-28 04,4,11597,5,0
2013-06-28 05,5,12106,5,0
2013-06-28 06,6,12431,5,0
2013-06-28 07,7,14292,5,0
2013-06-28 08,8,17354,5,0
2013-06-28 09,9,19025,5,0
2013-06-28 10,10,19333,5,0
2013-06-28 11,11,19036,5,0
2013-06-28 12,12,18644,5,0
2013-06-28 13,13,18806,5,0
2013-06-28 14,14,18701,5,0
2013-06-28 15,15,18664,5,0
2013-06-28 16,16,18622,5,0
2013-06-28 17,17,17944,5,0
2013-06-28 18,18,17175,5,0
2013-06-28 19,19,17147,5,0
2013-06-28 20,20,16968,5,0
2013-06-28 21,21,16473,5,0
2013-06-28 22,22,15567,5,0
2013-06-28 23,23,14514,5,0
2013-06-29 00,0,13409,6,1
2013-06-29 01,1,12285,6,1
2013-06-29 02,2,11940,6,1
2013-06-29 03,3,11592,6,1
2013-06-29 04,4,11559,6,1
2013-06-29 05,5,12058,6,1
2013-06-29 06,6,12010,6,1
2013-06-29 07,7,13273,6,1
2013-06-29 08,8,14738,6,1
2013-06-29 09,9,16067,6,1
2013-06-29 10,10,16385,6,1
2013-06-29 11,11,16268,6,1
2013-06-29 12,12,16014,6,1
2013-06-29 13,13,16242,6,1
2013-06-29 14,14,16239,6,1
2013-06-29 15,15,16264,6,1
2013-06-29 16,16,16320,6,1
2013-06-29 17,17,16204,6,1
2013-06-29 18,18,16044,6,1
2013-06-29 19,19,16057,6,1
2013-06-29 20,20,15990,6,1
2013-06-29 21,21,15685,6,1
2013-06-29 22,22,14813,6,1
2013-06-29 23,23,14209,6,1
2013-06-30 00,0,13175,7,1
2013-06-30 01,1,12485,7,1
2013-06-30 02,2,12049,7,1
2013-06-30 03,3,11828,7,1
2013-06-30 04,4,11785,7,1
2013-06-30 05,5,12023,7,1
2013-06-30 06,6,12417,7,1
2013-06-30 07,7,13243,7,1
2013-06-30 08,8,15081,7,1
2013-06-30 09,9,16709,7,1
2013-06-30 10,10,17507,7,1
2013-06-30 11,11,17508,7,1
2013-06-30 12,12,17579,7,1
2013-06-30 13,13,17643,7,1
2013-06-30 14,14,17610,7,1
2013-06-30 15,15,17555,7,1
2013-06-30 16,16,17486,7,1
2013-06-30 17,17,17284,7,1
2013-06-30 18,18,16855,7,1
2013-06-30 19,19,17289,7,1
2013-06-30 20,20,17246,7,1
2013-06-30 21,21,16837,7,1
2013-06-30 22,22,15850,7,1
2013-06-30 23,23,14990,7,1
2013-07-01 00,0,13803,1,0
2013-07-01 01,1,12529,1,0
2013-07-01 02,2,12223,1,0
2013-07-01 03,3,11918,1,0
2013-07-01 04,4,11896,1,0
2013-07-01 05,5,12413,1,0
2013-07-01 06,6,13273,1,0
2013-07-01 07,7,15685,1,0
2013-07-01 08,8,19054,1,0
2013-07-01 09,9,21204,1,0
2013-07-01 10,10,22129,1,0
2013-07-01 11,11,22014,1,0
2013-07-01 12,12,22132,1,0
2013-07-01 13,13,22612,1,0
2013-07-01 14,14,22355,1,0
2013-07-01 15,15,22220,1,0
2013-07-01 16,16,22216,1,0
2013-07-01 17,17,21485,1,0
2013-07-01 18,18,20690,1,0
2013-07-01 19,19,21092,1,0
2013-07-01 20,20,21126,1,0
2013-07-01 21,21,20590,1,0
2013-07-01 22,22,19418,1,0
2013-07-01 23,23,17893,1,0
2013-07-02 00,0,16400,2,0
2013-07-02 01,1,14648,2,0
2013-07-02 02,2,14219,2,0
2013-07-02 03,3,14006,2,0
2013-07-02 04,4,14091,2,0
2013-07-02 05,5,14376,2,0
2013-07-02 06,6,15088,2,0
2013-07-02 07,7,17989,2,0
2013-07-02 08,8,21538,2,0
2013-07-02 09,9,23410,2,0
2013-07-02 10,10,24037,2,0
2013-07-02 11,11,23837,2,0
2013-07-02 12,12,23762,2,0
2013-07-02 13,13,24366,2,0
2013-07-02 14,14,24551,2,0
2013-07-02 15,15,24148,2,0
2013-07-02 16,16,23478,2,0
2013-07-02 17,17,22013,2,0
2013-07-02 18,18,21105,2,0
2013-07-02 19,19,21027,2,0
2013-07-02 20,20,21054,2,0
2013-07-02 21,21,20282,2,0
2013-07-02 22,22,19156,2,0
2013-07-02 23,23,17542,2,0
2013-07-03 00,0,17214,3,0
2013-07-03 01,1,16742,3,0
2013-07-03 02,2,15954,3,0
2013-07-03 03,3,15579,3,0
2013-07-03 04,4,15447,3,0
2013-07-03 05,5,15581,3,0
2013-07-03 06,6,15904,3,0
2013-07-03 07,7,18319,3,0
2013-07-03 08,8,22256,3,0
2013-07-03 09,9,24174,3,0
2013-07-03 10,10,24444,3,0
2013-07-03 11,11,24289,3,0
2013-07-03 12,12,24351,3,0
2013-07-03 13,13,24694,3,0
2013-07-03 14,14,24834,3,0
2013-07-03 15,15,24789,3,0
2013-07-03 16,16,24455,3,0
2013-07-03 17,17,22980,3,0
2013-07-03 18,18,21906,3,0
2013-07-03 19,19,21616,3,0
2013-07-03 20,20,21517,3,0
2013-07-03 21,21,20911,3,0
2013-07-03 22,22,19780,3,0
2013-07-03 23,23,18313,3,0
2013-07-04 00,0,18451,4,0
2013-07-04 01,1,17772,4,0
2013-07-04 02,2,17069,4,0
2013-07-04 03,3,16388,4,0
2013-07-04 04,4,16126,4,0
2013-07-04 05,5,16053,4,0
2013-07-04 06,6,16218,4,0
2013-07-04 07,7,18673,4,0
2013-07-04 08,8,22350,4,0
2013-07-04 09,9,24080,4,0
2013-07-04 10,10,24798,4,0
2013-07-04 11,11,24822,4,0
2013-07-04 12,12,25393,4,0
2013-07-04 13,13,25845,4,0
2013-07-04 14,14,25402,4,0
2013-07-04 15,15,25142,4,0
2013-07-04 16,16,24879,4,0
2013-07-04 17,17,22985,4,0
2013-07-04 18,18,22069,4,0
2013-07-04 19,19,22544,4,0
2013-07-04 20,20,22601,4,0
2013-07-04 21,21,22361,4,0
2013-07-04 22,22,21677,4,0
2013-07-04 23,23,20378,4,0
2013-07-05 00,0,19302,5,0
2013-07-05 01,1,18245,5,0
2013-07-05 02,2,17474,5,0
2013-07-05 03,3,16974,5,0
2013-07-05 04,4,16658,5,0
2013-07-05 05,5,16415,5,0
2013-07-05 06,6,16447,5,0
2013-07-05 07,7,18819,5,0
2013-07-05 08,8,22307,5,0
2013-07-05 09,9,24203,5,0
2013-07-05 10,10,25289,5,0
2013-07-05 11,11,25098,5,0
2013-07-05 12,12,24541,5,0
2013-07-05 13,13,24713,5,0
2013-07-05 14,14,23549,5,0
2013-07-05 15,15,23054,5,0
2013-07-05 16,16,22975,5,0
2013-07-05 17,17,22770,5,0
2013-07-05 18,18,21547,5,0
2013-07-05 19,19,22036,5,0
2013-07-05 20,20,22325,5,0
2013-07-05 21,21,22239,5,0
2013-07-05 22,22,21360,5,0
2013-07-05 23,23,20043,5,0
2013-07-06 00,0,18481,6,1
2013-07-06 01,1,14662,6,1
2013-07-06 02,2,14178,6,1
2013-07-06 03,3,13828,6,1
2013-07-06 04,4,13621,6,1
2013-07-06 05,5,13567,6,1
2013-07-06 06,6,13871,6,1
2013-07-06 07,7,14578,6,1
2013-07-06 08,8,16586,6,1
2013-07-06 09,9,18051,6,1
2013-07-06 10,10,18421,6,1
2013-07-06 11,11,18335,6,1
2013-07-06 12,12,18243,6,1
2013-07-06 13,13,18709,6,1
2013-07-06 14,14,18727,6,1
2013-07-06 15,15,18628,6,1
2013-07-06 16,16,18553,6,1
2013-07-06 17,17,18057,6,1
2013-07-06 18,18,17513,6,1
2013-07-06 19,19,18053,6,1
2013-07-06 20,20,18092,6,1
2013-07-06 21,21,17835,6,1
2013-07-06 22,22,17041,6,1
2013-07-06 23,23,15868,6,1
2013-07-07 00,0,14864,7,1
2013-07-07 01,1,13951,7,1
2013-07-07 02,2,13324,7,1
2013-07-07 03,3,13053,7,1
2013-07-07 04,4,12912,7,1
2013-07-07 05,5,12990,7,1
2013-07-07 06,6,13095,7,1
2013-07-07 07,7,14065,7,1
2013-07-07 08,8,15815,7,1
2013-07-07 09,9,17661,7,1
2013-07-07 10,10,18569,7,1
2013-07-07 11,11,18627,7,1
2013-07-07 12,12,18605,7,1
2013-07-07 13,13,18776,7,1
2013-07-07 14,14,18762,7,1
2013-07-07 15,15,18822,7,1
2013-07-07 16,16,18688,7,1
2013-07-07 17,17,18133,7,1
2013-07-07 18,18,17664,7,1
2013-07-07 19,19,18041,7,1
2013-07-07 20,20,18028,7,1
2013-07-07 21,21,17607,7,1
2013-07-07 22,22,16748,7,1
2013-07-07 23,23,15419,7,1
2013-07-08 00,0,14454,1,0
2013-07-08 01,1,13515,1,0
2013-07-08 02,2,12949,1,0
2013-07-08 03,3,12871,1,0
2013-07-08 04,4,12764,1,0
2013-07-08 05,5,12491,1,0
2013-07-08 06,6,13840,1,0
2013-07-08 07,7,16148,1,0
2013-07-08 08,8,19849,1,0
2013-07-08 09,9,23664,1,0
2013-07-08 10,10,24806,1,0
2013-07-08 11,11,24837,1,0
2013-07-08 12,12,24185,1,0
2013-07-08 13,13,25741,1,0
2013-07-08 14,14,25534,1,0
2013-07-08 15,15,25570,1,0
2013-07-08 16,16,25346,1,0
2013-07-08 17,17,23887,1,0
2013-07-08 18,18,22410,1,0
2013-07-08 19,19,23070,1,0
2013-07-08 20,20,23022,1,0
2013-07-08 21,21,22141,1,0
2013-07-08 22,22,20869,1,0
2013-07-08 23,23,19345,1,0
2013-07-09 00,0,18386,2,0
2013-07-09 01,1,17625,2,0
2013-07-09 02,2,16995,2,0
2013-07-09 03,3,16520,2,0
2013-07-09 04,4,16280,2,0
2013-07-09 05,5,16259,2,0
2013-07-09 06,6,16678,2,0
2013-07-09 07,7,19172,2,0
2013-07-09 08,8,22667,2,0
2013-07-09 09,9,25029,2,0
2013-07-09 10,10,25931,2,0
2013-07-09 11,11,25938,2,0
2013-07-09 12,12,26276,2,0
2013-07-09 13,13,26480,2,0
2013-07-09 14,14,26480,2,0
2013-07-09 15,15,26390,2,0
2013-07-09 16,16,25945,2,0
2013-07-09 17,17,23676,2,0
2013-07-09 18,18,22564,2,0
2013-07-09 19,19,23478,2,0
2013-07-09 20,20,23806,2,0
2013-07-09 21,21,23601,2,0
2013-07-09 22,22,22807,2,0
2013-07-09 23,23,21114,2,0
2013-07-10 00,0,19285,3,0
2013-07-10 01,1,18498,3,0
2013-07-10 02,2,17745,3,0
2013-07-10 03,3,17001,3,0
2013-07-10 04,4,16488,3,0
2013-07-10 05,5,16509,3,0
2013-07-10 06,6,16708,3,0
2013-07-10 07,7,19544,3,0
2013-07-10 08,8,23086,3,0
2013-07-10 09,9,25155,3,0
2013-07-10 10,10,26157,3,0
2013-07-10 11,11,26056,3,0
2013-07-10 12,12,26800,3,0
2013-07-10 13,13,26869,3,0
2013-07-10 14,14,26921,3,0
2013-07-10 15,15,26651,3,0
2013-07-10 16,16,26124,3,0
2013-07-10 17,17,24911,3,0
2013-07-10 18,18,23658,3,0
2013-07-10 19,19,24110,3,0
2013-07-10 20,20,24406,3,0
2013-07-10 21,21,24312,3,0
2013-07-10 22,22,23306,3,0
2013-07-10 23,23,21631,3,0
2013-07-11 00,0,19908,4,0
2013-07-11 01,1,18589,4,0
2013-07-11 02,2,17763,4,0
2013-07-11 03,3,17154,4,0
2013-07-11 04,4,16698,4,0
2013-07-11 05,5,16659,4,0
2013-07-11 06,6,17016,4,0
2013-07-11 07,7,19693,4,0
2013-07-11 08,8,23461,4,0
2013-07-11 09,9,25572,4,0
2013-07-11 10,10,26462,4,0
2013-07-11 11,11,26527,4,0
2013-07-11 12,12,26873,4,0
2013-07-11 13,13,27330,4,0
2013-07-11 14,14,27274,4,0
2013-07-11 15,15,26837,4,0
2013-07-11 16,16,26257,4,0
2013-07-11 17,17,25025,4,0
2013-07-11 18,18,23614,4,0
2013-07-11 19,19,23775,4,0
2013-07-11 20,20,23776,4,0
2013-07-11 21,21,23422,4,0
2013-07-11 22,22,22231,4,0
2013-07-11 23,23,20995,4,0
2013-07-12 00,0,19230,5,0
2013-07-12 01,1,18189,5,0
2013-07-12 02,2,17372,5,0
2013-07-12 03,3,16730,5,0
2013-07-12 04,4,16293,5,0
2013-07-12 05,5,16111,5,0
2013-07-12 06,6,16560,5,0
2013-07-12 07,7,19181,5,0
2013-07-12 08,8,22712,5,0
2013-07-12 09,9,24408,5,0
2013-07-12 10,10,25005,5,0
2013-07-12 11,11,24729,5,0
2013-07-12 12,12,25012,5,0
2013-07-12 13,13,25391,5,0
2013-07-12 14,14,25364,5,0
2013-07-12 15,15,25350,5,0
2013-07-12 16,16,25238,5,0
2013-07-12 17,17,24034,5,0
2013-07-12 18,18,22806,5,0
2013-07-12 19,19,23333,5,0
2013-07-12 20,20,23502,5,0
2013-07-12 21,21,23348,5,0
2013-07-12 22,22,22495,5,0
2013-07-12 23,23,20936,5,0
2013-07-13 00,0,19361,6,1
2013-07-13 01,1,15667,6,1
2013-07-13 02,2,15144,6,1
2013-07-13 03,3,14657,6,1
2013-07-13 04,4,14447,6,1
2013-07-13 05,5,14428,6,1
2013-07-13 06,6,14610,6,1
2013-07-13 07,7,15308,6,1
2013-07-13 08,8,17215,6,1
2013-07-13 09,9,18643,6,1
2013-07-13 10,10,19063,6,1
2013-07-13 11,11,19017,6,1
2013-07-13 12,12,19019,6,1
2013-07-13 13,13,19268,6,1
2013-07-13 14,14,19187,6,1
2013-07-13 15,15,19148,6,1
2013-07-13 16,16,19262,6,1
2013-07-13 17,17,19052,6,1
2013-07-13 18,18,18900,6,1
2013-07-13 19,19,19403,6,1
2013-07-13 20,20,19634,6,1
2013-07-13 21,21,19635,6,1
2013-07-13 22,22,18650,6,1
2013-07-13 23,23,17401,6,1
2013-07-14 00,0,15925,7,1
2013-07-14 01,1,15279,7,1
2013-07-14 02,2,14848,7,1
2013-07-14 03,3,14452,7,1
2013-07-14 04,4,14198,7,1
2013-07-14 05,5,14153,7,1
2013-07-14 06,6,14182,7,1
2013-07-14 07,7,15466,7,1
2013-07-14 08,8,17186,7,1
2013-07-14 09,9,18184,7,1
2013-07-14 10,10,19048,7,1
2013-07-14 11,11,19306,7,1
2013-07-14 12,12,19365,7,1
2013-07-14 13,13,19499,7,1
2013-07-14 14,14,19525,7,1
2013-07-14 15,15,19288,7,1
2013-07-14 16,16,19376,7,1
2013-07-14 17,17,19096,7,1
2013-07-14 18,18,18728,7,1
2013-07-14 19,19,19384,7,1
2013-07-14 20,20,19767,7,1
2013-07-14 21,21,19726,7,1
2013-07-14 22,22,19021,7,1
2013-07-14 23,23,17979,7,1
2013-07-15 00,0,16622,1,0
2013-07-15 01,1,15936,1,0
2013-07-15 02,2,15137,1,0
2013-07-15 03,3,14674,1,0
2013-07-15 04,4,14214,1,0
2013-07-15 05,5,13556,1,0
2013-07-15 06,6,14879,1,0
2013-07-15 07,7,18997,1,0
2013-07-15 08,8,22910,1,0
2013-07-15 09,9,24758,1,0
2013-07-15 10,10,25000,1,0
2013-07-15 11,11,24733,1,0
2013-07-15 12,12,24958,1,0
2013-07-15 13,13,25437,1,0
2013-07-15 14,14,25476,1,0
2013-07-15 15,15,25599,1,0
2013-07-15 16,16,25881,1,0
2013-07-15 17,17,24667,1,0
2013-07-15 18,18,23283,1,0
2013-07-15 19,19,23932,1,0
2013-07-15 20,20,24017,1,0
2013-07-15 21,21,23913,1,0
2013-07-15 22,22,23024,1,0
2013-07-15 23,23,21351,1,0
2013-07-16 00,0,19713,2,0
2013-07-16 01,1,17862,2,0
2013-07-16 02,2,16930,2,0
2013-07-16 03,3,16484,2,0
2013-07-16 04,4,16016,2,0
2013-07-16 05,5,16038,2,0
2013-07-16 06,6,15900,2,0
2013-07-16 07,7,17036,2,0
2013-07-16 08,8,20325,2,0
2013-07-16 09,9,23842,2,0
2013-07-16 10,10,24682,2,0
2013-07-16 11,11,24875,2,0
2013-07-16 12,12,24991,2,0
2013-07-16 13,13,25660,2,0
2013-07-16 14,14,25711,2,0
2013-07-16 15,15,25481,2,0
2013-07-16 16,16,26212,2,0
2013-07-16 17,17,24183,2,0
2013-07-16 18,18,22810,2,0
2013-07-16 19,19,22785,2,0
2013-07-16 20,20,23488,2,0
2013-07-16 21,21,23317,2,0
2013-07-16 22,22,22608,2,0
2013-07-16 23,23,21014,2,0
2013-07-17 00,0,19314,3,0
2013-07-17 01,1,18093,3,0
2013-07-17 02,2,17405,3,0
2013-07-17 03,3,16638,3,0
2013-07-17 04,4,16112,3,0
2013-07-17 05,5,16317,3,0
2013-07-17 06,6,16834,3,0
2013-07-17 07,7,19682,3,0
2013-07-17 08,8,22833,3,0
2013-07-17 09,9,24592,3,0
2013-07-17 10,10,25376,3,0
2013-07-17 11,11,25381,3,0
2013-07-17 12,12,25888,3,0
2013-07-17 13,13,26013,3,0
2013-07-17 14,14,26123,3,0
2013-07-17 15,15,25912,3,0
2013-07-17 16,16,25645,3,0
2013-07-17 17,17,24147,3,0
2013-07-17 18,18,22569,3,0
2013-07-17 19,19,22464,3,0
2013-07-17 20,20,22711,3,0
2013-07-17 21,21,22660,3,0
2013-07-17 22,22,21650,3,0
2013-07-17 23,23,20165,3,0
2013-07-18 00,0,18697,4,0
2013-07-18 01,1,18157,4,0
2013-07-18 02,2,17596,4,0
2013-07-18 03,3,16899,4,0
2013-07-18 04,4,16435,4,0
2013-07-18 05,5,16353,4,0
2013-07-18 06,6,16762,4,0
2013-07-18 07,7,19274,4,0
2013-07-18 08,8,23066,4,0
2013-07-18 09,9,24454,4,0
2013-07-18 10,10,24297,4,0
2013-07-18 11,11,24146,4,0
2013-07-18 12,12,25075,4,0
2013-07-18 13,13,26537,4,0
2013-07-18 14,14,26330,4,0
2013-07-18 15,15,26134,4,0
2013-07-18 16,16,25748,4,0
2013-07-18 17,17,24433,4,0
2013-07-18 18,18,23141,4,0
2013-07-18 19,19,23319,4,0
2013-07-18 20,20,23350,4,0
2013-07-18 21,21,23104,4,0
2013-07-18 22,22,21805,4,0
2013-07-18 23,23,20633,4,0
2013-07-19 00,0,18735,5,0
2013-07-19 01,1,17547,5,0
2013-07-19 02,2,16785,5,0
2013-07-19 03,3,16092,5,0
2013-07-19 04,4,15791,5,0
2013-07-19 05,5,15880,5,0
2013-07-19 06,6,16164,5,0
2013-07-19 07,7,19136,5,0
2013-07-19 08,8,22400,5,0
2013-07-19 09,9,24616,5,0
2013-07-19 10,10,25211,5,0
2013-07-19 11,11,25294,5,0
2013-07-19 12,12,25649,5,0
2013-07-19 13,13,26307,5,0
2013-07-19 14,14,26294,5,0
2013-07-19 15,15,26082,5,0
2013-07-19 16,16,25498,5,0
2013-07-19 17,17,23853,5,0
2013-07-19 18,18,22138,5,0
2013-07-19 19,19,22420,5,0
2013-07-19 20,20,22492,5,0
2013-07-19 21,21,22346,5,0
2013-07-19 22,22,21306,5,0
2013-07-19 23,23,20069,5,0
2013-07-20 00,0,18455,6,1
2013-07-20 01,1,17463,6,1
2013-07-20 02,2,16678,6,1
2013-07-20 03,3,16201,6,1
2013-07-20 04,4,15641,6,1
2013-07-20 05,5,15486,6,1
2013-07-20 06,6,15929,6,1
2013-07-20 07,7,17482,6,1
2013-07-20 08,8,19908,6,1
2013-07-20 09,9,21241,6,1
2013-07-20 10,10,22094,6,1
2013-07-20 11,11,22118,6,1
2013-07-20 12,12,22527,6,1
2013-07-20 13,13,22698,6,1
2013-07-20 14,14,22639,6,1
2013-07-20 15,15,22390,6,1
2013-07-20 16,16,22093,6,1
2013-07-20 17,17,21036,6,1
2013-07-20 18,18,20233,6,1
2013-07-20 19,19,20800,6,1
2013-07-20 20,20,20968,6,1
2013-07-20 21,21,20838,6,1
2013-07-20 22,22,20173,6,1
2013-07-20 23,23,19072,6,1
2013-07-21 00,0,17725,7,1
2013-07-21 01,1,16579,7,1
2013-07-21 02,2,15991,7,1
2013-07-21 03,3,15193,7,1
2013-07-21 04,4,14895,7,1
2013-07-21 05,5,14802,7,1
2013-07-21 06,6,14873,7,1
2013-07-21 07,7,16203,7,1
2013-07-21 08,8,17713,7,1
2013-07-21 09,9,19235,7,1
2013-07-21 10,10,19960,7,1
2013-07-21 11,11,20266,7,1
2013-07-21 12,12,20638,7,1
2013-07-21 13,13,20924,7,1
2013-07-21 14,14,20817,7,1
2013-07-21 15,15,20726,7,1
2013-07-21 16,16,20760,7,1
2013-07-21 17,17,20257,7,1
2013-07-21 18,18,19751,7,1
2013-07-21 19,19,19902,7,1
2013-07-21 20,20,20292,7,1
2013-07-21 21,21,20156,7,1
2013-07-21 22,22,19127,7,1
2013-07-21 23,23,18101,7,1
2013-07-22 00,0,16819,1,0
2013-07-22 01,1,15838,1,0
2013-07-22 02,2,15255,1,0
2013-07-22 03,3,14860,1,0
2013-07-22 04,4,14754,1,0
2013-07-22 05,5,14812,1,0
2013-07-22 06,6,15762,1,0
2013-07-22 07,7,18644,1,0
2013-07-22 08,8,22347,1,0
2013-07-22 09,9,24602,1,0
2013-07-22 10,10,24862,1,0
2013-07-22 11,11,24791,1,0
2013-07-22 12,12,25243,1,0
2013-07-22 13,13,25641,1,0
2013-07-22 14,14,25543,1,0
2013-07-22 15,15,25474,1,0
2013-07-22 16,16,25408,1,0
2013-07-22 17,17,24189,1,0
2013-07-22 18,18,22962,1,0
2013-07-22 19,19,23452,1,0
2013-07-22 20,20,23698,1,0
2013-07-22 21,21,23314,1,0
2013-07-22 22,22,22338,1,0
2013-07-22 23,23,20782,1,0
2013-07-23 00,0,19354,2,0
2013-07-23 01,1,18351,2,0
2013-07-23 02,2,17509,2,0
2013-07-23 03,3,16831,2,0
2013-07-23 04,4,16505,2,0
2013-07-23 05,5,16534,2,0
2013-07-23 06,6,16840,2,0
2013-07-23 07,7,19768,2,0
2013-07-23 08,8,23547,2,0
2013-07-23 09,9,25390,2,0
2013-07-23 10,10,26072,2,0
2013-07-23 11,11,25993,2,0
2013-07-23 12,12,26556,2,0
2013-07-23 13,13,26714,2,0
2013-07-23 14,14,26695,2,0
2013-07-23 15,15,26601,2,0
2013-07-23 16,16,26350,2,0
2013-07-23 17,17,25339,2,0
2013-07-23 18,18,23787,2,0
2013-07-23 19,19,24219,2,0
2013-07-23 20,20,24540,2,0
2013-07-23 21,21,24291,2,0
2013-07-23 22,22,23271,2,0
2013-07-23 23,23,21869,2,0
2013-07-24 00,0,20016,3,0
2013-07-24 01,1,18703,3,0
2013-07-24 02,2,18000,3,0
2013-07-24 03,3,17233,3,0
2013-07-24 04,4,16834,3,0
2013-07-24 05,5,16833,3,0
2013-07-24 06,6,17182,3,0
2013-07-24 07,7,20022,3,0
2013-07-24 08,8,24092,3,0
2013-07-24 09,9,26229,3,0
2013-07-24 10,10,26962,3,0
2013-07-24 11,11,26989,3,0
2013-07-24 12,12,27371,3,0
2013-07-24 13,13,27685,3,0
2013-07-24 14,14,27683,3,0
2013-07-24 15,15,27409,3,0
2013-07-24 16,16,27218,3,0
2013-07-24 17,17,25951,3,0
2013-07-24 18,18,23901,3,0
2013-07-24 19,19,24326,3,0
2013-07-24 20,20,24315,3,0
2013-07-24 21,21,24031,3,0
2013-07-24 22,22,22944,3,0
2013-07-24 23,23,21991,3,0
2013-07-25 00,0,20333,4,0
2013-07-25 01,1,19205,4,0
2013-07-25 02,2,18449,4,0
2013-07-25 03,3,17739,4,0
2013-07-25 04,4,17340,4,0
2013-07-25 05,5,17345,4,0
2013-07-25 06,6,17687,4,0
2013-07-25 07,7,20528,4,0
2013-07-25 08,8,24602,4,0
2013-07-25 09,9,26771,4,0
2013-07-25 10,10,28020,4,0
2013-07-25 11,11,27967,4,0
2013-07-25 12,12,28122,4,0
2013-07-25 13,13,28172,4,0
2013-07-25 14,14,27884,4,0
2013-07-25 15,15,27687,4,0
2013-07-25 16,16,27553,4,0
2013-07-25 17,17,26209,4,0
2013-07-25 18,18,24145,4,0
2013-07-25 19,19,24487,4,0
2013-07-25 20,20,24502,4,0
2013-07-25 21,21,24235,4,0
2013-07-25 22,22,23146,4,0
2013-07-25 23,23,22254,4,0
2013-07-26 00,0,21068,5,0
2013-07-26 01,1,20074,5,0
2013-07-26 02,2,19158,5,0
2013-07-26 03,3,18650,5,0
2013-07-26 04,4,17831,5,0
2013-07-26 05,5,17795,5,0
2013-07-26 06,6,18435,5,0
2013-07-26 07,7,21115,5,0
2013-07-26 08,8,25231,5,0
2013-07-26 09,9,27242,5,0
2013-07-26 10,10,28266,5,0
2013-07-26 11,11,28325,5,0
2013-07-26 12,12,28380,5,0
2013-07-26 13,13,28545,5,0
2013-07-26 14,14,28417,5,0
2013-07-26 15,15,27938,5,0
2013-07-26 16,16,26032,5,0
2013-07-26 17,17,24850,5,0
2013-07-26 18,18,24397,5,0
2013-07-26 19,19,25057,5,0
2013-07-26 20,20,25554,5,0
2013-07-26 21,21,25261,5,0
2013-07-26 22,22,24372,5,0
2013-07-26 23,23,23080,5,0
2013-07-27 00,0,21366,6,1
2013-07-27 01,1,18930,6,1
2013-07-27 02,2,18122,6,1
2013-07-27 03,3,17628,6,1
2013-07-27 04,4,17235,6,1
2013-07-27 05,5,17168,6,1
2013-07-27 06,6,17373,6,1
2013-07-27 07,7,18508,6,1
2013-07-27 08,8,20843,6,1
2013-07-27 09,9,22438,6,1
2013-07-27 10,10,23365,6,1
2013-07-27 11,11,23555,6,1
2013-07-27 12,12,23704,6,1
2013-07-27 13,13,24000,6,1
2013-07-27 14,14,23947,6,1
2013-07-27 15,15,23868,6,1
2013-07-27 16,16,23635,6,1
2013-07-27 17,17,21931,6,1
2013-07-27 18,18,21050,6,1
2013-07-27 19,19,22024,6,1
2013-07-27 20,20,22527,6,1
2013-07-27 21,21,22469,6,1
2013-07-27 22,22,21828,6,1
2013-07-27 23,23,20596,6,1
2013-07-28 00,0,19103,7,1
2013-07-28 01,1,18288,7,1
2013-07-28 02,2,17601,7,1
2013-07-28 03,3,17058,7,1
2013-07-28 04,4,16809,7,1
2013-07-28 05,5,16696,7,1
2013-07-28 06,6,16712,7,1
2013-07-28 07,7,17779,7,1
2013-07-28 08,8,19838,7,1
2013-07-28 09,9,22109,7,1
2013-07-28 10,10,23191,7,1
2013-07-28 11,11,23595,7,1
2013-07-28 12,12,23869,7,1
2013-07-28 13,13,24168,7,1
2013-07-28 14,14,24053,7,1
2013-07-28 15,15,23861,7,1
2013-07-28 16,16,23421,7,1
2013-07-28 17,17,20992,7,1
2013-07-28 18,18,20545,7,1
2013-07-28 19,19,21409,7,1
2013-07-28 20,20,21738,7,1
2013-07-28 21,21,21677,7,1
2013-07-28 22,22,21137,7,1
2013-07-28 23,23,20211,7,1
2013-07-29 00,0,19233,1,0
2013-07-29 01,1,17687,1,0
2013-07-29 02,2,16717,1,0
2013-07-29 03,3,16182,1,0
2013-07-29 04,4,15630,1,0
2013-07-29 05,5,15551,1,0
2013-07-29 06,6,16615,1,0
2013-07-29 07,7,20661,1,0
2013-07-29 08,8,24696,1,0
2013-07-29 09,9,26784,1,0
2013-07-29 10,10,28179,1,0
2013-07-29 11,11,28250,1,0
2013-07-29 12,12,28527,1,0
2013-07-29 13,13,28620,1,0
2013-07-29 14,14,28413,1,0
2013-07-29 15,15,28293,1,0
2013-07-29 16,16,28052,1,0
2013-07-29 17,17,26607,1,0
2013-07-29 18,18,24587,1,0
2013-07-29 19,19,25289,1,0
2013-07-29 20,20,25589,1,0
2013-07-29 21,21,25523,1,0
2013-07-29 22,22,24294,1,0
2013-07-29 23,23,22676,1,0
2013-07-30 00,0,21368,2,0
2013-07-30 01,1,20155,2,0
2013-07-30 02,2,19150,2,0
2013-07-30 03,3,18481,2,0
2013-07-30 04,4,17897,2,0
2013-07-30 05,5,17945,2,0
2013-07-30 06,6,18820,2,0
2013-07-30 07,7,21563,2,0
2013-07-30 08,8,25320,2,0
2013-07-30 09,9,27537,2,0
2013-07-30 10,10,28285,2,0
2013-07-30 11,11,28318,2,0
2013-07-30 12,12,28386,2,0
2013-07-30 13,13,28685,2,0
2013-07-30 14,14,28496,2,0
2013-07-30 15,15,28316,2,0
2013-07-30 16,16,28005,2,0
2013-07-30 17,17,26895,2,0
2013-07-30 18,18,25187,2,0
2013-07-30 19,19,26163,2,0
2013-07-30 20,20,26312,2,0
2013-07-30 21,21,26183,2,0
2013-07-30 22,22,25041,2,0
2013-07-30 23,23,23702,2,0
2013-07-31 00,0,22049,3,0
2013-07-31 01,1,20898,3,0
2013-07-31 02,2,20037,3,0
2013-07-31 03,3,19276,3,0
2013-07-31 04,4,18920,3,0
2013-07-31 05,5,18597,3,0
2013-07-31 06,6,18754,3,0
2013-07-31 07,7,21537,3,0
2013-07-31 08,8,25298,3,0
2013-07-31 09,9,27394,3,0
2013-07-31 10,10,28259,3,0
2013-07-31 11,11,28221,3,0
2013-07-31 12,12,28598,3,0
2013-07-31 13,13,28603,3,0
2013-07-31 14,14,28452,3,0
2013-07-31 15,15,28215,3,0
2013-07-31 16,16,28004,3,0
2013-07-31 17,17,26744,3,0
2013-07-31 18,18,25106,3,0
2013-07-31 19,19,25964,3,0
2013-07-31 20,20,26118,3,0
2013-07-31 21,21,25840,3,0
2013-07-31 22,22,25064,3,0
2013-07-31 23,23,23712,3,0
2013-08-01 00,0,21939,4,0
2013-08-01 01,1,20706,4,0
2013-08-01 02,2,20022,4,0
2013-08-01 03,3,19163,4,0
2013-08-01 04,4,18725,4,0
2013-08-01 05,5,18271,4,0
2013-08-01 06,6,18712,4,0
2013-08-01 07,7,21596,4,0
2013-08-01 08,8,25326,4,0
2013-08-01 09,9,26779,4,0
2013-08-01 10,10,27261,4,0
2013-08-01 11,11,27520,4,0
2013-08-01 12,12,28046,4,0
2013-08-01 13,13,27933,4,0
2013-08-01 14,14,27720,4,0
2013-08-01 15,15,27528,4,0
2013-08-01 16,16,26381,4,0
2013-08-01 17,17,26032,4,0
2013-08-01 18,18,25264,4,0
2013-08-01 19,19,25921,4,0
2013-08-01 20,20,26065,4,0
2013-08-01 21,21,25938,4,0
2013-08-01 22,22,24799,4,0
2013-08-01 23,23,23631,4,0
2013-08-02 00,0,21815,5,0
2013-08-02 01,1,20211,5,0
2013-08-02 02,2,19526,5,0
2013-08-02 03,3,18668,5,0
2013-08-02 04,4,18180,5,0
2013-08-02 05,5,17952,5,0
2013-08-02 06,6,18400,5,0
2013-08-02 07,7,21596,5,0
2013-08-02 08,8,24879,5,0
2013-08-02 09,9,27172,5,0
2013-08-02 10,10,27549,5,0
2013-08-02 11,11,27655,5,0
2013-08-02 12,12,27533,5,0
2013-08-02 13,13,27804,5,0
2013-08-02 14,14,27623,5,0
2013-08-02 15,15,27449,5,0
2013-08-02 16,16,27177,5,0
2013-08-02 17,17,26306,5,0
2013-08-02 18,18,25021,5,0
2013-08-02 19,19,25698,5,0
2013-08-02 20,20,25867,5,0
2013-08-02 21,21,25740,5,0
2013-08-02 22,22,24580,5,0
2013-08-02 23,23,23433,5,0
2013-08-03 00,0,21614,6,1
2013-08-03 01,1,19362,6,1
2013-08-03 02,2,18529,6,1
2013-08-03 03,3,17670,6,1
2013-08-03 04,4,17026,6,1
2013-08-03 05,5,16891,6,1
2013-08-03 06,6,16642,6,1
2013-08-03 07,7,18250,6,1
2013-08-03 08,8,20501,6,1
2013-08-03 09,9,22639,6,1
2013-08-03 10,10,23846,6,1
2013-08-03 11,11,24064,6,1
2013-08-03 12,12,24222,6,1
2013-08-03 13,13,24370,6,1
2013-08-03 14,14,24117,6,1
2013-08-03 15,15,23628,6,1
2013-08-03 16,16,23479,6,1
2013-08-03 17,17,22717,6,1
2013-08-03 18,18,21333,6,1
2013-08-03 19,19,22114,6,1
2013-08-03 20,20,23039,6,1
2013-08-03 21,21,22947,6,1
2013-08-03 22,22,22111,6,1
2013-08-03 23,23,21222,6,1
2013-08-04 00,0,19892,7,1
2013-08-04 01,1,19154,7,1
2013-08-04 02,2,18210,7,1
2013-08-04 03,3,17597,7,1
2013-08-04 04,4,17230,7,1
2013-08-04 05,5,16779,7,1
2013-08-04 06,6,16375,7,1
2013-08-04 07,7,17622,7,1
2013-08-04 08,8,19649,7,1
2013-08-04 09,9,21084,7,1
2013-08-04 10,10,22539,7,1
2013-08-04 11,11,22939,7,1
2013-08-04 12,12,23359,7,1
2013-08-04 13,13,23604,7,1
2013-08-04 14,14,23368,7,1
2013-08-04 15,15,23316,7,1
2013-08-04 16,16,23073,7,1
2013-08-04 17,17,22398,7,1
2013-08-04 18,18,22160,7,1
2013-08-04 19,19,23246,7,1
2013-08-04 20,20,23818,7,1
2013-08-04 21,21,23779,7,1
2013-08-04 22,22,22913,7,1
2013-08-04 23,23,21746,7,1
2013-08-05 00,0,20386,1,0
2013-08-05 01,1,19510,1,0
2013-08-05 02,2,18661,1,0
2013-08-05 03,3,18134,1,0
2013-08-05 04,4,17313,1,0
2013-08-05 05,5,16922,1,0
2013-08-05 06,6,17647,1,0
2013-08-05 07,7,20966,1,0
2013-08-05 08,8,24983,1,0
2013-08-05 09,9,26695,1,0
2013-08-05 10,10,27516,1,0
2013-08-05 11,11,27596,1,0
2013-08-05 12,12,27767,1,0
2013-08-05 13,13,28009,1,0
2013-08-05 14,14,27735,1,0
2013-08-05 15,15,27715,1,0
2013-08-05 16,16,27411,1,0
2013-08-05 17,17,26102,1,0
2013-08-05 18,18,25106,1,0
2013-08-05 19,19,25964,1,0
2013-08-05 20,20,26118,1,0
2013-08-05 21,21,25840,1,0
2013-08-05 22,22,25044,1,0
2013-08-05 23,23,23712,1,0
2013-08-06 00,0,21939,2,0
2013-08-06 01,1,19937,2,0
2013-08-06 02,2,19168,2,0
2013-08-06 03,3,18562,2,0
2013-08-06 04,4,17998,2,0
2013-08-06 05,5,17825,2,0
2013-08-06 06,6,18260,2,0
2013-08-06 07,7,21557,2,0
2013-08-06 08,8,25517,2,0
2013-08-06 09,9,27440,2,0
2013-08-06 10,10,28242,2,0
2013-08-06 11,11,28211,2,0
2013-08-06 12,12,28471,2,0
2013-08-06 13,13,28715,2,0
2013-08-06 14,14,28577,2,0
2013-08-06 15,15,28405,2,0
2013-08-06 16,16,28200,2,0
2013-08-06 17,17,26882,2,0
2013-08-06 18,18,25360,2,0
2013-08-06 19,19,26000,2,0
2013-08-06 20,20,26102,2,0
2013-08-06 21,21,25979,2,0
2013-08-06 22,22,24865,2,0
2013-08-06 23,23,23628,2,0
2013-08-07 00,0,21844,3,0
2013-08-07 01,1,20845,3,0
2013-08-07 02,2,20042,3,0
2013-08-07 03,3,19422,3,0
2013-08-07 04,4,18971,3,0
2013-08-07 05,5,18752,3,0
2013-08-07 06,6,19276,3,0
2013-08-07 07,7,22188,3,0
2013-08-07 08,8,25952,3,0
2013-08-07 09,9,28184,3,0
2013-08-07 10,10,28752,3,0
2013-08-07 11,11,28808,3,0
2013-08-07 12,12,28968,3,0
2013-08-07 13,13,29303,3,0
2013-08-07 14,14,28949,3,0
2013-08-07 15,15,28772,3,0
2013-08-07 16,16,28332,3,0
2013-08-07 17,17,27114,3,0
2013-08-07 18,18,25482,3,0
2013-08-07 19,19,25896,3,0
2013-08-07 20,20,26165,3,0
2013-08-07 21,21,25938,3,0
2013-08-07 22,22,25054,3,0
2013-08-07 23,23,23956,3,0
2013-08-08 00,0,22167,4,0
2013-08-08 01,1,21070,4,0
2013-08-08 02,2,20315,4,0
2013-08-08 03,3,19739,4,0
2013-08-08 04,4,19135,4,0
2013-08-08 05,5,18915,4,0
2013-08-08 06,6,19486,4,0
2013-08-08 07,7,22475,4,0
2013-08-08 08,8,25878,4,0
2013-08-08 09,9,27863,4,0
2013-08-08 10,10,28514,4,0
2013-08-08 11,11,28582,4,0
2013-08-08 12,12,29000,4,0
2013-08-08 13,13,29080,4,0
2013-08-08 14,14,29017,4,0
2013-08-08 15,15,28627,4,0
2013-08-08 16,16,28349,4,0
2013-08-08 17,17,27117,4,0
2013-08-08 18,18,25683,4,0
2013-08-08 19,19,26237,4,0
2013-08-08 20,20,26444,4,0
2013-08-08 21,21,26211,4,0
2013-08-08 22,22,25273,4,0
2013-08-08 23,23,23936,4,0
2013-08-09 00,0,22298,5,0
2013-08-09 01,1,21228,5,0
2013-08-09 02,2,20452,5,0
2013-08-09 03,3,19823,5,0
2013-08-09 04,4,19356,5,0
2013-08-09 05,5,19139,5,0
2013-08-09 06,6,19534,5,0
2013-08-09 07,7,22434,5,0
2013-08-09 08,8,26023,5,0
2013-08-09 09,9,28184,5,0
2013-08-09 10,10,28990,5,0
2013-08-09 11,11,29075,5,0
2013-08-09 12,12,29211,5,0
2013-08-09 13,13,29242,5,0
2013-08-09 14,14,28960,5,0
2013-08-09 15,15,28624,5,0
2013-08-09 16,16,28342,5,0
2013-08-09 17,17,27074,5,0
2013-08-09 18,18,25805,5,0
2013-08-09 19,19,26195,5,0
2013-08-09 20,20,26284,5,0
2013-08-09 21,21,26129,5,0
2013-08-09 22,22,25227,5,0
2013-08-09 23,23,24145,5,0
2013-08-10 00,0,22399,6,1
2013-08-10 01,1,20030,6,1
2013-08-10 02,2,19299,6,1
2013-08-10 03,3,18645,6,1
2013-08-10 04,4,18166,6,1
2013-08-10 05,5,17887,6,1
2013-08-10 06,6,17863,6,1
2013-08-10 07,7,19668,6,1
2013-08-10 08,8,22356,6,1
2013-08-10 09,9,24027,6,1
2013-08-10 10,10,24698,6,1
2013-08-10 11,11,24925,6,1
2013-08-10 12,12,25280,6,1
2013-08-10 13,13,25381,6,1
2013-08-10 14,14,25184,6,1
2013-08-10 15,15,24871,6,1
2013-08-10 16,16,23826,6,1
2013-08-10 17,17,22330,6,1
2013-08-10 18,18,21939,6,1
2013-08-10 19,19,22995,6,1
2013-08-10 20,20,23706,6,1
2013-08-10 21,21,23623,6,1
2013-08-10 22,22,22843,6,1
2013-08-10 23,23,22046,6,1
2013-08-11 00,0,20484,7,1
2013-08-11 01,1,18928,7,1
2013-08-11 02,2,17861,7,1
2013-08-11 03,3,17439,7,1
2013-08-11 04,4,17081,7,1
2013-08-11 05,5,17028,7,1
2013-08-11 06,6,17002,7,1
2013-08-11 07,7,17669,7,1
2013-08-11 08,8,20053,7,1
2013-08-11 09,9,21996,7,1
2013-08-11 10,10,23134,7,1
2013-08-11 11,11,23629,7,1
2013-08-11 12,12,23826,7,1
2013-08-11 13,13,24130,7,1
2013-08-11 14,14,23998,7,1
2013-08-11 15,15,23920,7,1
2013-08-11 16,16,23206,7,1
2013-08-11 17,17,22769,7,1
2013-08-11 18,18,22269,7,1
2013-08-11 19,19,22675,7,1
2013-08-11 20,20,23276,7,1
2013-08-11 21,21,23205,7,1
2013-08-11 22,22,22358,7,1
2013-08-11 23,23,21225,7,1
2013-08-12 00,0,19679,1,0
2013-08-12 01,1,18506,1,0
2013-08-12 02,2,17469,1,0
2013-08-12 03,3,16897,1,0
2013-08-12 04,4,16796,1,0
2013-08-12 05,5,16636,1,0
2013-08-12 06,6,17353,1,0
2013-08-12 07,7,20403,1,0
2013-08-12 08,8,24223,1,0
2013-08-12 09,9,26162,1,0
2013-08-12 10,10,27113,1,0
2013-08-12 11,11,27010,1,0
2013-08-12 12,12,27683,1,0
2013-08-12 13,13,27675,1,0
2013-08-12 14,14,27461,1,0
2013-08-12 15,15,27225,1,0
2013-08-12 16,16,26991,1,0
2013-08-12 17,17,25812,1,0
2013-08-12 18,18,24667,1,0
2013-08-12 19,19,25269,1,0
2013-08-12 20,20,25409,1,0
2013-08-12 21,21,25180,1,0
2013-08-12 22,22,24217,1,0
2013-08-12 23,23,22646,1,0
2013-08-13 00,0,20986,2,0
2013-08-13 01,1,20007,2,0
2013-08-13 02,2,18979,2,0
2013-08-13 03,3,18318,2,0
2013-08-13 04,4,17634,2,0
2013-08-13 05,5,17393,2,0
2013-08-13 06,6,18084,2,0
2013-08-13 07,7,21284,2,0
2013-08-13 08,8,24413,2,0
2013-08-13 09,9,26151,2,0
2013-08-13 10,10,26773,2,0
2013-08-13 11,11,26779,2,0
2013-08-13 12,12,27478,2,0
2013-08-13 13,13,27604,2,0
2013-08-13 14,14,27477,2,0
2013-08-13 15,15,27120,2,0
2013-08-13 16,16,26551,2,0
2013-08-13 17,17,26121,2,0
2013-08-13 18,18,24023,2,0
2013-08-13 19,19,25031,2,0
2013-08-13 20,20,25255,2,0
2013-08-13 21,21,25213,2,0
2013-08-13 22,22,24284,2,0
2013-08-13 23,23,23009,2,0
2013-08-14 00,0,21772,3,0
2013-08-14 01,1,19086,3,0
2013-08-14 02,2,18294,3,0
2013-08-14 03,3,17665,3,0
2013-08-14 04,4,17420,3,0
2013-08-14 05,5,17471,3,0
2013-08-14 06,6,17940,3,0
2013-08-14 07,7,20740,3,0
2013-08-14 08,8,24235,3,0
2013-08-14 09,9,26031,3,0
2013-08-14 10,10,26837,3,0
2013-08-14 11,11,26754,3,0
2013-08-14 12,12,26813,3,0
2013-08-14 13,13,27351,3,0
2013-08-14 14,14,27225,3,0
2013-08-14 15,15,26825,3,0
2013-08-14 16,16,26624,3,0
2013-08-14 17,17,25122,3,0
2013-08-14 18,18,23546,3,0
2013-08-14 19,19,24063,3,0
2013-08-14 20,20,24053,3,0
2013-08-14 21,21,23760,3,0
2013-08-14 22,22,22900,3,0
2013-08-14 23,23,21678,3,0
2013-08-15 00,0,20005,4,0
2013-08-15 01,1,18987,4,0
2013-08-15 02,2,18070,4,0
2013-08-15 03,3,17531,4,0
2013-08-15 04,4,17111,4,0
2013-08-15 05,5,17249,4,0
2013-08-15 06,6,17894,4,0
2013-08-15 07,7,20590,4,0
2013-08-15 08,8,23962,4,0
2013-08-15 09,9,25740,4,0
2013-08-15 10,10,26596,4,0
2013-08-15 11,11,26452,4,0
2013-08-15 12,12,26806,4,0
2013-08-15 13,13,27044,4,0
2013-08-15 14,14,27018,4,0
2013-08-15 15,15,26679,4,0
2013-08-15 16,16,26191,4,0
2013-08-15 17,17,24806,4,0
2013-08-15 18,18,23247,4,0
2013-08-15 19,19,23486,4,0
2013-08-15 20,20,23610,4,0
2013-08-15 21,21,23292,4,0
2013-08-15 22,22,22369,4,0
2013-08-15 23,23,21008,4,0
2013-08-16 00,0,19587,5,0
2013-08-16 01,1,18861,5,0
2013-08-16 02,2,17902,5,0
2013-08-16 03,3,17269,5,0
2013-08-16 04,4,17054,5,0
2013-08-16 05,5,17072,5,0
2013-08-16 06,6,17799,5,0
2013-08-16 07,7,20487,5,0
2013-08-16 08,8,23942,5,0
2013-08-16 09,9,25542,5,0
2013-08-16 10,10,26168,5,0
2013-08-16 11,11,26116,5,0
2013-08-16 12,12,26371,5,0
2013-08-16 13,13,26470,5,0
2013-08-16 14,14,26367,5,0
2013-08-16 15,15,26260,5,0
2013-08-16 16,16,26095,5,0
2013-08-16 17,17,24755,5,0
2013-08-16 18,18,23158,5,0
2013-08-16 19,19,23561,5,0
2013-08-16 20,20,23706,5,0
2013-08-16 21,21,23511,5,0
2013-08-16 22,22,22364,5,0
2013-08-16 23,23,21387,5,0
2013-08-17 00,0,19684,6,1
2013-08-17 01,1,18472,6,1
2013-08-17 02,2,17681,6,1
2013-08-17 03,3,16946,6,1
2013-08-17 04,4,16545,6,1
2013-08-17 05,5,16597,6,1
2013-08-17 06,6,16565,6,1
2013-08-17 07,7,18027,6,1
2013-08-17 08,8,20106,6,1
2013-08-17 09,9,21653,6,1
2013-08-17 10,10,22308,6,1
2013-08-17 11,11,22520,6,1
2013-08-17 12,12,22859,6,1
2013-08-17 13,13,23103,6,1
2013-08-17 14,14,23029,6,1
2013-08-17 15,15,22806,6,1
2013-08-17 16,16,22393,6,1
2013-08-17 17,17,21606,6,1
2013-08-17 18,18,20392,6,1
2013-08-17 19,19,21002,6,1
2013-08-17 20,20,21257,6,1
2013-08-17 21,21,21141,6,1
2013-08-17 22,22,20525,6,1
2013-08-17 23,23,19578,6,1
2013-08-18 00,0,18334,7,1
2013-08-18 01,1,17554,7,1
2013-08-18 02,2,17021,7,1
2013-08-18 03,3,16400,7,1
2013-08-18 04,4,16034,7,1
2013-08-18 05,5,15824,7,1
2013-08-18 06,6,15805,7,1
2013-08-18 07,7,17330,7,1
2013-08-18 08,8,19183,7,1
2013-08-18 09,9,20506,7,1
2013-08-18 10,10,21260,7,1
2013-08-18 11,11,21548,7,1
2013-08-18 12,12,21747,7,1
2013-08-18 13,13,22042,7,1
2013-08-18 14,14,21980,7,1
2013-08-18 15,15,21852,7,1
2013-08-18 16,16,21611,7,1
2013-08-18 17,17,21164,7,1
2013-08-18 18,18,20321,7,1
2013-08-18 19,19,20891,7,1
2013-08-18 20,20,21170,7,1
2013-08-18 21,21,20999,7,1
2013-08-18 22,22,20158,7,1
2013-08-18 23,23,19148,7,1
2013-08-19 00,0,18171,1,0
2013-08-19 01,1,17458,1,0
2013-08-19 02,2,16568,1,0
2013-08-19 03,3,15981,1,0
2013-08-19 04,4,15729,1,0
2013-08-19 05,5,15470,1,0
2013-08-19 06,6,16543,1,0
2013-08-19 07,7,19860,1,0
2013-08-19 08,8,23093,1,0
2013-08-19 09,9,24919,1,0
2013-08-19 10,10,25711,1,0
2013-08-19 11,11,25534,1,0
2013-08-19 12,12,25631,1,0
2013-08-19 13,13,25891,1,0
2013-08-19 14,14,25709,1,0
2013-08-19 15,15,25593,1,0
2013-08-19 16,16,25413,1,0
2013-08-19 17,17,24146,1,0
2013-08-19 18,18,22516,1,0
2013-08-19 19,19,22995,1,0
2013-08-19 20,20,23182,1,0
2013-08-19 21,21,22930,1,0
2013-08-19 22,22,22162,1,0
2013-08-19 23,23,20720,1,0
2013-08-20 00,0,19096,2,0
2013-08-20 01,1,18111,2,0
2013-08-20 02,2,17340,2,0
2013-08-20 03,3,16747,2,0
2013-08-20 04,4,16470,2,0
2013-08-20 05,5,16632,2,0
2013-08-20 06,6,17144,2,0
2013-08-20 07,7,20130,2,0
2013-08-20 08,8,23658,2,0
2013-08-20 09,9,25368,2,0
2013-08-20 10,10,26097,2,0
2013-08-20 11,11,25873,2,0
2013-08-20 12,12,26261,2,0
2013-08-20 13,13,26418,2,0
2013-08-20 14,14,26435,2,0
2013-08-20 15,15,26149,2,0
2013-08-20 16,16,25795,2,0
2013-08-20 17,17,24501,2,0
2013-08-20 18,18,22974,2,0
2013-08-20 19,19,23373,2,0
2013-08-20 20,20,23418,2,0
2013-08-20 21,21,23112,2,0
2013-08-20 22,22,22321,2,0
2013-08-20 23,23,20866,2,0
2013-08-21 00,0,19254,3,0
2013-08-21 01,1,18327,3,0
2013-08-21 02,2,17634,3,0
2013-08-21 03,3,17034,3,0
2013-08-21 04,4,16724,3,0
2013-08-21 05,5,16957,3,0
2013-08-21 06,6,17234,3,0
2013-08-21 07,7,20075,3,0
2013-08-21 08,8,23106,3,0
2013-08-21 09,9,24635,3,0
2013-08-21 10,10,25120,3,0
2013-08-21 11,11,25036,3,0
2013-08-21 12,12,25304,3,0
2013-08-21 13,13,25523,3,0
2013-08-21 14,14,25427,3,0
2013-08-21 15,15,25351,3,0
2013-08-21 16,16,25021,3,0
2013-08-21 17,17,23740,3,0
2013-08-21 18,18,22711,3,0
2013-08-21 19,19,23133,3,0
2013-08-21 20,20,23211,3,0
2013-08-21 21,21,22917,3,0
2013-08-21 22,22,21900,3,0
2013-08-21 23,23,20718,3,0
2013-08-22 00,0,19038,4,0
2013-08-22 01,1,18182,4,0
2013-08-22 02,2,17531,4,0
2013-08-22 03,3,16887,4,0
2013-08-22 04,4,16560,4,0
2013-08-22 05,5,16729,4,0
2013-08-22 06,6,17163,4,0
2013-08-22 07,7,19449,4,0
2013-08-22 08,8,22641,4,0
2013-08-22 09,9,24244,4,0
2013-08-22 10,10,24936,4,0
2013-08-22 11,11,24867,4,0
2013-08-22 12,12,25091,4,0
2013-08-22 13,13,25149,4,0
2013-08-22 14,14,25061,4,0
2013-08-22 15,15,24629,4,0
2013-08-22 16,16,24466,4,0
2013-08-22 17,17,23483,4,0
2013-08-22 18,18,22407,4,0
2013-08-22 19,19,22961,4,0
2013-08-22 20,20,23065,4,0
2013-08-22 21,21,22742,4,0
2013-08-22 22,22,21732,4,0
2013-08-22 23,23,20324,4,0
2013-08-23 00,0,18885,5,0
2013-08-23 01,1,18130,5,0
2013-08-23 02,2,17242,5,0
2013-08-23 03,3,16726,5,0
2013-08-23 04,4,16497,5,0
2013-08-23 05,5,16616,5,0
2013-08-23 06,6,17114,5,0
2013-08-23 07,7,19704,5,0
2013-08-23 08,8,22946,5,0
2013-08-23 09,9,24616,5,0
2013-08-23 10,10,25445,5,0
2013-08-23 11,11,25289,5,0
2013-08-23 12,12,25774,5,0
2013-08-23 13,13,26013,5,0
2013-08-23 14,14,25834,5,0
2013-08-23 15,15,25559,5,0
2013-08-23 16,16,25557,5,0
2013-08-23 17,17,23954,5,0
2013-08-23 18,18,22628,5,0
2013-08-23 19,19,23263,5,0
2013-08-23 20,20,23334,5,0
2013-08-23 21,21,22990,5,0
2013-08-23 22,22,21913,5,0
2013-08-23 23,23,20574,5,0
2013-08-24 00,0,19204,6,1
2013-08-24 01,1,18004,6,1
2013-08-24 02,2,17176,6,1
2013-08-24 03,3,16544,6,1
2013-08-24 04,4,16142,6,1
2013-08-24 05,5,15869,6,1
2013-08-24 06,6,16414,6,1
2013-08-24 07,7,18363,6,1
2013-08-24 08,8,20621,6,1
2013-08-24 09,9,22261,6,1
2013-08-24 10,10,23269,6,1
2013-08-24 11,11,23310,6,1
2013-08-24 12,12,23684,6,1
2013-08-24 13,13,24066,6,1
2013-08-24 14,14,23978,6,1
2013-08-24 15,15,23779,6,1
2013-08-24 16,16,23504,6,1
2013-08-24 17,17,22585,6,1
2013-08-24 18,18,21658,6,1
2013-08-24 19,19,22090,6,1
2013-08-24 20,20,22151,6,1
2013-08-24 21,21,21985,6,1
2013-08-24 22,22,21179,6,1
2013-08-24 23,23,20190,6,1
2013-08-25 00,0,18805,7,1
2013-08-25 01,1,16818,7,1
2013-08-25 02,2,16353,7,1
2013-08-25 03,3,15839,7,1
2013-08-25 04,4,15246,7,1
2013-08-25 05,5,15130,7,1
2013-08-25 06,6,15548,7,1
2013-08-25 07,7,17038,7,1
2013-08-25 08,8,18914,7,1
2013-08-25 09,9,20042,7,1
2013-08-25 10,10,20495,7,1
2013-08-25 11,11,20529,7,1
2013-08-25 12,12,20681,7,1
2013-08-25 13,13,20740,7,1
2013-08-25 14,14,20667,7,1
2013-08-25 15,15,20124,7,1
2013-08-25 16,16,19890,7,1
2013-08-25 17,17,19617,7,1
2013-08-25 18,18,19176,7,1
2013-08-25 19,19,19990,7,1
2013-08-25 20,20,20198,7,1
2013-08-25 21,21,20092,7,1
2013-08-25 22,22,19303,7,1
2013-08-25 23,23,18314,7,1
2013-08-26 00,0,17253,1,0
2013-08-26 01,1,16601,1,0
2013-08-26 02,2,16003,1,0
2013-08-26 03,3,15594,1,0
2013-08-26 04,4,15014,1,0
2013-08-26 05,5,15186,1,0
2013-08-26 06,6,16423,1,0
2013-08-26 07,7,19381,1,0
2013-08-26 08,8,22120,1,0
2013-08-26 09,9,23752,1,0
2013-08-26 10,10,24306,1,0
2013-08-26 11,11,24225,1,0
2013-08-26 12,12,24284,1,0
2013-08-26 13,13,24813,1,0
2013-08-26 14,14,24320,1,0
2013-08-26 15,15,23979,1,0
2013-08-26 16,16,23863,1,0
2013-08-26 17,17,22678,1,0
2013-08-26 18,18,21998,1,0
2013-08-26 19,19,22329,1,0
2013-08-26 20,20,22318,1,0
2013-08-26 21,21,21925,1,0
2013-08-26 22,22,21108,1,0
2013-08-26 23,23,19754,1,0
2013-08-27 00,0,18573,2,0
2013-08-27 01,1,17850,2,0
2013-08-27 02,2,17044,2,0
2013-08-27 03,3,16249,2,0
2013-08-27 04,4,15705,2,0
2013-08-27 05,5,15923,2,0
2013-08-27 06,6,16125,2,0
2013-08-27 07,7,18116,2,0
2013-08-27 08,8,21008,2,0
2013-08-27 09,9,22754,2,0
2013-08-27 10,10,23785,2,0
2013-08-27 11,11,23681,2,0
2013-08-27 12,12,23631,2,0
2013-08-27 13,13,24222,2,0
2013-08-27 14,14,24119,2,0
2013-08-27 15,15,23916,2,0
2013-08-27 16,16,23825,2,0
2013-08-27 17,17,22971,2,0
2013-08-27 18,18,21935,2,0
2013-08-27 19,19,22560,2,0
2013-08-27 20,20,22520,2,0
2013-08-27 21,21,22297,2,0
2013-08-27 22,22,21238,2,0
2013-08-27 23,23,20038,2,0
2013-08-28 00,0,18447,3,0
2013-08-28 01,1,16671,3,0
2013-08-28 02,2,15438,3,0
2013-08-28 03,3,14936,3,0
2013-08-28 04,4,14683,3,0
2013-08-28 05,5,15111,3,0
2013-08-28 06,6,15712,3,0
2013-08-28 07,7,18317,3,0
2013-08-28 08,8,21773,3,0
2013-08-28 09,9,23910,3,0
2013-08-28 10,10,24564,3,0
2013-08-28 11,11,24527,3,0
2013-08-28 12,12,25091,3,0
2013-08-28 13,13,25344,3,0
2013-08-28 14,14,25443,3,0
2013-08-28 15,15,25346,3,0
2013-08-28 16,16,25132,3,0
2013-08-28 17,17,23777,3,0
2013-08-28 18,18,22409,3,0
2013-08-28 19,19,22721,3,0
2013-08-28 20,20,22559,3,0
2013-08-28 21,21,22126,3,0
2013-08-28 22,22,21044,3,0
2013-08-28 23,23,19928,3,0
2013-08-29 00,0,18540,4,0
2013-08-29 01,1,17356,4,0
2013-08-29 02,2,16596,4,0
2013-08-29 03,3,15933,4,0
2013-08-29 04,4,15576,4,0
2013-08-29 05,5,15946,4,0
2013-08-29 06,6,16531,4,0
2013-08-29 07,7,19349,4,0
2013-08-29 08,8,23119,4,0
2013-08-29 09,9,25180,4,0
2013-08-29 10,10,25796,4,0
2013-08-29 11,11,25760,4,0
2013-08-29 12,12,25804,4,0
2013-08-29 13,13,26274,4,0
2013-08-29 14,14,25938,4,0
2013-08-29 15,15,25705,4,0
2013-08-29 16,16,24556,4,0
2013-08-29 17,17,23385,4,0
2013-08-29 18,18,22743,4,0
2013-08-29 19,19,23136,4,0
2013-08-29 20,20,23278,4,0
2013-08-29 21,21,22975,4,0
2013-08-29 22,22,21831,4,0
2013-08-29 23,23,20325,4,0
2013-08-30 00,0,18868,5,0
2013-08-30 01,1,17062,5,0
2013-08-30 02,2,16227,5,0
2013-08-30 03,3,15535,5,0
2013-08-30 04,4,15189,5,0
2013-08-30 05,5,15297,5,0
2013-08-30 06,6,15987,5,0
2013-08-30 07,7,18503,5,0
2013-08-30 08,8,21595,5,0
2013-08-30 09,9,23346,5,0
2013-08-30 10,10,23741,5,0
2013-08-30 11,11,23584,5,0
2013-08-30 12,12,23409,5,0
2013-08-30 13,13,23665,5,0
2013-08-30 14,14,23597,5,0
2013-08-30 15,15,23399,5,0
2013-08-30 16,16,23050,5,0
2013-08-30 17,17,21511,5,0
2013-08-30 18,18,20839,5,0
2013-08-30 19,19,20886,5,0
2013-08-30 20,20,20569,5,0
2013-08-30 21,21,19767,5,0
2013-08-30 22,22,18815,5,0
2013-08-30 23,23,17455,5,0
2013-08-31 00,0,16243,6,1
2013-08-31 01,1,15607,6,1
2013-08-31 02,2,15037,6,1
2013-08-31 03,3,14491,6,1
2013-08-31 04,4,14294,6,1
2013-08-31 05,5,14528,6,1
2013-08-31 06,6,14473,6,1
2013-08-31 07,7,15748,6,1
2013-08-31 08,8,18008,6,1
2013-08-31 09,9,19815,6,1
2013-08-31 10,10,20588,6,1
2013-08-31 11,11,20762,6,1
2013-08-31 12,12,20338,6,1
2013-08-31 13,13,20444,6,1
2013-08-31 14,14,20401,6,1
2013-08-31 15,15,20310,6,1
2013-08-31 16,16,20224,6,1
2013-08-31 17,17,19177,6,1
2013-08-31 18,18,19150,6,1
2013-08-31 19,19,19432,6,1
2013-08-31 20,20,19560,6,1
2013-08-31 21,21,19225,6,1
2013-08-31 22,22,18514,6,1
2013-08-31 23,23,17556,6,1
2013-09-01 00,0,16125,7,1
2013-09-01 01,1,14827,7,1
2013-09-01 02,2,14210,7,1
2013-09-01 03,3,13784,7,1
2013-09-01 04,4,13445,7,1
2013-09-01 05,5,13819,7,1
2013-09-01 06,6,14895,7,1
2013-09-01 07,7,17343,7,1
2013-09-01 08,8,19226,7,1
2013-09-01 09,9,20004,7,1
2013-09-01 10,10,20130,7,1
2013-09-01 11,11,20062,7,1
2013-09-01 12,12,19751,7,1
2013-09-01 13,13,19936,7,1
2013-09-01 14,14,19884,7,1
2013-09-01 15,15,19857,7,1
2013-09-01 16,16,19735,7,1
2013-09-01 17,17,19269,7,1
2013-09-01 18,18,18793,7,1
2013-09-01 19,19,18990,7,1
2013-09-01 20,20,18866,7,1
2013-09-01 21,21,18054,7,1
2013-09-01 22,22,17359,7,1
2013-09-01 23,23,16221,7,1
2013-09-02 00,0,14946,1,0
2013-09-02 01,1,14152,1,0
2013-09-02 02,2,13877,1,0
2013-09-02 03,3,13252,1,0
2013-09-02 04,4,13061,1,0
2013-09-02 05,5,13448,1,0
2013-09-02 06,6,14891,1,0
2013-09-02 07,7,17873,1,0
2013-09-02 08,8,20562,1,0
2013-09-02 09,9,22299,1,0
2013-09-02 10,10,22814,1,0
2013-09-02 11,11,22778,1,0
2013-09-02 12,12,22133,1,0
2013-09-02 13,13,22295,1,0
2013-09-02 14,14,22295,1,0
2013-09-02 15,15,22175,1,0
2013-09-02 16,16,21880,1,0
2013-09-02 17,17,20592,1,0
2013-09-02 18,18,20165,1,0
2013-09-02 19,19,20405,1,0
2013-09-02 20,20,20044,1,0
2013-09-02 21,21,19302,1,0
2013-09-02 22,22,18464,1,0
2013-09-02 23,23,17109,1,0
2013-09-03 00,0,15828,2,0
2013-09-03 01,1,13812,2,0
2013-09-03 02,2,13161,2,0
2013-09-03 03,3,12780,2,0
2013-09-03 04,4,12825,2,0
2013-09-03 05,5,13220,2,0
2013-09-03 06,6,14011,2,0
2013-09-03 07,7,16438,2,0
2013-09-03 08,8,18707,2,0
2013-09-03 09,9,19986,2,0
2013-09-03 10,10,20319,2,0
2013-09-03 11,11,20085,2,0
2013-09-03 12,12,20031,2,0
2013-09-03 13,13,19979,2,0
2013-09-03 14,14,19949,2,0
2013-09-03 15,15,19727,2,0
2013-09-03 16,16,19447,2,0
2013-09-03 17,17,18380,2,0
2013-09-03 18,18,17922,2,0
2013-09-03 19,19,18359,2,0
2013-09-03 20,20,18279,2,0
2013-09-03 21,21,17277,2,0
2013-09-03 22,22,16328,2,0
2013-09-03 23,23,15361,2,0
2013-09-04 00,0,14384,3,0
2013-09-04 01,1,13201,3,0
2013-09-04 02,2,12799,3,0
2013-09-04 03,3,12603,3,0
2013-09-04 04,4,12852,3,0
2013-09-04 05,5,13270,3,0
2013-09-04 06,6,14131,3,0
2013-09-04 07,7,16335,3,0
2013-09-04 08,8,18481,3,0
2013-09-04 09,9,19578,3,0
2013-09-04 10,10,20033,3,0
2013-09-04 11,11,19836,3,0
2013-09-04 12,12,19299,3,0
2013-09-04 13,13,19394,3,0
2013-09-04 14,14,19311,3,0
2013-09-04 15,15,19276,3,0
2013-09-04 16,16,19317,3,0
2013-09-04 17,17,18425,3,0
2013-09-04 18,18,17867,3,0
2013-09-04 19,19,17919,3,0
2013-09-04 20,20,17380,3,0
2013-09-04 21,21,16962,3,0
2013-09-04 22,22,16045,3,0
2013-09-04 23,23,14718,3,0
2013-09-05 00,0,13747,4,0
2013-09-05 01,1,13045,4,0
2013-09-05 02,2,12532,4,0
2013-09-05 03,3,12342,4,0
2013-09-05 04,4,12336,4,0
2013-09-05 05,5,13012,4,0
2013-09-05 06,6,13838,4,0
2013-09-05 07,7,16064,4,0
2013-09-05 08,8,18316,4,0
2013-09-05 09,9,19230,4,0
2013-09-05 10,10,19445,4,0
2013-09-05 11,11,19184,4,0
2013-09-05 12,12,18924,4,0
2013-09-05 13,13,18999,4,0
2013-09-05 14,14,19004,4,0
2013-09-05 15,15,18998,4,0
2013-09-05 16,16,19003,4,0
2013-09-05 17,17,18100,4,0
2013-09-05 18,18,17497,4,0
2013-09-05 19,19,17401,4,0
2013-09-05 20,20,17109,4,0
2013-09-05 21,21,16492,4,0
2013-09-05 22,22,15508,4,0
2013-09-05 23,23,14542,4,0
2013-09-06 00,0,13348,5,0
2013-09-06 01,1,12958,5,0
2013-09-06 02,2,12376,5,0
2013-09-06 03,3,12120,5,0
2013-09-06 04,4,12250,5,0
2013-09-06 05,5,12841,5,0
2013-09-06 06,6,13737,5,0
2013-09-06 07,7,15978,5,0
2013-09-06 08,8,17658,5,0
2013-09-06 09,9,18365,5,0
2013-09-06 10,10,18395,5,0
2013-09-06 11,11,18046,5,0
2013-09-06 12,12,17911,5,0
2013-09-06 13,13,18069,5,0
2013-09-06 14,14,18028,5,0
2013-09-06 15,15,17968,5,0
2013-09-06 16,16,17919,5,0
2013-09-06 17,17,17101,5,0
2013-09-06 18,18,17105,5,0
2013-09-06 19,19,17118,5,0
2013-09-06 20,20,16729,5,0
2013-09-06 21,21,15992,5,0
2013-09-06 22,22,15245,5,0
2013-09-06 23,23,14230,5,0
2013-09-07 00,0,13271,6,1
2013-09-07 01,1,12579,6,1
2013-09-07 02,2,12104,6,1
2013-09-07 03,3,11923,6,1
2013-09-07 04,4,11852,6,1
2013-09-07 05,5,12579,6,1
2013-09-07 06,6,13074,6,1
2013-09-07 07,7,14518,6,1
2013-09-07 08,8,15877,6,1
2013-09-07 09,9,16615,6,1
2013-09-07 10,10,16855,6,1
2013-09-07 11,11,16628,6,1
2013-09-07 12,12,16540,6,1
2013-09-07 13,13,16586,6,1
2013-09-07 14,14,16476,6,1
2013-09-07 15,15,16515,6,1
2013-09-07 16,16,16563,6,1
2013-09-07 17,17,16285,6,1
2013-09-07 18,18,16468,6,1
2013-09-07 19,19,16484,6,1
2013-09-07 20,20,16299,6,1
2013-09-07 21,21,15877,6,1
2013-09-07 22,22,15133,6,1
2013-09-07 23,23,14198,6,1
2013-09-08 00,0,13223,7,1
2013-09-08 01,1,12334,7,1
2013-09-08 02,2,12097,7,1
2013-09-08 03,3,11707,7,1
2013-09-08 04,4,11562,7,1
2013-09-08 05,5,11947,7,1
2013-09-08 06,6,12380,7,1
2013-09-08 07,7,13530,7,1
2013-09-08 08,8,14846,7,1
2013-09-08 09,9,15526,7,1
2013-09-08 10,10,15780,7,1
2013-09-08 11,11,15650,7,1
2013-09-08 12,12,15369,7,1
2013-09-08 13,13,15425,7,1
2013-09-08 14,14,15367,7,1
2013-09-08 15,15,15289,7,1
2013-09-08 16,16,15334,7,1
2013-09-08 17,17,15268,7,1
2013-09-08 18,18,15541,7,1
2013-09-08 19,19,15571,7,1
2013-09-08 20,20,15410,7,1
2013-09-08 21,21,14953,7,1
2013-09-08 22,22,14247,7,1
2013-09-08 23,23,13243,7,1
2013-09-09 00,0,12480,1,0
2013-09-09 01,1,11986,1,0
2013-09-09 02,2,11780,1,0
2013-09-09 03,3,11489,1,0
2013-09-09 04,4,11664,1,0
2013-09-09 05,5,12211,1,0
2013-09-09 06,6,13134,1,0
2013-09-09 07,7,15472,1,0
2013-09-09 08,8,17972,1,0
2013-09-09 09,9,19069,1,0
2013-09-09 10,10,19198,1,0
2013-09-09 11,11,18789,1,0
2013-09-09 12,12,18501,1,0
2013-09-09 13,13,18817,1,0
2013-09-09 14,14,18813,1,0
2013-09-09 15,15,18822,1,0
2013-09-09 16,16,18731,1,0
2013-09-09 17,17,17901,1,0
2013-09-09 18,18,17497,1,0
2013-09-09 19,19,17433,1,0
2013-09-09 20,20,16788,1,0
2013-09-09 21,21,16114,1,0
2013-09-09 22,22,15177,1,0
2013-09-09 23,23,14314,1,0
2013-09-10 00,0,13291,2,0
2013-09-10 01,1,12811,2,0
2013-09-10 02,2,12383,2,0
2013-09-10 03,3,12029,2,0
2013-09-10 04,4,12378,2,0
2013-09-10 05,5,12757,2,0
2013-09-10 06,6,13669,2,0
2013-09-10 07,7,16292,2,0
2013-09-10 08,8,18923,2,0
2013-09-10 09,9,20457,2,0
2013-09-10 10,10,21752,2,0
2013-09-10 11,11,21663,2,0
2013-09-10 12,12,21900,2,0
2013-09-10 13,13,22214,2,0
2013-09-10 14,14,22240,2,0
2013-09-10 15,15,20909,2,0
2013-09-10 16,16,20316,2,0
2013-09-10 17,17,19180,2,0
2013-09-10 18,18,18572,2,0
2013-09-10 19,19,18577,2,0
2013-09-10 20,20,17644,2,0
2013-09-10 21,21,17337,2,0
2013-09-10 22,22,16390,2,0
2013-09-10 23,23,15293,2,0
2013-09-11 00,0,14359,3,0
2013-09-11 01,1,13596,3,0
2013-09-11 02,2,13221,3,0
2013-09-11 03,3,12912,3,0
2013-09-11 04,4,13151,3,0
2013-09-11 05,5,13639,3,0
2013-09-11 06,6,14773,3,0
2013-09-11 07,7,17435,3,0
2013-09-11 08,8,20515,3,0
2013-09-11 09,9,21795,3,0
2013-09-11 10,10,21895,3,0
2013-09-11 11,11,21482,3,0
2013-09-11 12,12,21561,3,0
2013-09-11 13,13,21972,3,0
2013-09-11 14,14,21981,3,0
2013-09-11 15,15,21902,3,0
2013-09-11 16,16,21466,3,0
2013-09-11 17,17,19734,3,0
2013-09-11 18,18,19317,3,0
2013-09-11 19,19,19339,3,0
2013-09-11 20,20,19039,3,0
2013-09-11 21,21,17983,3,0
2013-09-11 22,22,16864,3,0
2013-09-11 23,23,15839,3,0
2013-09-12 00,0,15033,4,0
2013-09-12 01,1,14501,4,0
2013-09-12 02,2,14168,4,0
2013-09-12 03,3,13903,4,0
2013-09-12 04,4,13994,4,0
2013-09-12 05,5,14281,4,0
2013-09-12 06,6,15141,4,0
2013-09-12 07,7,17937,4,0
2013-09-12 08,8,20667,4,0
2013-09-12 09,9,21759,4,0
2013-09-12 10,10,21973,4,0
2013-09-12 11,11,21784,4,0
2013-09-12 12,12,21998,4,0
2013-09-12 13,13,22272,4,0
2013-09-12 14,14,22251,4,0
2013-09-12 15,15,22163,4,0
2013-09-12 16,16,22003,4,0
2013-09-12 17,17,20585,4,0
2013-09-12 18,18,20153,4,0
2013-09-12 19,19,20192,4,0
2013-09-12 20,20,19837,4,0
2013-09-12 21,21,19219,4,0
2013-09-12 22,22,18245,4,0
2013-09-12 23,23,16875,4,0
2013-09-13 00,0,15672,5,0
2013-09-13 01,1,14769,5,0
2013-09-13 02,2,14334,5,0
2013-09-13 03,3,13929,5,0
2013-09-13 04,4,13991,5,0
2013-09-13 05,5,14257,5,0
2013-09-13 06,6,15280,5,0
2013-09-13 07,7,18089,5,0
2013-09-13 08,8,20983,5,0
2013-09-13 09,9,22274,5,0
2013-09-13 10,10,22654,5,0
2013-09-13 11,11,22480,5,0
2013-09-13 12,12,22632,5,0
2013-09-13 13,13,22910,5,0
2013-09-13 14,14,22642,5,0
2013-09-13 15,15,22505,5,0
2013-09-13 16,16,21752,5,0
2013-09-13 17,17,20099,5,0
2013-09-13 18,18,19696,5,0
2013-09-13 19,19,19665,5,0
2013-09-13 20,20,19192,5,0
2013-09-13 21,21,18585,5,0
2013-09-13 22,22,17510,5,0
2013-09-13 23,23,16380,5,0
2013-09-14 00,0,15090,6,1
2013-09-14 01,1,14437,6,1
2013-09-14 02,2,14070,6,1
2013-09-14 03,3,13717,6,1
2013-09-14 04,4,13601,6,1
2013-09-14 05,5,13740,6,1
2013-09-14 06,6,14176,6,1
2013-09-14 07,7,15908,6,1
2013-09-14 08,8,17871,6,1
2013-09-14 09,9,19001,6,1
2013-09-14 10,10,19223,6,1
2013-09-14 11,11,18910,6,1
2013-09-14 12,12,18834,6,1
2013-09-14 13,13,19003,6,1
2013-09-14 14,14,18871,6,1
2013-09-14 15,15,18777,6,1
2013-09-14 16,16,18408,6,1
2013-09-14 17,17,17686,6,1
2013-09-14 18,18,17603,6,1
2013-09-14 19,19,17619,6,1
2013-09-14 20,20,17228,6,1
2013-09-14 21,21,16696,6,1
2013-09-14 22,22,15940,6,1
2013-09-14 23,23,14782,6,1
2013-09-15 00,0,13821,7,1
2013-09-15 01,1,13619,7,1
2013-09-15 02,2,13199,7,1
2013-09-15 03,3,12891,7,1
2013-09-15 04,4,12471,7,1
2013-09-15 05,5,12752,7,1
2013-09-15 06,6,13150,7,1
2013-09-15 07,7,14306,7,1
2013-09-15 08,8,15564,7,1
2013-09-15 09,9,17031,7,1
2013-09-15 10,10,17607,7,1
2013-09-15 11,11,17579,7,1
2013-09-15 12,12,17207,7,1
2013-09-15 13,13,17245,7,1
2013-09-15 14,14,17305,7,1
2013-09-15 15,15,17206,7,1
2013-09-15 16,16,17214,7,1
2013-09-15 17,17,16889,7,1
2013-09-15 18,18,16919,7,1
2013-09-15 19,19,16992,7,1
2013-09-15 20,20,16604,7,1
2013-09-15 21,21,15611,7,1
2013-09-15 22,22,15053,7,1
2013-09-15 23,23,14028,7,1
2013-09-16 00,0,13219,1,0
2013-09-16 01,1,12620,1,0
2013-09-16 02,2,12371,1,0
2013-09-16 03,3,12134,1,0
2013-09-16 04,4,12389,1,0
2013-09-16 05,5,12877,1,0
2013-09-16 06,6,13912,1,0
2013-09-16 07,7,16456,1,0
2013-09-16 08,8,19237,1,0
2013-09-16 09,9,20345,1,0
2013-09-16 10,10,20619,1,0
2013-09-16 11,11,20430,1,0
2013-09-16 12,12,19971,1,0
2013-09-16 13,13,20308,1,0
2013-09-16 14,14,20185,1,0
2013-09-16 15,15,20129,1,0
2013-09-16 16,16,19827,1,0
2013-09-16 17,17,18975,1,0
2013-09-16 18,18,18436,1,0
2013-09-16 19,19,18301,1,0
2013-09-16 20,20,17727,1,0
2013-09-16 21,21,17070,1,0
2013-09-16 22,22,16173,1,0
2013-09-16 23,23,15048,1,0
2013-09-17 00,0,14148,2,0
2013-09-17 01,1,13673,2,0
2013-09-17 02,2,13286,2,0
2013-09-17 03,3,12998,2,0
2013-09-17 04,4,13046,2,0
2013-09-17 05,5,13419,2,0
2013-09-17 06,6,14290,2,0
2013-09-17 07,7,16771,2,0
2013-09-17 08,8,19694,2,0
2013-09-17 09,9,20986,2,0
2013-09-17 10,10,21502,2,0
2013-09-17 11,11,21490,2,0
2013-09-17 12,12,21649,2,0
2013-09-17 13,13,21901,2,0
2013-09-17 14,14,21910,2,0
2013-09-17 15,15,21629,2,0
2013-09-17 16,16,21442,2,0
2013-09-17 17,17,20175,2,0
2013-09-17 18,18,19791,2,0
2013-09-17 19,19,19827,2,0
2013-09-17 20,20,19363,2,0
2013-09-17 21,21,18760,2,0
2013-09-17 22,22,17782,2,0
2013-09-17 23,23,16472,2,0
2013-09-18 00,0,15195,3,0
2013-09-18 01,1,13584,3,0
2013-09-18 02,2,13034,3,0
2013-09-18 03,3,12830,3,0
2013-09-18 04,4,12824,3,0
2013-09-18 05,5,13280,3,0
2013-09-18 06,6,14062,3,0
2013-09-18 07,7,16555,3,0
2013-09-18 08,8,19000,3,0
2013-09-18 09,9,20185,3,0
2013-09-18 10,10,20228,3,0
2013-09-18 11,11,19883,3,0
2013-09-18 12,12,19630,3,0
2013-09-18 13,13,19907,3,0
2013-09-18 14,14,19828,3,0
2013-09-18 15,15,19569,3,0
2013-09-18 16,16,19382,3,0
2013-09-18 17,17,18632,3,0
2013-09-18 18,18,18579,3,0
2013-09-18 19,19,18529,3,0
2013-09-18 20,20,17927,3,0
2013-09-18 21,21,17323,3,0
2013-09-18 22,22,16270,3,0
2013-09-18 23,23,15193,3,0
2013-09-19 00,0,14178,4,-1
2013-09-19 01,1,12944,4,-1
2013-09-19 02,2,12475,4,-1
2013-09-19 03,3,12172,4,-1
2013-09-19 04,4,12117,4,-1
2013-09-19 05,5,12319,4,-1
2013-09-19 06,6,12293,4,-1
2013-09-19 07,7,13337,4,-1
2013-09-19 08,8,14536,4,-1
2013-09-19 09,9,15334,4,-1
2013-09-19 10,10,15616,4,-1
2013-09-19 11,11,15518,4,-1
2013-09-19 12,12,15216,4,-1
2013-09-19 13,13,15208,4,-1
2013-09-19 14,14,15207,4,-1
2013-09-19 15,15,15136,4,-1
2013-09-19 16,16,15073,4,-1
2013-09-19 17,17,15332,4,-1
2013-09-19 18,18,15556,4,-1
2013-09-19 19,19,15372,4,-1
2013-09-19 20,20,15038,4,-1
2013-09-19 21,21,14723,4,-1
2013-09-19 22,22,14163,4,-1
2013-09-19 23,23,13389,4,-1
2013-09-20 00,0,12706,5,1
2013-09-20 01,1,12147,5,1
2013-09-20 02,2,11873,5,1
2013-09-20 03,3,11733,5,1
2013-09-20 04,4,11650,5,1
2013-09-20 05,5,11822,5,1
2013-09-20 06,6,12197,5,1
2013-09-20 07,7,13732,5,1
2013-09-20 08,8,15274,5,1
2013-09-20 09,9,16100,5,1
2013-09-20 10,10,16144,5,1
2013-09-20 11,11,15903,5,1
2013-09-20 12,12,15918,5,1
2013-09-20 13,13,16105,5,1
2013-09-20 14,14,16115,5,1
2013-09-20 15,15,16094,5,1
2013-09-20 16,16,16024,5,1
2013-09-20 17,17,15577,5,1
2013-09-20 18,18,15758,5,1
2013-09-20 19,19,15743,5,1
2013-09-20 20,20,15296,5,1
2013-09-20 21,21,14908,5,1
2013-09-20 22,22,14251,5,1
2013-09-20 23,23,13474,5,1
2013-09-21 00,0,12617,6,1
2013-09-21 01,1,12384,6,1
2013-09-21 02,2,12279,6,1
2013-09-21 03,3,12105,6,1
2013-09-21 04,4,12180,6,1
2013-09-21 05,5,12217,6,1
2013-09-21 06,6,12294,6,1
2013-09-21 07,7,13141,6,1
2013-09-21 08,8,14648,6,1
2013-09-21 09,9,15960,6,1
2013-09-21 10,10,16309,6,1
2013-09-21 11,11,16216,6,1
2013-09-21 12,12,16029,6,1
2013-09-21 13,13,16035,6,1
2013-09-21 14,14,15905,6,1
2013-09-21 15,15,16033,6,1
2013-09-21 16,16,15936,6,1
2013-09-21 17,17,15646,6,1
2013-09-21 18,18,15922,6,1
2013-09-21 19,19,15946,6,1
2013-09-21 20,20,15700,6,1
2013-09-21 21,21,15004,6,1
2013-09-21 22,22,14340,6,1
2013-09-21 23,23,13401,6,1
2013-09-22 00,0,12823,7,0
2013-09-22 01,1,12680,7,0
2013-09-22 02,2,12376,7,0
2013-09-22 03,3,11966,7,0
2013-09-22 04,4,12090,7,0
2013-09-22 05,5,12720,7,0
2013-09-22 06,6,13809,7,0
2013-09-22 07,7,16031,7,0
2013-09-22 08,8,18411,7,0
2013-09-22 09,9,19692,7,0
2013-09-22 10,10,20302,7,0
2013-09-22 11,11,20069,7,0
2013-09-22 12,12,19867,7,0
2013-09-22 13,13,20157,7,0
2013-09-22 14,14,20167,7,0
2013-09-22 15,15,20081,7,0
2013-09-22 16,16,19782,7,0
2013-09-22 17,17,19319,7,0
2013-09-22 18,18,18888,7,0
2013-09-22 19,19,18834,7,0
2013-09-22 20,20,18466,7,0
2013-09-22 21,21,17520,7,0
2013-09-22 22,22,16154,7,0
2013-09-22 23,23,15181,7,0
2013-09-23 00,0,14181,1,0
2013-09-23 01,1,13688,1,0
2013-09-23 02,2,13277,1,0
2013-09-23 03,3,13180,1,0
2013-09-23 04,4,13102,1,0
2013-09-23 05,5,13570,1,0
2013-09-23 06,6,14266,1,0
2013-09-23 07,7,16789,1,0
2013-09-23 08,8,19321,1,0
2013-09-23 09,9,20944,1,0
2013-09-23 10,10,21029,1,0
2013-09-23 11,11,20741,1,0
2013-09-23 12,12,20704,1,0
2013-09-23 13,13,20875,1,0
2013-09-23 14,14,20754,1,0
2013-09-23 15,15,20407,1,0
2013-09-23 16,16,19738,1,0
2013-09-23 17,17,18732,1,0
2013-09-23 18,18,17990,1,0
2013-09-23 19,19,17874,1,0
2013-09-23 20,20,17340,1,0
2013-09-23 21,21,16715,1,0
2013-09-23 22,22,15969,1,0
2013-09-23 23,23,14972,1,0
2013-09-24 00,0,14555,2,0
2013-09-24 01,1,14026,2,0
2013-09-24 02,2,13689,2,0
2013-09-24 03,3,13410,2,0
2013-09-24 04,4,13406,2,0
2013-09-24 05,5,14022,2,0
2013-09-24 06,6,14670,2,0
2013-09-24 07,7,17294,2,0
2013-09-24 08,8,20193,2,0
2013-09-24 09,9,21633,2,0
2013-09-24 10,10,21636,2,0
2013-09-24 11,11,21353,2,0
2013-09-24 12,12,21215,2,0
2013-09-24 13,13,21389,2,0
2013-09-24 14,14,21258,2,0
2013-09-24 15,15,20935,2,0
2013-09-24 16,16,20654,2,0
2013-09-24 17,17,19645,2,0
2013-09-24 18,18,19144,2,0
2013-09-24 19,19,19002,2,0
2013-09-24 20,20,18655,2,0
2013-09-24 21,21,18014,2,0
2013-09-24 22,22,17071,2,0
2013-09-24 23,23,16023,2,0
2013-09-25 00,0,14724,3,0
2013-09-25 01,1,13693,3,0
2013-09-25 02,2,12976,3,0
2013-09-25 03,3,12697,3,0
2013-09-25 04,4,12785,3,0
2013-09-25 05,5,13159,3,0
2013-09-25 06,6,13855,3,0
2013-09-25 07,7,15838,3,0
2013-09-25 08,8,17705,3,0
2013-09-25 09,9,18612,3,0
2013-09-25 10,10,18671,3,0
2013-09-25 11,11,18174,3,0
2013-09-25 12,12,17921,3,0
2013-09-25 13,13,18222,3,0
2013-09-25 14,14,18073,3,0
2013-09-25 15,15,18056,3,0
2013-09-25 16,16,18010,3,0
2013-09-25 17,17,17386,3,0
2013-09-25 18,18,17339,3,0
2013-09-25 19,19,17104,3,0
2013-09-25 20,20,16613,3,0
2013-09-25 21,21,15926,3,0
2013-09-25 22,22,14900,3,0
2013-09-25 23,23,14035,3,0
2013-09-26 00,0,13250,4,0
2013-09-26 01,1,12375,4,0
2013-09-26 02,2,12060,4,0
2013-09-26 03,3,11890,4,0
2013-09-26 04,4,12214,4,0
2013-09-26 05,5,12735,4,0
2013-09-26 06,6,13360,4,0
2013-09-26 07,7,15173,4,0
2013-09-26 08,8,16990,4,0
2013-09-26 09,9,17709,4,0
2013-09-26 10,10,17852,4,0
2013-09-26 11,11,17425,4,0
2013-09-26 12,12,17194,4,0
2013-09-26 13,13,17325,4,0
2013-09-26 14,14,17317,4,0
2013-09-26 15,15,17320,4,0
2013-09-26 16,16,17284,4,0
2013-09-26 17,17,16642,4,0
2013-09-26 18,18,16823,4,0
2013-09-26 19,19,16515,4,0
2013-09-26 20,20,16042,4,0
2013-09-26 21,21,15442,4,0
2013-09-26 22,22,14784,4,0
2013-09-26 23,23,13649,4,0
2013-09-27 00,0,12850,5,0
2013-09-27 01,1,12196,5,0
2013-09-27 02,2,11893,5,0
2013-09-27 03,3,11712,5,0
2013-09-27 04,4,11822,5,0
2013-09-27 05,5,12455,5,0
2013-09-27 06,6,13005,5,0
2013-09-27 07,7,14863,5,0
2013-09-27 08,8,16725,5,0
2013-09-27 09,9,17555,5,0
2013-09-27 10,10,17710,5,0
2013-09-27 11,11,17167,5,0
2013-09-27 12,12,16938,5,0
2013-09-27 13,13,17156,5,0
2013-09-27 14,14,17083,5,0
2013-09-27 15,15,17237,5,0
2013-09-27 16,16,17212,5,0
2013-09-27 17,17,16604,5,0
2013-09-27 18,18,16768,5,0
2013-09-27 19,19,16311,5,0
2013-09-27 20,20,15918,5,0
2013-09-27 21,21,15273,5,0
2013-09-27 22,22,14625,5,0
2013-09-27 23,23,13716,5,0
2013-09-28 00,0,12878,6,1
2013-09-28 01,1,12240,6,1
2013-09-28 02,2,11839,6,1
2013-09-28 03,3,11675,6,1
2013-09-28 04,4,11421,6,1
2013-09-28 05,5,11692,6,1
2013-09-28 06,6,12135,6,1
2013-09-28 07,7,13522,6,1
2013-09-28 08,8,14867,6,1
2013-09-28 09,9,15797,6,1
2013-09-28 10,10,16026,6,1
2013-09-28 11,11,15903,6,1
2013-09-28 12,12,15617,6,1
2013-09-28 13,13,15676,6,1
2013-09-28 14,14,15706,6,1
2013-09-28 15,15,15649,6,1
2013-09-28 16,16,15641,6,1
2013-09-28 17,17,15385,6,1
2013-09-28 18,18,15656,6,1
2013-09-28 19,19,15626,6,1
2013-09-28 20,20,15304,6,1
2013-09-28 21,21,14901,6,1
2013-09-28 22,22,14033,6,1
2013-09-28 23,23,13400,6,1
2013-09-29 00,0,12497,7,0
2013-09-29 01,1,11851,7,0
2013-09-29 02,2,11525,7,0
2013-09-29 03,3,11273,7,0
2013-09-29 04,4,11411,7,0
2013-09-29 05,5,12010,7,0
2013-09-29 06,6,13027,7,0
2013-09-29 07,7,14930,7,0
2013-09-29 08,8,16556,7,0
2013-09-29 09,9,17225,7,0
2013-09-29 10,10,17248,7,0
2013-09-29 11,11,16893,7,0
2013-09-29 12,12,16741,7,0
2013-09-29 13,13,16871,7,0
2013-09-29 14,14,16898,7,0
2013-09-29 15,15,16981,7,0
2013-09-29 16,16,16991,7,0
2013-09-29 17,17,16393,7,0
2013-09-29 18,18,16557,7,0
2013-09-29 19,19,16371,7,0
2013-09-29 20,20,15813,7,0
2013-09-29 21,21,15122,7,0
2013-09-29 22,22,14697,7,0
2013-09-29 23,23,13672,7,0
2013-09-30 00,0,12648,1,0
2013-09-30 01,1,11757,1,0
2013-09-30 02,2,11552,1,0
2013-09-30 03,3,11203,1,0
2013-09-30 04,4,11458,1,0
2013-09-30 05,5,12138,1,0
2013-09-30 06,6,12582,1,0
2013-09-30 07,7,14467,1,0
2013-09-30 08,8,16119,1,0
2013-09-30 09,9,17121,1,0
2013-09-30 10,10,17147,1,0
2013-09-30 11,11,16758,1,0
2013-09-30 12,12,16633,1,0
2013-09-30 13,13,16818,1,0
2013-09-30 14,14,16825,1,0
2013-09-30 15,15,16702,1,0
2013-09-30 16,16,16794,1,0
2013-09-30 17,17,16419,1,0
2013-09-30 18,18,16460,1,0
2013-09-30 19,19,16112,1,0
2013-09-30 20,20,15662,1,0
2013-09-30 21,21,15267,1,0
2013-09-30 22,22,14435,1,0
2013-09-30 23,23,13627,1,0
2013-10-01 00,0,12639,2,-1
2013-10-01 01,1,10655,2,-1
2013-10-01 02,2,9798,2,-1
2013-10-01 03,3,9546,2,-1
2013-10-01 04,4,9555,2,-1
2013-10-01 05,5,9630,2,-1
2013-10-01 06,6,9500,2,-1
2013-10-01 07,7,10151,2,-1
2013-10-01 08,8,10596,2,-1
2013-10-01 09,9,11345,2,-1
2013-10-01 10,10,11582,2,-1
2013-10-01 11,11,11539,2,-1
2013-10-01 12,12,11328,2,-1
2013-10-01 13,13,11290,2,-1
2013-10-01 14,14,11215,2,-1
2013-10-01 15,15,11211,2,-1
2013-10-01 16,16,11504,2,-1
2013-10-01 17,17,11862,2,-1
2013-10-01 18,18,12137,2,-1
2013-10-01 19,19,12137,2,-1
2013-10-01 20,20,12037,2,-1
2013-10-01 21,21,11468,2,-1
2013-10-01 22,22,10747,2,-1
2013-10-01 23,23,10129,2,-1
2013-10-02 00,0,9520,3,-1
2013-10-02 01,1,9144,3,-1
2013-10-02 02,2,8887,3,-1
2013-10-02 03,3,8763,3,-1
2013-10-02 04,4,8941,3,-1
2013-10-02 05,5,9103,3,-1
2013-10-02 06,6,9376,3,-1
2013-10-02 07,7,9924,3,-1
2013-10-02 08,8,10602,3,-1
2013-10-02 09,9,11473,3,-1
2013-10-02 10,10,11824,3,-1
2013-10-02 11,11,11791,3,-1
2013-10-02 12,12,11445,3,-1
2013-10-02 13,13,11454,3,-1
2013-10-02 14,14,11434,3,-1
2013-10-02 15,15,11570,3,-1
2013-10-02 16,16,11815,3,-1
2013-10-02 17,17,12103,3,-1
2013-10-02 18,18,12386,3,-1
2013-10-02 19,19,12382,3,-1
2013-10-02 20,20,12042,3,-1
2013-10-02 21,21,11633,3,-1
2013-10-02 22,22,10912,3,-1
2013-10-02 23,23,10154,3,-1
2013-10-03 00,0,9585,4,-1
2013-10-03 01,1,9214,4,-1
2013-10-03 02,2,8942,4,-1
2013-10-03 03,3,8879,4,-1
2013-10-03 04,4,8911,4,-1
2013-10-03 05,5,9221,4,-1
2013-10-03 06,6,9426,4,-1
2013-10-03 07,7,10165,4,-1
2013-10-03 08,8,11101,4,-1
2013-10-03 09,9,11932,4,-1
2013-10-03 10,10,12152,4,-1
2013-10-03 11,11,12001,4,-1
2013-10-03 12,12,11728,4,-1
2013-10-03 13,13,11707,4,-1
2013-10-03 14,14,11712,4,-1
2013-10-03 15,15,11809,4,-1
2013-10-03 16,16,12183,4,-1
2013-10-03 17,17,12631,4,-1
2013-10-03 18,18,12729,4,-1
2013-10-03 19,19,12640,4,-1
2013-10-03 20,20,12416,4,-1
2013-10-03 21,21,11830,4,-1
2013-10-03 22,22,11292,4,-1
2013-10-03 23,23,10437,4,-1
2013-10-04 00,0,9958,5,1
2013-10-04 01,1,9643,5,1
2013-10-04 02,2,9506,5,1
2013-10-04 03,3,9307,5,1
2013-10-04 04,4,9477,5,1
2013-10-04 05,5,9791,5,1
2013-10-04 06,6,9919,5,1
2013-10-04 07,7,10779,5,1
2013-10-04 08,8,11862,5,1
2013-10-04 09,9,12940,5,1
2013-10-04 10,10,13319,5,1
2013-10-04 11,11,13128,5,1
2013-10-04 12,12,13181,5,1
2013-10-04 13,13,13255,5,1
2013-10-04 14,14,13258,5,1
2013-10-04 15,15,13349,5,1
2013-10-04 16,16,13472,5,1
2013-10-04 17,17,13661,5,1
2013-10-04 18,18,13761,5,1
2013-10-04 19,19,13701,5,1
2013-10-04 20,20,13298,5,1
2013-10-04 21,21,12608,5,1
2013-10-04 22,22,12123,5,1
2013-10-04 23,23,11200,5,1
2013-10-05 00,0,10683,6,1
2013-10-05 01,1,10431,6,1
2013-10-05 02,2,10098,6,1
2013-10-05 03,3,10005,6,1
2013-10-05 04,4,10126,6,1
2013-10-05 05,5,10366,6,1
2013-10-05 06,6,10560,6,1
2013-10-05 07,7,11435,6,1
2013-10-05 08,8,12767,6,1
2013-10-05 09,9,13773,6,1
2013-10-05 10,10,14075,6,1
2013-10-05 11,11,13823,6,1
2013-10-05 12,12,13527,6,1
2013-10-05 13,13,13802,6,1
2013-10-05 14,14,13741,6,1
2013-10-05 15,15,13902,6,1
2013-10-05 16,16,14102,6,1
2013-10-05 17,17,14377,6,1
2013-10-05 18,18,14387,6,1
2013-10-05 19,19,14303,6,1
2013-10-05 20,20,14077,6,1
2013-10-05 21,21,13166,6,1
2013-10-05 22,22,12441,6,1
2013-10-05 23,23,11742,6,1
2013-10-06 00,0,11101,7,1
2013-10-06 01,1,10783,7,1
2013-10-06 02,2,10469,7,1
2013-10-06 03,3,10384,7,1
2013-10-06 04,4,10464,7,1
2013-10-06 05,5,10862,7,1
2013-10-06 06,6,11026,7,1
2013-10-06 07,7,12072,7,1
2013-10-06 08,8,13372,7,1
2013-10-06 09,9,14649,7,1
2013-10-06 10,10,14784,7,1
2013-10-06 11,11,14432,7,1
2013-10-06 12,12,14142,7,1
2013-10-06 13,13,14436,7,1
2013-10-06 14,14,14222,7,1
2013-10-06 15,15,14314,7,1
2013-10-06 16,16,14476,7,1
2013-10-06 17,17,14533,7,1
2013-10-06 18,18,14699,7,1
2013-10-06 19,19,14712,7,1
2013-10-06 20,20,14269,7,1
2013-10-06 21,21,13711,7,1
2013-10-06 22,22,13001,7,1
2013-10-06 23,23,12216,7,1
2013-10-07 00,0,11394,1,1
2013-10-07 01,1,11025,1,1
2013-10-07 02,2,10783,1,1
2013-10-07 03,3,10663,1,1
2013-10-07 04,4,10864,1,1
2013-10-07 05,5,11087,1,1
2013-10-07 06,6,11375,1,1
2013-10-07 07,7,12317,1,1
2013-10-07 08,8,14034,1,1
2013-10-07 09,9,14933,1,1
2013-10-07 10,10,14982,1,1
2013-10-07 11,11,14737,1,1
2013-10-07 12,12,14446,1,1
2013-10-07 13,13,14646,1,1
2013-10-07 14,14,14575,1,1
2013-10-07 15,15,14693,1,1
2013-10-07 16,16,14735,1,1
2013-10-07 17,17,14898,1,1
2013-10-07 18,18,14992,1,1
2013-10-07 19,19,14899,1,1
2013-10-07 20,20,14600,1,1
2013-10-07 21,21,13669,1,1
2013-10-07 22,22,13209,1,1
2013-10-07 23,23,12220,1,1
2013-10-08 00,0,11583,2,0
2013-10-08 01,1,10967,2,0
2013-10-08 02,2,10717,2,0
2013-10-08 03,3,10639,2,0
2013-10-08 04,4,10819,2,0
2013-10-08 05,5,11167,2,0
2013-10-08 06,6,11934,2,0
2013-10-08 07,7,13643,2,0
2013-10-08 08,8,15557,2,0
2013-10-08 09,9,16664,2,0
2013-10-08 10,10,16988,2,0
2013-10-08 11,11,16597,2,0
2013-10-08 12,12,16367,2,0
2013-10-08 13,13,16628,2,0
2013-10-08 14,14,16483,2,0
2013-10-08 15,15,16655,2,0
2013-10-08 16,16,16742,2,0
2013-10-08 17,17,16642,2,0
2013-10-08 18,18,16693,2,0
2013-10-08 19,19,16372,2,0
2013-10-08 20,20,15708,2,0
2013-10-08 21,21,14818,2,0
2013-10-08 22,22,13887,2,0
2013-10-08 23,23,13138,2,0
2013-10-09 00,0,12395,3,0
2013-10-09 01,1,12045,3,0
2013-10-09 02,2,11623,3,0
2013-10-09 03,3,11565,3,0
2013-10-09 04,4,11688,3,0
2013-10-09 05,5,12215,3,0
2013-10-09 06,6,12652,3,0
2013-10-09 07,7,14173,3,0
2013-10-09 08,8,15856,3,0
2013-10-09 09,9,16785,3,0
2013-10-09 10,10,17018,3,0
2013-10-09 11,11,16644,3,0
2013-10-09 12,12,16400,3,0
2013-10-09 13,13,16725,3,0
2013-10-09 14,14,16738,3,0
2013-10-09 15,15,16760,3,0
2013-10-09 16,16,16756,3,0
2013-10-09 17,17,16638,3,0
2013-10-09 18,18,16643,3,0
2013-10-09 19,19,16329,3,0
2013-10-09 20,20,15700,3,0
2013-10-09 21,21,15233,3,0
2013-10-09 22,22,14278,3,0
2013-10-09 23,23,13486,3,0
2013-10-10 00,0,12823,4,0
2013-10-10 01,1,11743,4,0
2013-10-10 02,2,11460,4,0
2013-10-10 03,3,11216,4,0
2013-10-10 04,4,11417,4,0
2013-10-10 05,5,11979,4,0
2013-10-10 06,6,12621,4,0
2013-10-10 07,7,14119,4,0
2013-10-10 08,8,16040,4,0
2013-10-10 09,9,17217,4,0
2013-10-10 10,10,17322,4,0
2013-10-10 11,11,16830,4,0
2013-10-10 12,12,16532,4,0
2013-10-10 13,13,16684,4,0
2013-10-10 14,14,16631,4,0
2013-10-10 15,15,16655,4,0
2013-10-10 16,16,16639,4,0
2013-10-10 17,17,16390,4,0
2013-10-10 18,18,16387,4,0
2013-10-10 19,19,16127,4,0
2013-10-10 20,20,15522,4,0
2013-10-10 21,21,15121,4,0
2013-10-10 22,22,14022,4,0
2013-10-10 23,23,13094,4,0
2013-10-11 00,0,12307,5,0
2013-10-11 01,1,11931,5,0
2013-10-11 02,2,11571,5,0
2013-10-11 03,3,11499,5,0
2013-10-11 04,4,11726,5,0
2013-10-11 05,5,12192,5,0
2013-10-11 06,6,12864,5,0
2013-10-11 07,7,14678,5,0
2013-10-11 08,8,16674,5,0
2013-10-11 09,9,17583,5,0
2013-10-11 10,10,17747,5,0
2013-10-11 11,11,17432,5,0
2013-10-11 12,12,17143,5,0
2013-10-11 13,13,17101,5,0
2013-10-11 14,14,17103,5,0
2013-10-11 15,15,17080,5,0
2013-10-11 16,16,17053,5,0
2013-10-11 17,17,16757,5,0
2013-10-11 18,18,16753,5,0
2013-10-11 19,19,16306,5,0
2013-10-11 20,20,15686,5,0
2013-10-11 21,21,15286,5,0
2013-10-11 22,22,14328,5,0
2013-10-11 23,23,13420,5,0
2013-10-12 00,0,12492,6,0
2013-10-12 01,1,12005,6,0
2013-10-12 02,2,11741,6,0
2013-10-12 03,3,11569,6,0
2013-10-12 04,4,11666,6,0
2013-10-12 05,5,12204,6,0
2013-10-12 06,6,12723,6,0
2013-10-12 07,7,14563,6,0
2013-10-12 08,8,16254,6,0
2013-10-12 09,9,17136,6,0
2013-10-12 10,10,17443,6,0
2013-10-12 11,11,16937,6,0
2013-10-12 12,12,16865,6,0
2013-10-12 13,13,17008,6,0
2013-10-12 14,14,16937,6,0
2013-10-12 15,15,17071,6,0
2013-10-12 16,16,17155,6,0
2013-10-12 17,17,17003,6,0
2013-10-12 18,18,17024,6,0
2013-10-12 19,19,16502,6,0
2013-10-12 20,20,16018,6,0
2013-10-12 21,21,15561,6,0
2013-10-12 22,22,14596,6,0
2013-10-12 23,23,13526,6,0
2013-10-13 00,0,12640,7,1
2013-10-13 01,1,11858,7,1
2013-10-13 02,2,11347,7,1
2013-10-13 03,3,11155,7,1
2013-10-13 04,4,11168,7,1
2013-10-13 05,5,11395,7,1
2013-10-13 06,6,11626,7,1
2013-10-13 07,7,12986,7,1
2013-10-13 08,8,14389,7,1
2013-10-13 09,9,15393,7,1
2013-10-13 10,10,15410,7,1
2013-10-13 11,11,15281,7,1
2013-10-13 12,12,14887,7,1
2013-10-13 13,13,15094,7,1
2013-10-13 14,14,15098,7,1
2013-10-13 15,15,15023,7,1
2013-10-13 16,16,15165,7,1
2013-10-13 17,17,15126,7,1
2013-10-13 18,18,15170,7,1
2013-10-13 19,19,15125,7,1
2013-10-13 20,20,14906,7,1
2013-10-13 21,21,14619,7,1
2013-10-13 22,22,13776,7,1
2013-10-13 23,23,13015,7,1
2013-10-14 00,0,11958,1,0
2013-10-14 01,1,11425,1,0
2013-10-14 02,2,11150,1,0
2013-10-14 03,3,10837,1,0
2013-10-14 04,4,10932,1,0
2013-10-14 05,5,11693,1,0
2013-10-14 06,6,12581,1,0
2013-10-14 07,7,14388,1,0
2013-10-14 08,8,16570,1,0
2013-10-14 09,9,17632,1,0
2013-10-14 10,10,17887,1,0
2013-10-14 11,11,17554,1,0
2013-10-14 12,12,17312,1,0
2013-10-14 13,13,17713,1,0
2013-10-14 14,14,17691,1,0
2013-10-14 15,15,17642,1,0
2013-10-14 16,16,17653,1,0
2013-10-14 17,17,17141,1,0
2013-10-14 18,18,17136,1,0
2013-10-14 19,19,16447,1,0
2013-10-14 20,20,15989,1,0
2013-10-14 21,21,15409,1,0
2013-10-14 22,22,14580,1,0
2013-10-14 23,23,13724,1,0
2013-10-15 00,0,12653,2,0
2013-10-15 01,1,11581,2,0
2013-10-15 02,2,11218,2,0
2013-10-15 03,3,10761,2,0
2013-10-15 04,4,11047,2,0
2013-10-15 05,5,11816,2,0
2013-10-15 06,6,12532,2,0
2013-10-15 07,7,14370,2,0
2013-10-15 08,8,15968,2,0
2013-10-15 09,9,16621,2,0
2013-10-15 10,10,16718,2,0
2013-10-15 11,11,16218,2,0
2013-10-15 12,12,15945,2,0
2013-10-15 13,13,16229,2,0
2013-10-15 14,14,16107,2,0
2013-10-15 15,15,16112,2,0
2013-10-15 16,16,16145,2,0
2013-10-15 17,17,15877,2,0
2013-10-15 18,18,16071,2,0
2013-10-15 19,19,15748,2,0
2013-10-15 20,20,15269,2,0
2013-10-15 21,21,14706,2,0
2013-10-15 22,22,13951,2,0
2013-10-15 23,23,12938,2,0
2013-10-16 00,0,12139,3,0
2013-10-16 01,1,11615,3,0
2013-10-16 02,2,11271,3,0
2013-10-16 03,3,11099,3,0
2013-10-16 04,4,11180,3,0
2013-10-16 05,5,11829,3,0
2013-10-16 06,6,12283,3,0
2013-10-16 07,7,13648,3,0
2013-10-16 08,8,15520,3,0
2013-10-16 09,9,16246,3,0
2013-10-16 10,10,16524,3,0
2013-10-16 11,11,15793,3,0
2013-10-16 12,12,15415,3,0
2013-10-16 13,13,15790,3,0
2013-10-16 14,14,15757,3,0
2013-10-16 15,15,15801,3,0
2013-10-16 16,16,16033,3,0
2013-10-16 17,17,16081,3,0
2013-10-16 18,18,15931,3,0
2013-10-16 19,19,15668,3,0
2013-10-16 20,20,14802,3,0
2013-10-16 21,21,14393,3,0
2013-10-16 22,22,13476,3,0
2013-10-16 23,23,12779,3,0
2013-10-17 00,0,12020,4,0
2013-10-17 01,1,11515,4,0
2013-10-17 02,2,11339,4,0
2013-10-17 03,3,11182,4,0
2013-10-17 04,4,11211,4,0
2013-10-17 05,5,11743,4,0
2013-10-17 06,6,12382,4,0
2013-10-17 07,7,14162,4,0
2013-10-17 08,8,15688,4,0
2013-10-17 09,9,16459,4,0
2013-10-17 10,10,16564,4,0
2013-10-17 11,11,16327,4,0
2013-10-17 12,12,15841,4,0
2013-10-17 13,13,16169,4,0
2013-10-17 14,14,16096,4,0
2013-10-17 15,15,16173,4,0
2013-10-17 16,16,16303,4,0
2013-10-17 17,17,16294,4,0
2013-10-17 18,18,16230,4,0
2013-10-17 19,19,15795,4,0
2013-10-17 20,20,15318,4,0
2013-10-17 21,21,14656,4,0
2013-10-17 22,22,13867,4,0
2013-10-17 23,23,13086,4,0
2013-10-18 00,0,12107,5,0
2013-10-18 01,1,11582,5,0
2013-10-18 02,2,11321,5,0
2013-10-18 03,3,11156,5,0
2013-10-18 04,4,11335,5,0
2013-10-18 05,5,11926,5,0
2013-10-18 06,6,12492,5,0
2013-10-18 07,7,14168,5,0
2013-10-18 08,8,15824,5,0
2013-10-18 09,9,16508,5,0
2013-10-18 10,10,16713,5,0
2013-10-18 11,11,16118,5,0
2013-10-18 12,12,15942,5,0
2013-10-18 13,13,16093,5,0
2013-10-18 14,14,16057,5,0
2013-10-18 15,15,16194,5,0
2013-10-18 16,16,16260,5,0
2013-10-18 17,17,16198,5,0
2013-10-18 18,18,16057,5,0
2013-10-18 19,19,15787,5,0
2013-10-18 20,20,15266,5,0
2013-10-18 21,21,14711,5,0
2013-10-18 22,22,14019,5,0
2013-10-18 23,23,12987,5,0
2013-10-19 00,0,12134,6,1
2013-10-19 01,1,11578,6,1
2013-10-19 02,2,11268,6,1
2013-10-19 03,3,10924,6,1
2013-10-19 04,4,11041,6,1
2013-10-19 05,5,11199,6,1
2013-10-19 06,6,11712,6,1
2013-10-19 07,7,12986,6,1
2013-10-19 08,8,14482,6,1
2013-10-19 09,9,15196,6,1
2013-10-19 10,10,15421,6,1
2013-10-19 11,11,15125,6,1
2013-10-19 12,12,14818,6,1
2013-10-19 13,13,14967,6,1
2013-10-19 14,14,14831,6,1
2013-10-19 15,15,15008,6,1
2013-10-19 16,16,15179,6,1
2013-10-19 17,17,15306,6,1
2013-10-19 18,18,15261,6,1
2013-10-19 19,19,15014,6,1
2013-10-19 20,20,14671,6,1
2013-10-19 21,21,14282,6,1
2013-10-19 22,22,13416,6,1
2013-10-19 23,23,12537,6,1
2013-10-20 00,0,11698,7,1
2013-10-20 01,1,11114,7,1
2013-10-20 02,2,10795,7,1
2013-10-20 03,3,10645,7,1
2013-10-20 04,4,10769,7,1
2013-10-20 05,5,10979,7,1
2013-10-20 06,6,11261,7,1
2013-10-20 07,7,12338,7,1
2013-10-20 08,8,13234,7,1
2013-10-20 09,9,13926,7,1
2013-10-20 10,10,14216,7,1
2013-10-20 11,11,13927,7,1
2013-10-20 12,12,13628,7,1
2013-10-20 13,13,13722,7,1
2013-10-20 14,14,13675,7,1
2013-10-20 15,15,13736,7,1
2013-10-20 16,16,14030,7,1
2013-10-20 17,17,14418,7,1
2013-10-20 18,18,14450,7,1
2013-10-20 19,19,14230,7,1
2013-10-20 20,20,14065,7,1
2013-10-20 21,21,13691,7,1
2013-10-20 22,22,13026,7,1
2013-10-20 23,23,11958,7,1
2013-10-21 00,0,11275,1,0
2013-10-21 01,1,10809,1,0
2013-10-21 02,2,10462,1,0
2013-10-21 03,3,10308,1,0
2013-10-21 04,4,10560,1,0
2013-10-21 05,5,11197,1,0
2013-10-21 06,6,11984,1,0
2013-10-21 07,7,13807,1,0
2013-10-21 08,8,15513,1,0
2013-10-21 09,9,16459,1,0
2013-10-21 10,10,16590,1,0
2013-10-21 11,11,16116,1,0
2013-10-21 12,12,15759,1,0
2013-10-21 13,13,15997,1,0
2013-10-21 14,14,15935,1,0
2013-10-21 15,15,16167,1,0
2013-10-21 16,16,16233,1,0
2013-10-21 17,17,16214,1,0
2013-10-21 18,18,16215,1,0
2013-10-21 19,19,15836,1,0
2013-10-21 20,20,15343,1,0
2013-10-21 21,21,14841,1,0
2013-10-21 22,22,14064,1,0
2013-10-21 23,23,12974,1,0
2013-10-22 00,0,12047,2,0
2013-10-22 01,1,11622,2,0
2013-10-22 02,2,11299,2,0
2013-10-22 03,3,10969,2,0
2013-10-22 04,4,11178,2,0
2013-10-22 05,5,11872,2,0
2013-10-22 06,6,12519,2,0
2013-10-22 07,7,14131,2,0
2013-10-22 08,8,15723,2,0
2013-10-22 09,9,16582,2,0
2013-10-22 10,10,16634,2,0
2013-10-22 11,11,16123,2,0
2013-10-22 12,12,15833,2,0
2013-10-22 13,13,16065,2,0
2013-10-22 14,14,15971,2,0
2013-10-22 15,15,16059,2,0
2013-10-22 16,16,16129,2,0
2013-10-22 17,17,16256,2,0
2013-10-22 18,18,16226,2,0
2013-10-22 19,19,15831,2,0
2013-10-22 20,20,15273,2,0
2013-10-22 21,21,14771,2,0
2013-10-22 22,22,14016,2,0
2013-10-22 23,23,13069,2,0
2013-10-23 00,0,12132,3,0
2013-10-23 01,1,11646,3,0
2013-10-23 02,2,11328,3,0
2013-10-23 03,3,11068,3,0
2013-10-23 04,4,11303,3,0
2013-10-23 05,5,11896,3,0
2013-10-23 06,6,12532,3,0
2013-10-23 07,7,14213,3,0
2013-10-23 08,8,15779,3,0
2013-10-23 09,9,16492,3,0
2013-10-23 10,10,16687,3,0
2013-10-23 11,11,16159,3,0
2013-10-23 12,12,15983,3,0
2013-10-23 13,13,16053,3,0
2013-10-23 14,14,15993,3,0
2013-10-23 15,15,16043,3,0
2013-10-23 16,16,16122,3,0
2013-10-23 17,17,16237,3,0
2013-10-23 18,18,16209,3,0
2013-10-23 19,19,15814,3,0
2013-10-23 20,20,15278,3,0
2013-10-23 21,21,14756,3,0
2013-10-23 22,22,14039,3,0
2013-10-23 23,23,13045,3,0
2013-10-24 00,0,12136,4,0
2013-10-24 01,1,11654,4,0
2013-10-24 02,2,11257,4,0
2013-10-24 03,3,11171,4,0
2013-10-24 04,4,11322,4,0
2013-10-24 05,5,11918,4,0
2013-10-24 06,6,12543,4,0
2013-10-24 07,7,14143,4,0
2013-10-24 08,8,15788,4,0
2013-10-24 09,9,16440,4,0
2013-10-24 10,10,16621,4,0
2013-10-24 11,11,16161,4,0
2013-10-24 12,12,15773,4,0
2013-10-24 13,13,15960,4,0
2013-10-24 14,14,15964,4,0
2013-10-24 15,15,16038,4,0
2013-10-24 16,16,16243,4,0
2013-10-24 17,17,16434,4,0
2013-10-24 18,18,16421,4,0
2013-10-24 19,19,16051,4,0
2013-10-24 20,20,15478,4,0
2013-10-24 21,21,14956,4,0
2013-10-24 22,22,14111,4,0
2013-10-24 23,23,12959,4,0
2013-10-25 00,0,12104,5,0
2013-10-25 01,1,11671,5,0
2013-10-25 02,2,11286,5,0
2013-10-25 03,3,11060,5,0
2013-10-25 04,4,11314,5,0
2013-10-25 05,5,11888,5,0
2013-10-25 06,6,12471,5,0
2013-10-25 07,7,14094,5,0
2013-10-25 08,8,15876,5,0
2013-10-25 09,9,16536,5,0
2013-10-25 10,10,16703,5,0
2013-10-25 11,11,16118,5,0
2013-10-25 12,12,15807,5,0
2013-10-25 13,13,16150,5,0
2013-10-25 14,14,15855,5,0
2013-10-25 15,15,16104,5,0
2013-10-25 16,16,16263,5,0
2013-10-25 17,17,16223,5,0
2013-10-25 18,18,16295,5,0
2013-10-25 19,19,15865,5,0
2013-10-25 20,20,15414,5,0
2013-10-25 21,21,14931,5,0
2013-10-25 22,22,14239,5,0
2013-10-25 23,23,13156,5,0
2013-10-26 00,0,12201,6,1
2013-10-26 01,1,11820,6,1
2013-10-26 02,2,11454,6,1
2013-10-26 03,3,11091,6,1
2013-10-26 04,4,11150,6,1
2013-10-26 05,5,11559,6,1
2013-10-26 06,6,11977,6,1
2013-10-26 07,7,13179,6,1
2013-10-26 08,8,14473,6,1
2013-10-26 09,9,15115,6,1
2013-10-26 10,10,15300,6,1
2013-10-26 11,11,14922,6,1
2013-10-26 12,12,14543,6,1
2013-10-26 13,13,14635,6,1
2013-10-26 14,14,14582,6,1
2013-10-26 15,15,14896,6,1
2013-10-26 16,16,15120,6,1
2013-10-26 17,17,15441,6,1
2013-10-26 18,18,15271,6,1
2013-10-26 19,19,15019,6,1
2013-10-26 20,20,14714,6,1
2013-10-26 21,21,14364,6,1
2013-10-26 22,22,13654,6,1
2013-10-26 23,23,12738,6,1
2013-10-27 00,0,11795,7,1
2013-10-27 01,1,11448,7,1
2013-10-27 02,2,10948,7,1
2013-10-27 03,3,10718,7,1
2013-10-27 04,4,10787,7,1
2013-10-27 05,5,11173,7,1
2013-10-27 06,6,11315,7,1
2013-10-27 07,7,12287,7,1
2013-10-27 08,8,13216,7,1
2013-10-27 09,9,13927,7,1
2013-10-27 10,10,14037,7,1
2013-10-27 11,11,13893,7,1
2013-10-27 12,12,13532,7,1
2013-10-27 13,13,13636,7,1
2013-10-27 14,14,13590,7,1
2013-10-27 15,15,13788,7,1
2013-10-27 16,16,14162,7,1
2013-10-27 17,17,14636,7,1
2013-10-27 18,18,14501,7,1
2013-10-27 19,19,14351,7,1
2013-10-27 20,20,14053,7,1
2013-10-27 21,21,13731,7,1
2013-10-27 22,22,13012,7,1
2013-10-27 23,23,12004,7,1
2013-10-28 00,0,11278,1,0
2013-10-28 01,1,10818,1,0
2013-10-28 02,2,10465,1,0
2013-10-28 03,3,10284,1,0
2013-10-28 04,4,10604,1,0
2013-10-28 05,5,11256,1,0
2013-10-28 06,6,12065,1,0
2013-10-28 07,7,13769,1,0
2013-10-28 08,8,15490,1,0
2013-10-28 09,9,16403,1,0
2013-10-28 10,10,16376,1,0
2013-10-28 11,11,15784,1,0
2013-10-28 12,12,15577,1,0
2013-10-28 13,13,15852,1,0
2013-10-28 14,14,15798,1,0
2013-10-28 15,15,15959,1,0
2013-10-28 16,16,16138,1,0
2013-10-28 17,17,16308,1,0
2013-10-28 18,18,16314,1,0
2013-10-28 19,19,15891,1,0
2013-10-28 20,20,15349,1,0
2013-10-28 21,21,15042,1,0
2013-10-28 22,22,14270,1,0
2013-10-28 23,23,13158,1,0
2013-10-29 00,0,12160,2,0
2013-10-29 01,1,11631,2,0
2013-10-29 02,2,11234,2,0
2013-10-29 03,3,11104,2,0
2013-10-29 04,4,11361,2,0
2013-10-29 05,5,11870,2,0
2013-10-29 06,6,12639,2,0
2013-10-29 07,7,14136,2,0
2013-10-29 08,8,15711,2,0
2013-10-29 09,9,16595,2,0
2013-10-29 10,10,16555,2,0
2013-10-29 11,11,16258,2,0
2013-10-29 12,12,15744,2,0
2013-10-29 13,13,16097,2,0
2013-10-29 14,14,16045,2,0
2013-10-29 15,15,16084,2,0
2013-10-29 16,16,16220,2,0
2013-10-29 17,17,16455,2,0
2013-10-29 18,18,16438,2,0
2013-10-29 19,19,16047,2,0
2013-10-29 20,20,15712,2,0
2013-10-29 21,21,15165,2,0
2013-10-29 22,22,14311,2,0
2013-10-29 23,23,13320,2,0
2013-10-30 00,0,12357,3,0
2013-10-30 01,1,11738,3,0
2013-10-30 02,2,11419,3,0
2013-10-30 03,3,11229,3,0
2013-10-30 04,4,11416,3,0
2013-10-30 05,5,12061,3,0
2013-10-30 06,6,12676,3,0
2013-10-30 07,7,14125,3,0
2013-10-30 08,8,15932,3,0
2013-10-30 09,9,16763,3,0
2013-10-30 10,10,16819,3,0
2013-10-30 11,11,16088,3,0
2013-10-30 12,12,15893,3,0
2013-10-30 13,13,16048,3,0
2013-10-30 14,14,16076,3,0
2013-10-30 15,15,16170,3,0
2013-10-30 16,16,16225,3,0
2013-10-30 17,17,16522,3,0
2013-10-30 18,18,16410,3,0
2013-10-30 19,19,15946,3,0
2013-10-30 20,20,15493,3,0
2013-10-30 21,21,15153,3,0
2013-10-30 22,22,14298,3,0
2013-10-30 23,23,13224,3,0
2013-10-31 00,0,12216,4,0
2013-10-31 01,1,11738,4,0
2013-10-31 02,2,11400,4,0
2013-10-31 03,3,11231,4,0
2013-10-31 04,4,11350,4,0
2013-10-31 05,5,11957,4,0
2013-10-31 06,6,12623,4,0
2013-10-31 07,7,14131,4,0
2013-10-31 08,8,15801,4,0
2013-10-31 09,9,16699,4,0
2013-10-31 10,10,16729,4,0
2013-10-31 11,11,16270,4,0
2013-10-31 12,12,15870,4,0
2013-10-31 13,13,16091,4,0
2013-10-31 14,14,15946,4,0
2013-10-31 15,15,16193,4,0
2013-10-31 16,16,16314,4,0
2013-10-31 17,17,16455,4,0
2013-10-31 18,18,16282,4,0
2013-10-31 19,19,15927,4,0
2013-10-31 20,20,15448,4,0
2013-10-31 21,21,15043,4,0
2013-10-31 22,22,14191,4,0
2013-10-31 23,23,13215,4,0
2013-11-01 00,0,12163,5,0
2013-11-01 01,1,11803,5,0
2013-11-01 02,2,11407,5,0
2013-11-01 03,3,11226,5,0
2013-11-01 04,4,11353,5,0
2013-11-01 05,5,11976,5,0
2013-11-01 06,6,12586,5,0
2013-11-01 07,7,14210,5,0
2013-11-01 08,8,15801,5,0
2013-11-01 09,9,16536,5,0
2013-11-01 10,10,16542,5,0
2013-11-01 11,11,16261,5,0
2013-11-01 12,12,15886,5,0
2013-11-01 13,13,16050,5,0
2013-11-01 14,14,15966,5,0
2013-11-01 15,15,16139,5,0
2013-11-01 16,16,16292,5,0
2013-11-01 17,17,16415,5,0
2013-11-01 18,18,16355,5,0
2013-11-01 19,19,15875,5,0
2013-11-01 20,20,15509,5,0
2013-11-01 21,21,15041,5,0
2013-11-01 22,22,14317,5,0
2013-11-01 23,23,13341,5,0
2013-11-02 00,0,12268,6,1
2013-11-02 01,1,11740,6,1
2013-11-02 02,2,11404,6,1
2013-11-02 03,3,10990,6,1
2013-11-02 04,4,11009,6,1
2013-11-02 05,5,11442,6,1
2013-11-02 06,6,11933,6,1
2013-11-02 07,7,13276,6,1
2013-11-02 08,8,14553,6,1
2013-11-02 09,9,15254,6,1
2013-11-02 10,10,15516,6,1
2013-11-02 11,11,15223,6,1
2013-11-02 12,12,14572,6,1
2013-11-02 13,13,14884,6,1
2013-11-02 14,14,14703,6,1
2013-11-02 15,15,14901,6,1
2013-11-02 16,16,15140,6,1
2013-11-02 17,17,15503,6,1
2013-11-02 18,18,15386,6,1
2013-11-02 19,19,15149,6,1
2013-11-02 20,20,14860,6,1
2013-11-02 21,21,14495,6,1
2013-11-02 22,22,13735,6,1
2013-11-02 23,23,12862,6,1
2013-11-03 00,0,11807,7,1
2013-11-03 01,1,11429,7,1
2013-11-03 02,2,11135,7,1
2013-11-03 03,3,10729,7,1
2013-11-03 04,4,10631,7,1
2013-11-03 05,5,11273,7,1
2013-11-03 06,6,11450,7,1
2013-11-03 07,7,12335,7,1
2013-11-03 08,8,13220,7,1
2013-11-03 09,9,13997,7,1
2013-11-03 10,10,14072,7,1
2013-11-03 11,11,13941,7,1
2013-11-03 12,12,13572,7,1
2013-11-03 13,13,13702,7,1
2013-11-03 14,14,13541,7,1
2013-11-03 15,15,13753,7,1
2013-11-03 16,16,14146,7,1
2013-11-03 17,17,14675,7,1
2013-11-03 18,18,14471,7,1
2013-11-03 19,19,14399,7,1
2013-11-03 20,20,14097,7,1
2013-11-03 21,21,13803,7,1
2013-11-03 22,22,13070,7,1
2013-11-03 23,23,12178,7,1
2013-11-04 00,0,11633,1,0
2013-11-04 01,1,10806,1,0
2013-11-04 02,2,10540,1,0
2013-11-04 03,3,10407,1,0
2013-11-04 04,4,10576,1,0
2013-11-04 05,5,11353,1,0
2013-11-04 06,6,12121,1,0
2013-11-04 07,7,13829,1,0
2013-11-04 08,8,15707,1,0
2013-11-04 09,9,16311,1,0
2013-11-04 10,10,16500,1,0
2013-11-04 11,11,15762,1,0
2013-11-04 12,12,15569,1,0
2013-11-04 13,13,15991,1,0
2013-11-04 14,14,15834,1,0
2013-11-04 15,15,16051,1,0
2013-11-04 16,16,16190,1,0
2013-11-04 17,17,16360,1,0
2013-11-04 18,18,16399,1,0
2013-11-04 19,19,15861,1,0
2013-11-04 20,20,15374,1,0
2013-11-04 21,21,14987,1,0
2013-11-04 22,22,14288,1,0
2013-11-04 23,23,13130,1,0
2013-11-05 00,0,12169,2,0
2013-11-05 01,1,11693,2,0
2013-11-05 02,2,11432,2,0
2013-11-05 03,3,11288,2,0
2013-11-05 04,4,11350,2,0
2013-11-05 05,5,12079,2,0
2013-11-05 06,6,12590,2,0
2013-11-05 07,7,14159,2,0
2013-11-05 08,8,15723,2,0
2013-11-05 09,9,16467,2,0
2013-11-05 10,10,16525,2,0
2013-11-05 11,11,16092,2,0
2013-11-05 12,12,15696,2,0
2013-11-05 13,13,16036,2,0
2013-11-05 14,14,15975,2,0
2013-11-05 15,15,16054,2,0
2013-11-05 16,16,16193,2,0
2013-11-05 17,17,16560,2,0
2013-11-05 18,18,16355,2,0
2013-11-05 19,19,15962,2,0
2013-11-05 20,20,15523,2,0
2013-11-05 21,21,15072,2,0
2013-11-05 22,22,14278,2,0
2013-11-05 23,23,13331,2,0
2013-11-06 00,0,12161,3,0
2013-11-06 01,1,11677,3,0
2013-11-06 02,2,11314,3,0
2013-11-06 03,3,11289,3,0
2013-11-06 04,4,11462,3,0
2013-11-06 05,5,12021,3,0
2013-11-06 06,6,12643,3,0
2013-11-06 07,7,14354,3,0
2013-11-06 08,8,15994,3,0
2013-11-06 09,9,16615,3,0
2013-11-06 10,10,16689,3,0
2013-11-06 11,11,16313,3,0
2013-11-06 12,12,15760,3,0
2013-11-06 13,13,16010,3,0
2013-11-06 14,14,16039,3,0
2013-11-06 15,15,16174,3,0
2013-11-06 16,16,16392,3,0
2013-11-06 17,17,16645,3,0
2013-11-06 18,18,16417,3,0
2013-11-06 19,19,15972,3,0
2013-11-06 20,20,15576,3,0
2013-11-06 21,21,15065,3,0
2013-11-06 22,22,14214,3,0
2013-11-06 23,23,13152,3,0
2013-11-07 00,0,12231,4,0
2013-11-07 01,1,11741,4,0
2013-11-07 02,2,11400,4,0
2013-11-07 03,3,11347,4,0
2013-11-07 04,4,11422,4,0
2013-11-07 05,5,12027,4,0
2013-11-07 06,6,12780,4,0
2013-11-07 07,7,14064,4,0
2013-11-07 08,8,15818,4,0
2013-11-07 09,9,16366,4,0
2013-11-07 10,10,16669,4,0
2013-11-07 11,11,16129,4,0
2013-11-07 12,12,15797,4,0
2013-11-07 13,13,16059,4,0
2013-11-07 14,14,16010,4,0
2013-11-07 15,15,16113,4,0
2013-11-07 16,16,16301,4,0
2013-11-07 17,17,16443,4,0
2013-11-07 18,18,16251,4,0
2013-11-07 19,19,15834,4,0
2013-11-07 20,20,15507,4,0
2013-11-07 21,21,15050,4,0
2013-11-07 22,22,14187,4,0
2013-11-07 23,23,13132,4,0
2013-11-08 00,0,12207,5,0
2013-11-08 01,1,11661,5,0
2013-11-08 02,2,11309,5,0
2013-11-08 03,3,11219,5,0
2013-11-08 04,4,11417,5,0
2013-11-08 05,5,11986,5,0
2013-11-08 06,6,12588,5,0
2013-11-08 07,7,14246,5,0
2013-11-08 08,8,15762,5,0
2013-11-08 09,9,16604,5,0
2013-11-08 10,10,16698,5,0
2013-11-08 11,11,16231,5,0
2013-11-08 12,12,15856,5,0
2013-11-08 13,13,16002,5,0
2013-11-08 14,14,16051,5,0
2013-11-08 15,15,16189,5,0
2013-11-08 16,16,16337,5,0
2013-11-08 17,17,16619,5,0
2013-11-08 18,18,16368,5,0
2013-11-08 19,19,15980,5,0
2013-11-08 20,20,15513,5,0
2013-11-08 21,21,15024,5,0
2013-11-08 22,22,14322,5,0
2013-11-08 23,23,13253,5,0
2013-11-09 00,0,12305,6,1
2013-11-09 01,1,11874,6,1
2013-11-09 02,2,11451,6,1
2013-11-09 03,3,11101,6,1
2013-11-09 04,4,11298,6,1
2013-11-09 05,5,11661,6,1
2013-11-09 06,6,11954,6,1
2013-11-09 07,7,13166,6,1
2013-11-09 08,8,14660,6,1
2013-11-09 09,9,15434,6,1
2013-11-09 10,10,15609,6,1
2013-11-09 11,11,15382,6,1
2013-11-09 12,12,15226,6,1
2013-11-09 13,13,15288,6,1
2013-11-09 14,14,15155,6,1
2013-11-09 15,15,15387,6,1
2013-11-09 16,16,15579,6,1
2013-11-09 17,17,15822,6,1
2013-11-09 18,18,15541,6,1
2013-11-09 19,19,15250,6,1
2013-11-09 20,20,15058,6,1
2013-11-09 21,21,14574,6,1
2013-11-09 22,22,13909,6,1
2013-11-09 23,23,13043,6,1
2013-11-10 00,0,11994,7,1
2013-11-10 01,1,11588,7,1
2013-11-10 02,2,11178,7,1
2013-11-10 03,3,10929,7,1
2013-11-10 04,4,10998,7,1
2013-11-10 05,5,11244,7,1
2013-11-10 06,6,11288,7,1
2013-11-10 07,7,12217,7,1
2013-11-10 08,8,13411,7,1
2013-11-10 09,9,14016,7,1
2013-11-10 10,10,14338,7,1
2013-11-10 11,11,14104,7,1
2013-11-10 12,12,13781,7,1
2013-11-10 13,13,13867,7,1
2013-11-10 14,14,13712,7,1
2013-11-10 15,15,14059,7,1
2013-11-10 16,16,14542,7,1
2013-11-10 17,17,14818,7,1
2013-11-10 18,18,14670,7,1
2013-11-10 19,19,14359,7,1
2013-11-10 20,20,14078,7,1
2013-11-10 21,21,13616,7,1
2013-11-10 22,22,13146,7,1
2013-11-10 23,23,12151,7,1
2013-11-11 00,0,11442,1,0
2013-11-11 01,1,10887,1,0
2013-11-11 02,2,10559,1,0
2013-11-11 03,3,10429,1,0
2013-11-11 04,4,10618,1,0
2013-11-11 05,5,11326,1,0
2013-11-11 06,6,12163,1,0
2013-11-11 07,7,13906,1,0
2013-11-11 08,8,15621,1,0
2013-11-11 09,9,16447,1,0
2013-11-11 10,10,16620,1,0
2013-11-11 11,11,16546,1,0
2013-11-11 12,12,15928,1,0
2013-11-11 13,13,16080,1,0
2013-11-11 14,14,15979,1,0
2013-11-11 15,15,16231,1,0
2013-11-11 16,16,16383,1,0
2013-11-11 17,17,16573,1,0
2013-11-11 18,18,16450,1,0
2013-11-11 19,19,15999,1,0
2013-11-11 20,20,15423,1,0
2013-11-11 21,21,14948,1,0
2013-11-11 22,22,14303,1,0
2013-11-11 23,23,13098,1,0
2013-11-12 00,0,12272,2,0
2013-11-12 01,1,11837,2,0
2013-11-12 02,2,11490,2,0
2013-11-12 03,3,11449,2,0
2013-11-12 04,4,11498,2,0
2013-11-12 05,5,12204,2,0
2013-11-12 06,6,12830,2,0
2013-11-12 07,7,14282,2,0
2013-11-12 08,8,15935,2,0
2013-11-12 09,9,16600,2,0
2013-11-12 10,10,16721,2,0
2013-11-12 11,11,16268,2,0
2013-11-12 12,12,16070,2,0
2013-11-12 13,13,16127,2,0
2013-11-12 14,14,16124,2,0
2013-11-12 15,15,16391,2,0
2013-11-12 16,16,16521,2,0
2013-11-12 17,17,16825,2,0
2013-11-12 18,18,16639,2,0
2013-11-12 19,19,16306,2,0
2013-11-12 20,20,15606,2,0
2013-11-12 21,21,15193,2,0
2013-11-12 22,22,14345,2,0
2013-11-12 23,23,13429,2,0
2013-11-13 00,0,12267,3,0
2013-11-13 01,1,11665,3,0
2013-11-13 02,2,11448,3,0
2013-11-13 03,3,11120,3,0
2013-11-13 04,4,11235,3,0
2013-11-13 05,5,11798,3,0
2013-11-13 06,6,12523,3,0
2013-11-13 07,7,14051,3,0
2013-11-13 08,8,15736,3,0
2013-11-13 09,9,16357,3,0
2013-11-13 10,10,16366,3,0
2013-11-13 11,11,15897,3,0
2013-11-13 12,12,15578,3,0
2013-11-13 13,13,15837,3,0
2013-11-13 14,14,15739,3,0
2013-11-13 15,15,15622,3,0
2013-11-13 16,16,16152,3,0
2013-11-13 17,17,16519,3,0
2013-11-13 18,18,16304,3,0
2013-11-13 19,19,15913,3,0
2013-11-13 20,20,15621,3,0
2013-11-13 21,21,15015,3,0
2013-11-13 22,22,14338,3,0
2013-11-13 23,23,13212,3,0
2013-11-14 00,0,12162,4,0
2013-11-14 01,1,11664,4,0
2013-11-14 02,2,11283,4,0
2013-11-14 03,3,11130,4,0
2013-11-14 04,4,11234,4,0
2013-11-14 05,5,11792,4,0
2013-11-14 06,6,12587,4,0
2013-11-14 07,7,14151,4,0
2013-11-14 08,8,15906,4,0
2013-11-14 09,9,16639,4,0
2013-11-14 10,10,16721,4,0
2013-11-14 11,11,16471,4,0
2013-11-14 12,12,16167,4,0
2013-11-14 13,13,16324,4,0
2013-11-14 14,14,16278,4,0
2013-11-14 15,15,16528,4,0
2013-11-14 16,16,16736,4,0
2013-11-14 17,17,16884,4,0
2013-11-14 18,18,16521,4,0
2013-11-14 19,19,16148,4,0
2013-11-14 20,20,15676,4,0
2013-11-14 21,21,15150,4,0
2013-11-14 22,22,14435,4,0
2013-11-14 23,23,13351,4,0
2013-11-15 00,0,12201,5,0
2013-11-15 01,1,11704,5,0
2013-11-15 02,2,11441,5,0
2013-11-15 03,3,11310,5,0
2013-11-15 04,4,11434,5,0
2013-11-15 05,5,12018,5,0
2013-11-15 06,6,12666,5,0
2013-11-15 07,7,14373,5,0
2013-11-15 08,8,15909,5,0
2013-11-15 09,9,16630,5,0
2013-11-15 10,10,16669,5,0
2013-11-15 11,11,16138,5,0
2013-11-15 12,12,15863,5,0
2013-11-15 13,13,16025,5,0
2013-11-15 14,14,15814,5,0
2013-11-15 15,15,16103,5,0
2013-11-15 16,16,16332,5,0
2013-11-15 17,17,16581,5,0
2013-11-15 18,18,16418,5,0
2013-11-15 19,19,15984,5,0
2013-11-15 20,20,15620,5,0
2013-11-15 21,21,15046,5,0
2013-11-15 22,22,14417,5,0
2013-11-15 23,23,13492,5,0
2013-11-16 00,0,12419,6,1
2013-11-16 01,1,11938,6,1
2013-11-16 02,2,11569,6,1
2013-11-16 03,3,11101,6,1
2013-11-16 04,4,11123,6,1
2013-11-16 05,5,11547,6,1
2013-11-16 06,6,12009,6,1
2013-11-16 07,7,13513,6,1
2013-11-16 08,8,14661,6,1
2013-11-16 09,9,15330,6,1
2013-11-16 10,10,15544,6,1
2013-11-16 11,11,15151,6,1
2013-11-16 12,12,14823,6,1
2013-11-16 13,13,14868,6,1
2013-11-16 14,14,14930,6,1
2013-11-16 15,15,14928,6,1
2013-11-16 16,16,15196,6,1
2013-11-16 17,17,15661,6,1
2013-11-16 18,18,15537,6,1
2013-11-16 19,19,15278,6,1
2013-11-16 20,20,15007,6,1
2013-11-16 21,21,14622,6,1
2013-11-16 22,22,13980,6,1
2013-11-16 23,23,13223,6,1
2013-11-17 00,0,12165,7,1
2013-11-17 01,1,11551,7,1
2013-11-17 02,2,11162,7,1
2013-11-17 03,3,10887,7,1
2013-11-17 04,4,10925,7,1
2013-11-17 05,5,11155,7,1
2013-11-17 06,6,11399,7,1
2013-11-17 07,7,12272,7,1
2013-11-17 08,8,13624,7,1
2013-11-17 09,9,14148,7,1
2013-11-17 10,10,14414,7,1
2013-11-17 11,11,14041,7,1
2013-11-17 12,12,13901,7,1
2013-11-17 13,13,13735,7,1
2013-11-17 14,14,13645,7,1
2013-11-17 15,15,13986,7,1
2013-11-17 16,16,14506,7,1
2013-11-17 17,17,14915,7,1
2013-11-17 18,18,14858,7,1
2013-11-17 19,19,14438,7,1
2013-11-17 20,20,14040,7,1
2013-11-17 21,21,13736,7,1
2013-11-17 22,22,13090,7,1
2013-11-17 23,23,12283,7,1
2013-11-18 00,0,11399,1,0
2013-11-18 01,1,11062,1,0
2013-11-18 02,2,10768,1,0
2013-11-18 03,3,10562,1,0
2013-11-18 04,4,10905,1,0
2013-11-18 05,5,11306,1,0
2013-11-18 06,6,12246,1,0
2013-11-18 07,7,13984,1,0
2013-11-18 08,8,15887,1,0
2013-11-18 09,9,16909,1,0
2013-11-18 10,10,17070,1,0
2013-11-18 11,11,16736,1,0
2013-11-18 12,12,16236,1,0
2013-11-18 13,13,16522,1,0
2013-11-18 14,14,16381,1,0
2013-11-18 15,15,16600,1,0
2013-11-18 16,16,16913,1,0
2013-11-18 17,17,17187,1,0
2013-11-18 18,18,17019,1,0
2013-11-18 19,19,16341,1,0
2013-11-18 20,20,15655,1,0
2013-11-18 21,21,15021,1,0
2013-11-18 22,22,14442,1,0
2013-11-18 23,23,13230,1,0
2013-11-19 00,0,12274,2,0
2013-11-19 01,1,11975,2,0
2013-11-19 02,2,11606,2,0
2013-11-19 03,3,11457,2,0
2013-11-19 04,4,11550,2,0
2013-11-19 05,5,11802,2,0
2013-11-19 06,6,12701,2,0
2013-11-19 07,7,14526,2,0
2013-11-19 08,8,16359,2,0
2013-11-19 09,9,17376,2,0
2013-11-19 10,10,17514,2,0
2013-11-19 11,11,17152,2,0
2013-11-19 12,12,16516,2,0
2013-11-19 13,13,16769,2,0
2013-11-19 14,14,16699,2,0
2013-11-19 15,15,16909,2,0
2013-11-19 16,16,17163,2,0
2013-11-19 17,17,17425,2,0
2013-11-19 18,18,17009,2,0
2013-11-19 19,19,16239,2,0
2013-11-19 20,20,15731,2,0
2013-11-19 21,21,15160,2,0
2013-11-19 22,22,14435,2,0
2013-11-19 23,23,13464,2,0
2013-11-20 00,0,12650,3,0
2013-11-20 01,1,12154,3,0
2013-11-20 02,2,11926,3,0
2013-11-20 03,3,11589,3,0
2013-11-20 04,4,11829,3,0
2013-11-20 05,5,12418,3,0
2013-11-20 06,6,13245,3,0
2013-11-20 07,7,15102,3,0
2013-11-20 08,8,16726,3,0
2013-11-20 09,9,17279,3,0
2013-11-20 10,10,17406,3,0
2013-11-20 11,11,16970,3,0
2013-11-20 12,12,16499,3,0
2013-11-20 13,13,16575,3,0
2013-11-20 14,14,16546,3,0
2013-11-20 15,15,16552,3,0
2013-11-20 16,16,17078,3,0
2013-11-20 17,17,17348,3,0
2013-11-20 18,18,17075,3,0
2013-11-20 19,19,16858,3,0
2013-11-20 20,20,16460,3,0
2013-11-20 21,21,16059,3,0
2013-11-20 22,22,15133,3,0
2013-11-20 23,23,14029,3,0
2013-11-21 00,0,12901,4,0
2013-11-21 01,1,12227,4,0
2013-11-21 02,2,11953,4,0
2013-11-21 03,3,11644,4,0
2013-11-21 04,4,11881,4,0
2013-11-21 05,5,12513,4,0
2013-11-21 06,6,13305,4,0
2013-11-21 07,7,14875,4,0
2013-11-21 08,8,16611,4,0
2013-11-21 09,9,17274,4,0
2013-11-21 10,10,17273,4,0
2013-11-21 11,11,16871,4,0
2013-11-21 12,12,16462,4,0
2013-11-21 13,13,16641,4,0
2013-11-21 14,14,16425,4,0
2013-11-21 15,15,16612,4,0
2013-11-21 16,16,17073,4,0
2013-11-21 17,17,17250,4,0
2013-11-21 18,18,17012,4,0
2013-11-21 19,19,16794,4,0
2013-11-21 20,20,16488,4,0
2013-11-21 21,21,16045,4,0
2013-11-21 22,22,15138,4,0
2013-11-21 23,23,13941,4,0
2013-11-22 00,0,12796,5,0
2013-11-22 01,1,12252,5,0
2013-11-22 02,2,11871,5,0
2013-11-22 03,3,11732,5,0
2013-11-22 04,4,11842,5,0
2013-11-22 05,5,12481,5,0
2013-11-22 06,6,13218,5,0
2013-11-22 07,7,14721,5,0
2013-11-22 08,8,16390,5,0
2013-11-22 09,9,17060,5,0
2013-11-22 10,10,17067,5,0
2013-11-22 11,11,16579,5,0
2013-11-22 12,12,16249,5,0
2013-11-22 13,13,16373,5,0
2013-11-22 14,14,16424,5,0
2013-11-22 15,15,16675,5,0
2013-11-22 16,16,16951,5,0
2013-11-22 17,17,17140,5,0
2013-11-22 18,18,16816,5,0
2013-11-22 19,19,16604,5,0
2013-11-22 20,20,16156,5,0
2013-11-22 21,21,15825,5,0
2013-11-22 22,22,15006,5,0
2013-11-22 23,23,13864,5,0
2013-11-23 00,0,12893,6,1
2013-11-23 01,1,12069,6,1
2013-11-23 02,2,11697,6,1
2013-11-23 03,3,11414,6,1
2013-11-23 04,4,11471,6,1
2013-11-23 05,5,11941,6,1
2013-11-23 06,6,12188,6,1
2013-11-23 07,7,13500,6,1
2013-11-23 08,8,14684,6,1
2013-11-23 09,9,15389,6,1
2013-11-23 10,10,15590,6,1
2013-11-23 11,11,15261,6,1
2013-11-23 12,12,14941,6,1
2013-11-23 13,13,15020,6,1
2013-11-23 14,14,14917,6,1
2013-11-23 15,15,15068,6,1
2013-11-23 16,16,15338,6,1
2013-11-23 17,17,15593,6,1
2013-11-23 18,18,15580,6,1
2013-11-23 19,19,15319,6,1
2013-11-23 20,20,14971,6,1
2013-11-23 21,21,14739,6,1
2013-11-23 22,22,14106,6,1
2013-11-23 23,23,13180,6,1
2013-11-24 00,0,12178,7,1
2013-11-24 01,1,11590,7,1
2013-11-24 02,2,11321,7,1
2013-11-24 03,3,11128,7,1
2013-11-24 04,4,11107,7,1
2013-11-24 05,5,11588,7,1
2013-11-24 06,6,11585,7,1
2013-11-24 07,7,12624,7,1
2013-11-24 08,8,13697,7,1
2013-11-24 09,9,14379,7,1
2013-11-24 10,10,14529,7,1
2013-11-24 11,11,14256,7,1
2013-11-24 12,12,14067,7,1
2013-11-24 13,13,13995,7,1
2013-11-24 14,14,13803,7,1
2013-11-24 15,15,14122,7,1
2013-11-24 16,16,14918,7,1
2013-11-24 17,17,15380,7,1
2013-11-24 18,18,15244,7,1
2013-11-24 19,19,14921,7,1
2013-11-24 20,20,14852,7,1
2013-11-24 21,21,14501,7,1
2013-11-24 22,22,13578,7,1
2013-11-24 23,23,12752,7,1
2013-11-25 00,0,11728,1,0
2013-11-25 01,1,11107,1,0
2013-11-25 02,2,10789,1,0
2013-11-25 03,3,10775,1,0
2013-11-25 04,4,11070,1,0
2013-11-25 05,5,11677,1,0
2013-11-25 06,6,12644,1,0
2013-11-25 07,7,14596,1,0
2013-11-25 08,8,16547,1,0
2013-11-25 09,9,17418,1,0
2013-11-25 10,10,17404,1,0
2013-11-25 11,11,16990,1,0
2013-11-25 12,12,16558,1,0
2013-11-25 13,13,16685,1,0
2013-11-25 14,14,16569,1,0
2013-11-25 15,15,16764,1,0
2013-11-25 16,16,17047,1,0
2013-11-25 17,17,17420,1,0
2013-11-25 18,18,17206,1,0
2013-11-25 19,19,16819,1,0
2013-11-25 20,20,16326,1,0
2013-11-25 21,21,15964,1,0
2013-11-25 22,22,15129,1,0
2013-11-25 23,23,13895,1,0
2013-11-26 00,0,12845,2,0
2013-11-26 01,1,12201,2,0
2013-11-26 02,2,11895,2,0
2013-11-26 03,3,11636,2,0
2013-11-26 04,4,11859,2,0
2013-11-26 05,5,12485,2,0
2013-11-26 06,6,13305,2,0
2013-11-26 07,7,15134,2,0
2013-11-26 08,8,16878,2,0
2013-11-26 09,9,17602,2,0
2013-11-26 10,10,17587,2,0
2013-11-26 11,11,17098,2,0
2013-11-26 12,12,16745,2,0
2013-11-26 13,13,16910,2,0
2013-11-26 14,14,16778,2,0
2013-11-26 15,15,17162,2,0
2013-11-26 16,16,17364,2,0
2013-11-26 17,17,17478,2,0
2013-11-26 18,18,17231,2,0
2013-11-26 19,19,17038,2,0
2013-11-26 20,20,16668,2,0
2013-11-26 21,21,16157,2,0
2013-11-26 22,22,15380,2,0
2013-11-26 23,23,14146,2,0
2013-11-27 00,0,12878,3,0
2013-11-27 01,1,12399,3,0
2013-11-27 02,2,11942,3,0
2013-11-27 03,3,11752,3,0
2013-11-27 04,4,11952,3,0
2013-11-27 05,5,12461,3,0
2013-11-27 06,6,13413,3,0
2013-11-27 07,7,15055,3,0
2013-11-27 08,8,16899,3,0
2013-11-27 09,9,17812,3,0
2013-11-27 10,10,17923,3,0
2013-11-27 11,11,17327,3,0
2013-11-27 12,12,17012,3,0
2013-11-27 13,13,17126,3,0
2013-11-27 14,14,16945,3,0
2013-11-27 15,15,17126,3,0
2013-11-27 16,16,17369,3,0
2013-11-27 17,17,17705,3,0
2013-11-27 18,18,17404,3,0
2013-11-27 19,19,17150,3,0
2013-11-27 20,20,16576,3,0
2013-11-27 21,21,16243,3,0
2013-11-27 22,22,15244,3,0
2013-11-27 23,23,14097,3,0
2013-11-28 00,0,13199,4,0
2013-11-28 01,1,12894,4,0
2013-11-28 02,2,12527,4,0
2013-11-28 03,3,12320,4,0
2013-11-28 04,4,12360,4,0
2013-11-28 05,5,13022,4,0
2013-11-28 06,6,13909,4,0
2013-11-28 07,7,16020,4,0
2013-11-28 08,8,18234,4,0
2013-11-28 09,9,18899,4,0
2013-11-28 10,10,19093,4,0
2013-11-28 11,11,18614,4,0
2013-11-28 12,12,18191,4,0
2013-11-28 13,13,18307,4,0
2013-11-28 14,14,18046,4,0
2013-11-28 15,15,18249,4,0
2013-11-28 16,16,18604,4,0
2013-11-28 17,17,18697,4,0
2013-11-28 18,18,18484,4,0
2013-11-28 19,19,18211,4,0
2013-11-28 20,20,17860,4,0
2013-11-28 21,21,17284,4,0
2013-11-28 22,22,16338,4,0
2013-11-28 23,23,15015,4,0
2013-11-29 00,0,13691,5,0
2013-11-29 01,1,13053,5,0
2013-11-29 02,2,12661,5,0
2013-11-29 03,3,12573,5,0
2013-11-29 04,4,12640,5,0
2013-11-29 05,5,13219,5,0
2013-11-29 06,6,14008,5,0
2013-11-29 07,7,16188,5,0
2013-11-29 08,8,18369,5,0
2013-11-29 09,9,19129,5,0
2013-11-29 10,10,19344,5,0
2013-11-29 11,11,18755,5,0
2013-11-29 12,12,18255,5,0
2013-11-29 13,13,18366,5,0
2013-11-29 14,14,18195,5,0
2013-11-29 15,15,18290,5,0
2013-11-29 16,16,18447,5,0
2013-11-29 17,17,18762,5,0
2013-11-29 18,18,18517,5,0
2013-11-29 19,19,18138,5,0
2013-11-29 20,20,17866,5,0
2013-11-29 21,21,17256,5,0
2013-11-29 22,22,16338,5,0
2013-11-29 23,23,15015,5,0
2013-11-30 00,0,13692,6,1
2013-11-30 01,1,12940,6,1
2013-11-30 02,2,12509,6,1
2013-11-30 03,3,12166,6,1
2013-11-30 04,4,12100,6,1
2013-11-30 05,5,12616,6,1
2013-11-30 06,6,12783,6,1
2013-11-30 07,7,14369,6,1
2013-11-30 08,8,15866,6,1
2013-11-30 09,9,16561,6,1
2013-11-30 10,10,16745,6,1
2013-11-30 11,11,16436,6,1
2013-11-30 12,12,15999,6,1
2013-11-30 13,13,16086,6,1
2013-11-30 14,14,15769,6,1
2013-11-30 15,15,16066,6,1
2013-11-30 16,16,16714,6,1
2013-11-30 17,17,17173,6,1
2013-11-30 18,18,16997,6,1
2013-11-30 19,19,16845,6,1
2013-11-30 20,20,16688,6,1
2013-11-30 21,21,16422,6,1
2013-11-30 22,22,15735,6,1
2013-11-30 23,23,14574,6,1
2013-12-01 00,0,13356,7,1
2013-12-01 01,1,12600,7,1
2013-12-01 02,2,12214,7,1
2013-12-01 03,3,11812,7,1
2013-12-01 04,4,11775,7,1
2013-12-01 05,5,12222,7,1
2013-12-01 06,6,12420,7,1
2013-12-01 07,7,13542,7,1
2013-12-01 08,8,14813,7,1
2013-12-01 09,9,15753,7,1
2013-12-01 10,10,16078,7,1
2013-12-01 11,11,15882,7,1
2013-12-01 12,12,15506,7,1
2013-12-01 13,13,15444,7,1
2013-12-01 14,14,15330,7,1
2013-12-01 15,15,15634,7,1
2013-12-01 16,16,16432,7,1
2013-12-01 17,17,16937,7,1
2013-12-01 18,18,16892,7,1
2013-12-01 19,19,16949,7,1
2013-12-01 20,20,16744,7,1
2013-12-01 21,21,16336,7,1
2013-12-01 22,22,15509,7,1
2013-12-01 23,23,14330,7,1
2013-12-02 00,0,13050,1,0
2013-12-02 01,1,11668,1,0
2013-12-02 02,2,11156,1,0
2013-12-02 03,3,11052,1,0
2013-12-02 04,4,11240,1,0
2013-12-02 05,5,11943,1,0
2013-12-02 06,6,12858,1,0
2013-12-02 07,7,15038,1,0
2013-12-02 08,8,17313,1,0
2013-12-02 09,9,18346,1,0
2013-12-02 10,10,18663,1,0
2013-12-02 11,11,18169,1,0
2013-12-02 12,12,17786,1,0
2013-12-02 13,13,17900,1,0
2013-12-02 14,14,17837,1,0
2013-12-02 15,15,17951,1,0
2013-12-02 16,16,18243,1,0
2013-12-02 17,17,18401,1,0
2013-12-02 18,18,18176,1,0
2013-12-02 19,19,17826,1,0
2013-12-02 20,20,17447,1,0
2013-12-02 21,21,17085,1,0
2013-12-02 22,22,16077,1,0
2013-12-02 23,23,14766,1,0
2013-12-03 00,0,13415,2,0
2013-12-03 01,1,12842,2,0
2013-12-03 02,2,12449,2,0
2013-12-03 03,3,12235,2,0
2013-12-03 04,4,12315,2,0
2013-12-03 05,5,12996,2,0
2013-12-03 06,6,13959,2,0
2013-12-03 07,7,15829,2,0
2013-12-03 08,8,17782,2,0
2013-12-03 09,9,18320,2,0
2013-12-03 10,10,18457,2,0
2013-12-03 11,11,17993,2,0
2013-12-03 12,12,17454,2,0
2013-12-03 13,13,17585,2,0
2013-12-03 14,14,17441,2,0
2013-12-03 15,15,17678,2,0
2013-12-03 16,16,17769,2,0
2013-12-03 17,17,17950,2,0
2013-12-03 18,18,17793,2,0
2013-12-03 19,19,17481,2,0
2013-12-03 20,20,17151,2,0
2013-12-03 21,21,16816,2,0
2013-12-03 22,22,15979,2,0
2013-12-03 23,23,14718,2,0
2013-12-04 00,0,13542,3,0
2013-12-04 01,1,12734,3,0
2013-12-04 02,2,12328,3,0
2013-12-04 03,3,12206,3,0
2013-12-04 04,4,12288,3,0
2013-12-04 05,5,12888,3,0
2013-12-04 06,6,13853,3,0
2013-12-04 07,7,15518,3,0
2013-12-04 08,8,17274,3,0
2013-12-04 09,9,17870,3,0
2013-12-04 10,10,17991,3,0
2013-12-04 11,11,17490,3,0
2013-12-04 12,12,16919,3,0
2013-12-04 13,13,17100,3,0
2013-12-04 14,14,16979,3,0
2013-12-04 15,15,17224,3,0
2013-12-04 16,16,17646,3,0
2013-12-04 17,17,17936,3,0
2013-12-04 18,18,17691,3,0
2013-12-04 19,19,17401,3,0
2013-12-04 20,20,17108,3,0
2013-12-04 21,21,16767,3,0
2013-12-04 22,22,15962,3,0
2013-12-04 23,23,14578,3,0
2013-12-05 00,0,13259,4,0
2013-12-05 01,1,12712,4,0
2013-12-05 02,2,12431,4,0
2013-12-05 03,3,12023,4,0
2013-12-05 04,4,12260,4,0
2013-12-05 05,5,12790,4,0
2013-12-05 06,6,13825,4,0
2013-12-05 07,7,15632,4,0
2013-12-05 08,8,17302,4,0
2013-12-05 09,9,17785,4,0
2013-12-05 10,10,17913,4,0
2013-12-05 11,11,17587,4,0
2013-12-05 12,12,17021,4,0
2013-12-05 13,13,17115,4,0
2013-12-05 14,14,16872,4,0
2013-12-05 15,15,17157,4,0
2013-12-05 16,16,17485,4,0
2013-12-05 17,17,17715,4,0
2013-12-05 18,18,17427,4,0
2013-12-05 19,19,17092,4,0
2013-12-05 20,20,16895,4,0
2013-12-05 21,21,16612,4,0
2013-12-05 22,22,15633,4,0
2013-12-05 23,23,14260,4,0
2013-12-06 00,0,13296,5,0
2013-12-06 01,1,12619,5,0
2013-12-06 02,2,12217,5,0
2013-12-06 03,3,11949,5,0
2013-12-06 04,4,12119,5,0
2013-12-06 05,5,12754,5,0
2013-12-06 06,6,13790,5,0
2013-12-06 07,7,15595,5,0
2013-12-06 08,8,17296,5,0
2013-12-06 09,9,18157,5,0
2013-12-06 10,10,18220,5,0
2013-12-06 11,11,17663,5,0
2013-12-06 12,12,17252,5,0
2013-12-06 13,13,17287,5,0
2013-12-06 14,14,17321,5,0
2013-12-06 15,15,17517,5,0
2013-12-06 16,16,17883,5,0
2013-12-06 17,17,18027,5,0
2013-12-06 18,18,17804,5,0
2013-12-06 19,19,17375,5,0
2013-12-06 20,20,17215,5,0
2013-12-06 21,21,16593,5,0
2013-12-06 22,22,15991,5,0
2013-12-06 23,23,14698,5,0
2013-12-07 00,0,13337,6,1
2013-12-07 01,1,12689,6,1
2013-12-07 02,2,12298,6,1
2013-12-07 03,3,11845,6,1
2013-12-07 04,4,12181,6,1
2013-12-07 05,5,12599,6,1
2013-12-07 06,6,12995,6,1
2013-12-07 07,7,14437,6,1
2013-12-07 08,8,15899,6,1
2013-12-07 09,9,16605,6,1
2013-12-07 10,10,16720,6,1
2013-12-07 11,11,16412,6,1
2013-12-07 12,12,15893,6,1
2013-12-07 13,13,15949,6,1
2013-12-07 14,14,15749,6,1
2013-12-07 15,15,16077,6,1
2013-12-07 16,16,16528,6,1
2013-12-07 17,17,17074,6,1
2013-12-07 18,18,16818,6,1
2013-12-07 19,19,16533,6,1
2013-12-07 20,20,16416,6,1
2013-12-07 21,21,16085,6,1
2013-12-07 22,22,15378,6,1
2013-12-07 23,23,14350,6,1
2013-12-08 00,0,13236,7,1
2013-12-08 01,1,12452,7,1
2013-12-08 02,2,12053,7,1
2013-12-08 03,3,11653,7,1
2013-12-08 04,4,11782,7,1
2013-12-08 05,5,12035,7,1
2013-12-08 06,6,12263,7,1
2013-12-08 07,7,13319,7,1
2013-12-08 08,8,14465,7,1
2013-12-08 09,9,15147,7,1
2013-12-08 10,10,15274,7,1
2013-12-08 11,11,15044,7,1
2013-12-08 12,12,14664,7,1
2013-12-08 13,13,14660,7,1
2013-12-08 14,14,14602,7,1
2013-12-08 15,15,15138,7,1
2013-12-08 16,16,15795,7,1
2013-12-08 17,17,16250,7,1
2013-12-08 18,18,16099,7,1
2013-12-08 19,19,16036,7,1
2013-12-08 20,20,15923,7,1
2013-12-08 21,21,15724,7,1
2013-12-08 22,22,14831,7,1
2013-12-08 23,23,13635,7,1
2013-12-09 00,0,12524,1,0
2013-12-09 01,1,11877,1,0
2013-12-09 02,2,11483,1,0
2013-12-09 03,3,11324,1,0
2013-12-09 04,4,11602,1,0
2013-12-09 05,5,12394,1,0
2013-12-09 06,6,13378,1,0
2013-12-09 07,7,15600,1,0
2013-12-09 08,8,17951,1,0
2013-12-09 09,9,18702,1,0
2013-12-09 10,10,18821,1,0
2013-12-09 11,11,18259,1,0
2013-12-09 12,12,17913,1,0
2013-12-09 13,13,17994,1,0
2013-12-09 14,14,17869,1,0
2013-12-09 15,15,18149,1,0
2013-12-09 16,16,18524,1,0
2013-12-09 17,17,18738,1,0
2013-12-09 18,18,18480,1,0
2013-12-09 19,19,18240,1,0
2013-12-09 20,20,17779,1,0
2013-12-09 21,21,17295,1,0
2013-12-09 22,22,16285,1,0
2013-12-09 23,23,15097,1,0
2013-12-10 00,0,13592,2,0
2013-12-10 01,1,13023,2,0
2013-12-10 02,2,12589,2,0
2013-12-10 03,3,12404,2,0
2013-12-10 04,4,12560,2,0
2013-12-10 05,5,13133,2,0
2013-12-10 06,6,14035,2,0
2013-12-10 07,7,16227,2,0
2013-12-10 08,8,18386,2,0
2013-12-10 09,9,19080,2,0
2013-12-10 10,10,19201,2,0
2013-12-10 11,11,18820,2,0
2013-12-10 12,12,18290,2,0
2013-12-10 13,13,18367,2,0
2013-12-10 14,14,18058,2,0
2013-12-10 15,15,18244,2,0
2013-12-10 16,16,18545,2,0
2013-12-10 17,17,18796,2,0
2013-12-10 18,18,18695,2,0
2013-12-10 19,19,18414,2,0
2013-12-10 20,20,18019,2,0
2013-12-10 21,21,17437,2,0
2013-12-10 22,22,16611,2,0
2013-12-10 23,23,15374,2,0
2013-12-11 00,0,13957,3,0
2013-12-11 01,1,13252,3,0
2013-12-11 02,2,12781,3,0
2013-12-11 03,3,12471,3,0
2013-12-11 04,4,12645,3,0
2013-12-11 05,5,13327,3,0
2013-12-11 06,6,14236,3,0
2013-12-11 07,7,16422,3,0
2013-12-11 08,8,18679,3,0
2013-12-11 09,9,19363,3,0
2013-12-11 10,10,19585,3,0
2013-12-11 11,11,19079,3,0
2013-12-11 12,12,18505,3,0
2013-12-11 13,13,18687,3,0
2013-12-11 14,14,18482,3,0
2013-12-11 15,15,18700,3,0
2013-12-11 16,16,18968,3,0
2013-12-11 17,17,18883,3,0
2013-12-11 18,18,18740,3,0
2013-12-11 19,19,18421,3,0
2013-12-11 20,20,18056,3,0
2013-12-11 21,21,17450,3,0
2013-12-11 22,22,16612,3,0
2013-12-11 23,23,15374,3,0
2013-12-12 00,0,13970,4,0
2013-12-12 01,1,13431,4,0
2013-12-12 02,2,12880,4,0
2013-12-12 03,3,12708,4,0
2013-12-12 04,4,12717,4,0
2013-12-12 05,5,13554,4,0
2013-12-12 06,6,14460,4,0
2013-12-12 07,7,16673,4,0
2013-12-12 08,8,18601,4,0
2013-12-12 09,9,19441,4,0
2013-12-12 10,10,19617,4,0
2013-12-12 11,11,19015,4,0
2013-12-12 12,12,18466,4,0
2013-12-12 13,13,18617,4,0
2013-12-12 14,14,18334,4,0
2013-12-12 15,15,18592,4,0
2013-12-12 16,16,18772,4,0
2013-12-12 17,17,18995,4,0
2013-12-12 18,18,18749,4,0
2013-12-12 19,19,18521,4,0
2013-12-12 20,20,18170,4,0
2013-12-12 21,21,17751,4,0
2013-12-12 22,22,16807,4,0
2013-12-12 23,23,15517,4,0
2013-12-13 00,0,14184,5,0
2013-12-13 01,1,13527,5,0
2013-12-13 02,2,13030,5,0
2013-12-13 03,3,12784,5,0
2013-12-13 04,4,12919,5,0
2013-12-13 05,5,13598,5,0
2013-12-13 06,6,14610,5,0
2013-12-13 07,7,16677,5,0
2013-12-13 08,8,18606,5,0
2013-12-13 09,9,19176,5,0
2013-12-13 10,10,19375,5,0
2013-12-13 11,11,18819,5,0
2013-12-13 12,12,18366,5,0
2013-12-13 13,13,18362,5,0
2013-12-13 14,14,18254,5,0
2013-12-13 15,15,18430,5,0
2013-12-13 16,16,18726,5,0
2013-12-13 17,17,19065,5,0
2013-12-13 18,18,18772,5,0
2013-12-13 19,19,18613,5,0
2013-12-13 20,20,18351,5,0
2013-12-13 21,21,17907,5,0
2013-12-13 22,22,17033,5,0
2013-12-13 23,23,15758,5,0
2013-12-14 00,0,14447,6,1
2013-12-14 01,1,13370,6,1
2013-12-14 02,2,12767,6,1
2013-12-14 03,3,12467,6,1
2013-12-14 04,4,12527,6,1
2013-12-14 05,5,12728,6,1
2013-12-14 06,6,13108,6,1
2013-12-14 07,7,14489,6,1
2013-12-14 08,8,16171,6,1
2013-12-14 09,9,16870,6,1
2013-12-14 10,10,16985,6,1
2013-12-14 11,11,16660,6,1
2013-12-14 12,12,16078,6,1
2013-12-14 13,13,16250,6,1
2013-12-14 14,14,16064,6,1
2013-12-14 15,15,16326,6,1
2013-12-14 16,16,16829,6,1
2013-12-14 17,17,17223,6,1
2013-12-14 18,18,17088,6,1
2013-12-14 19,19,16863,6,1
2013-12-14 20,20,16620,6,1
2013-12-14 21,21,16237,6,1
2013-12-14 22,22,15757,6,1
2013-12-14 23,23,14429,6,1
2013-12-15 00,0,13315,7,1
2013-12-15 01,1,12671,7,1
2013-12-15 02,2,12301,7,1
2013-12-15 03,3,12059,7,1
2013-12-15 04,4,12090,7,1
2013-12-15 05,5,12332,7,1
2013-12-15 06,6,12521,7,1
2013-12-15 07,7,13581,7,1
2013-12-15 08,8,15017,7,1
2013-12-15 09,9,15680,7,1
2013-12-15 10,10,16138,7,1
2013-12-15 11,11,15844,7,1
2013-12-15 12,12,15477,7,1
2013-12-15 13,13,15611,7,1
2013-12-15 14,14,15563,7,1
2013-12-15 15,15,15897,7,1
2013-12-15 16,16,16782,7,1
2013-12-15 17,17,17090,7,1
2013-12-15 18,18,16923,7,1
2013-12-15 19,19,16849,7,1
2013-12-15 20,20,16727,7,1
2013-12-15 21,21,16331,7,1
2013-12-15 22,22,15098,7,1
2013-12-15 23,23,13904,7,1
2013-12-16 00,0,12824,1,0
2013-12-16 01,1,12470,1,0
2013-12-16 02,2,12018,1,0
2013-12-16 03,3,11634,1,0
2013-12-16 04,4,11968,1,0
2013-12-16 05,5,12388,1,0
2013-12-16 06,6,13418,1,0
2013-12-16 07,7,15893,1,0
2013-12-16 08,8,18220,1,0
2013-12-16 09,9,19634,1,0
2013-12-16 10,10,20057,1,0
2013-12-16 11,11,19836,1,0
2013-12-16 12,12,19243,1,0
2013-12-16 13,13,19271,1,0
2013-12-16 14,14,19122,1,0
2013-12-16 15,15,19040,1,0
2013-12-16 16,16,19216,1,0
2013-12-16 17,17,19387,1,0
2013-12-16 18,18,19146,1,0
2013-12-16 19,19,18852,1,0
2013-12-16 20,20,18318,1,0
2013-12-16 21,21,17871,1,0
2013-12-16 22,22,16905,1,0
2013-12-16 23,23,15469,1,0
2013-12-17 00,0,14317,2,0
2013-12-17 01,1,13681,2,0
2013-12-17 02,2,13148,2,0
2013-12-17 03,3,12861,2,0
2013-12-17 04,4,12861,2,0
2013-12-17 05,5,13612,2,0
2013-12-17 06,6,14575,2,0
2013-12-17 07,7,16936,2,0
2013-12-17 08,8,19203,2,0
2013-12-17 09,9,20227,2,0
2013-12-17 10,10,20420,2,0
2013-12-17 11,11,19714,2,0
2013-12-17 12,12,19563,2,0
2013-12-17 13,13,19591,2,0
2013-12-17 14,14,19465,2,0
2013-12-17 15,15,19463,2,0
2013-12-17 16,16,19435,2,0
2013-12-17 17,17,19679,2,0
2013-12-17 18,18,19561,2,0
2013-12-17 19,19,19330,2,0
2013-12-17 20,20,18780,2,0
2013-12-17 21,21,18155,2,0
2013-12-17 22,22,17104,2,0
2013-12-17 23,23,15623,2,0
2013-12-18 00,0,14226,3,0
2013-12-18 01,1,13748,3,0
2013-12-18 02,2,13244,3,0
2013-12-18 03,3,13008,3,0
2013-12-18 04,4,13088,3,0
2013-12-18 05,5,13681,3,0
2013-12-18 06,6,14790,3,0
2013-12-18 07,7,16928,3,0
2013-12-18 08,8,19366,3,0
2013-12-18 09,9,20040,3,0
2013-12-18 10,10,20379,3,0
2013-12-18 11,11,20131,3,0
2013-12-18 12,12,19711,3,0
2013-12-18 13,13,19723,3,0
2013-12-18 14,14,19741,3,0
2013-12-18 15,15,20239,3,0
2013-12-18 16,16,20346,3,0
2013-12-18 17,17,20254,3,0
2013-12-18 18,18,19799,3,0
2013-12-18 19,19,19759,3,0
2013-12-18 20,20,19463,3,0
2013-12-18 21,21,18716,3,0
2013-12-18 22,22,17250,3,0
2013-12-18 23,23,15934,3,0
2013-12-19 00,0,14516,4,0
2013-12-19 01,1,13934,4,0
2013-12-19 02,2,13384,4,0
2013-12-19 03,3,13276,4,0
2013-12-19 04,4,13364,4,0
2013-12-19 05,5,13952,4,0
2013-12-19 06,6,14866,4,0
2013-12-19 07,7,17213,4,0
2013-12-19 08,8,19774,4,0
2013-12-19 09,9,20609,4,0
2013-12-19 10,10,20723,4,0
2013-12-19 11,11,20335,4,0
2013-12-19 12,12,19817,4,0
2013-12-19 13,13,19955,4,0
2013-12-19 14,14,19931,4,0
2013-12-19 15,15,20177,4,0
2013-12-19 16,16,20249,4,0
2013-12-19 17,17,20305,4,0
2013-12-19 18,18,20254,4,0
2013-12-19 19,19,19787,4,0
2013-12-19 20,20,19368,4,0
2013-12-19 21,21,18780,4,0
2013-12-19 22,22,17644,4,0
2013-12-19 23,23,16169,4,0
2013-12-20 00,0,14623,5,0
2013-12-20 01,1,14237,5,0
2013-12-20 02,2,13572,5,0
2013-12-20 03,3,13283,5,0
2013-12-20 04,4,13469,5,0
2013-12-20 05,5,14049,5,0
2013-12-20 06,6,15239,5,0
2013-12-20 07,7,17580,5,0
2013-12-20 08,8,20088,5,0
2013-12-20 09,9,21124,5,0
2013-12-20 10,10,21302,5,0
2013-12-20 11,11,20967,5,0
2013-12-20 12,12,20527,5,0
2013-12-20 13,13,20631,5,0
2013-12-20 14,14,20473,5,0
2013-12-20 15,15,20741,5,0
2013-12-20 16,16,20972,5,0
2013-12-20 17,17,20804,5,0
2013-12-20 18,18,20443,5,0
2013-12-20 19,19,20153,5,0
2013-12-20 20,20,19783,5,0
2013-12-20 21,21,19156,5,0
2013-12-20 22,22,18076,5,0
2013-12-20 23,23,16556,5,0
2013-12-21 00,0,14991,6,1
2013-12-21 01,1,14141,6,1
2013-12-21 02,2,13644,6,1
2013-12-21 03,3,13225,6,1
2013-12-21 04,4,13156,6,1
2013-12-21 05,5,13491,6,1
2013-12-21 06,6,13817,6,1
2013-12-21 07,7,15422,6,1
2013-12-21 08,8,16840,6,1
2013-12-21 09,9,17642,6,1
2013-12-21 10,10,17856,6,1
2013-12-21 11,11,17407,6,1
2013-12-21 12,12,17035,6,1
2013-12-21 13,13,17201,6,1
2013-12-21 14,14,17082,6,1
2013-12-21 15,15,17501,6,1
2013-12-21 16,16,17868,6,1
2013-12-21 17,17,18174,6,1
2013-12-21 18,18,18111,6,1
2013-12-21 19,19,17841,6,1
2013-12-21 20,20,17587,6,1
2013-12-21 21,21,16986,6,1
2013-12-21 22,22,16475,6,1
2013-12-21 23,23,15485,6,1
2013-12-22 00,0,14412,7,1
2013-12-22 01,1,13644,7,1
2013-12-22 02,2,13244,7,1
2013-12-22 03,3,12913,7,1
2013-12-22 04,4,12899,7,1
2013-12-22 05,5,13212,7,1
2013-12-22 06,6,13336,7,1
2013-12-22 07,7,14400,7,1
2013-12-22 08,8,15788,7,1
2013-12-22 09,9,17057,7,1
2013-12-22 10,10,17425,7,1
2013-12-22 11,11,17215,7,1
2013-12-22 12,12,16816,7,1
2013-12-22 13,13,16868,7,1
2013-12-22 14,14,16804,7,1
2013-12-22 15,15,17112,7,1
2013-12-22 16,16,17368,7,1
2013-12-22 17,17,17928,7,1
2013-12-22 18,18,17892,7,1
2013-12-22 19,19,17608,7,1
2013-12-22 20,20,17366,7,1
2013-12-22 21,21,17094,7,1
2013-12-22 22,22,15846,7,1
2013-12-22 23,23,14773,7,1
2013-12-23 00,0,13830,1,0
2013-12-23 01,1,13207,1,0
2013-12-23 02,2,12659,1,0
2013-12-23 03,3,12521,1,0
2013-12-23 04,4,12680,1,0
2013-12-23 05,5,13223,1,0
2013-12-23 06,6,14334,1,0
2013-12-23 07,7,16596,1,0
2013-12-23 08,8,19317,1,0
2013-12-23 09,9,20699,1,0
2013-12-23 10,10,21139,1,0
2013-12-23 11,11,20721,1,0
2013-12-23 12,12,19987,1,0
2013-12-23 13,13,20003,1,0
2013-12-23 14,14,19960,1,0
2013-12-23 15,15,20306,1,0
2013-12-23 16,16,20457,1,0
2013-12-23 17,17,20542,1,0
2013-12-23 18,18,19980,1,0
2013-12-23 19,19,19695,1,0
2013-12-23 20,20,19535,1,0
2013-12-23 21,21,18946,1,0
2013-12-23 22,22,17742,1,0
2013-12-23 23,23,16136,1,0
2013-12-24 00,0,14821,2,0
2013-12-24 01,1,14488,2,0
2013-12-24 02,2,13965,2,0
2013-12-24 03,3,13571,2,0
2013-12-24 04,4,13576,2,0
2013-12-24 05,5,14154,2,0
2013-12-24 06,6,15366,2,0
2013-12-24 07,7,17409,2,0
2013-12-24 08,8,20276,2,0
2013-12-24 09,9,21088,2,0
2013-12-24 10,10,21202,2,0
2013-12-24 11,11,20781,2,0
2013-12-24 12,12,20199,2,0
2013-12-24 13,13,20178,2,0
2013-12-24 14,14,20132,2,0
2013-12-24 15,15,20151,2,0
2013-12-24 16,16,20556,2,0
2013-12-24 17,17,20553,2,0
2013-12-24 18,18,20376,2,0
2013-12-24 19,19,20085,2,0
2013-12-24 20,20,19640,2,0
2013-12-24 21,21,19073,2,0
2013-12-24 22,22,17954,2,0
2013-12-24 23,23,16472,2,0
2013-12-25 00,0,14992,3,0
2013-12-25 01,1,14404,3,0
2013-12-25 02,2,13838,3,0
2013-12-25 03,3,13572,3,0
2013-12-25 04,4,13566,3,0
2013-12-25 05,5,14341,3,0
2013-12-25 06,6,15372,3,0
2013-12-25 07,7,17515,3,0
2013-12-25 08,8,20011,3,0
2013-12-25 09,9,20721,3,0
2013-12-25 10,10,20774,3,0
2013-12-25 11,11,20431,3,0
2013-12-25 12,12,19855,3,0
2013-12-25 13,13,19978,3,0
2013-12-25 14,14,19825,3,0
2013-12-25 15,15,20131,3,0
2013-12-25 16,16,20335,3,0
2013-12-25 17,17,20487,3,0
2013-12-25 18,18,20303,3,0
2013-12-25 19,19,20251,3,0
2013-12-25 20,20,20226,3,0
2013-12-25 21,21,19686,3,0
2013-12-25 22,22,18373,3,0
2013-12-25 23,23,16792,3,0
2013-12-26 00,0,15127,4,0
2013-12-26 01,1,14259,4,0
2013-12-26 02,2,13816,4,0
2013-12-26 03,3,13488,4,0
2013-12-26 04,4,13612,4,0
2013-12-26 05,5,14262,4,0
2013-12-26 06,6,15388,4,0
2013-12-26 07,7,17780,4,0
2013-12-26 08,8,20250,4,0
2013-12-26 09,9,21280,4,0
2013-12-26 10,10,21568,4,0
2013-12-26 11,11,21199,4,0
2013-12-26 12,12,20660,4,0
2013-12-26 13,13,20639,4,0
2013-12-26 14,14,20526,4,0
2013-12-26 15,15,20523,4,0
2013-12-26 16,16,20741,4,0
2013-12-26 17,17,20747,4,0
2013-12-26 18,18,20576,4,0
2013-12-26 19,19,20470,4,0
2013-12-26 20,20,20304,4,0
2013-12-26 21,21,19711,4,0
2013-12-26 22,22,18692,4,0
2013-12-26 23,23,17032,4,0
2013-12-27 00,0,15528,5,0
2013-12-27 01,1,14674,5,0
2013-12-27 02,2,14112,5,0
2013-12-27 03,3,13654,5,0
2013-12-27 04,4,13758,5,0
2013-12-27 05,5,14513,5,0
2013-12-27 06,6,15749,5,0
2013-12-27 07,7,18039,5,0
2013-12-27 08,8,20623,5,0
2013-12-27 09,9,21586,5,0
2013-12-27 10,10,21611,5,0
2013-12-27 11,11,21240,5,0
2013-12-27 12,12,20584,5,0
2013-12-27 13,13,20577,5,0
2013-12-27 14,14,20492,5,0
2013-12-27 15,15,20565,5,0
2013-12-27 16,16,20637,5,0
2013-12-27 17,17,20646,5,0
2013-12-27 18,18,20542,5,0
2013-12-27 19,19,20359,5,0
2013-12-27 20,20,20243,5,0
2013-12-27 21,21,19747,5,0
2013-12-27 22,22,18798,5,0
2013-12-27 23,23,17128,5,0
2013-12-28 00,0,15585,6,1
2013-12-28 01,1,15041,6,1
2013-12-28 02,2,14455,6,1
2013-12-28 03,3,13985,6,1
2013-12-28 04,4,13868,6,1
2013-12-28 05,5,14397,6,1
2013-12-28 06,6,14805,6,1
2013-12-28 07,7,16500,6,1
2013-12-28 08,8,18558,6,1
2013-12-28 09,9,19831,6,1
2013-12-28 10,10,19973,6,1
2013-12-28 11,11,19646,6,1
2013-12-28 12,12,19398,6,1
2013-12-28 13,13,19409,6,1
2013-12-28 14,14,19350,6,1
2013-12-28 15,15,19598,6,1
2013-12-28 16,16,20104,6,1
2013-12-28 17,17,20359,6,1
2013-12-28 18,18,20352,6,1
2013-12-28 19,19,20194,6,1
2013-12-28 20,20,19998,6,1
2013-12-28 21,21,19568,6,1
2013-12-28 22,22,18533,6,1
2013-12-28 23,23,17038,6,1
2013-12-29 00,0,15572,7,1
2013-12-29 01,1,14625,7,1
2013-12-29 02,2,13800,7,1
2013-12-29 03,3,13714,7,1
2013-12-29 04,4,13670,7,1
2013-12-29 05,5,13961,7,1
2013-12-29 06,6,14196,7,1
2013-12-29 07,7,15456,7,1
2013-12-29 08,8,17171,7,1
2013-12-29 09,9,18533,7,1
2013-12-29 10,10,18914,7,1
2013-12-29 11,11,18550,7,1
2013-12-29 12,12,18317,7,1
2013-12-29 13,13,18256,7,1
2013-12-29 14,14,18206,7,1
2013-12-29 15,15,18459,7,1
2013-12-29 16,16,18987,7,1
2013-12-29 17,17,19385,7,1
2013-12-29 18,18,19456,7,1
2013-12-29 19,19,19633,7,1
2013-12-29 20,20,19487,7,1
2013-12-29 21,21,19038,7,1
2013-12-29 22,22,17647,7,1
2013-12-29 23,23,16013,7,1
2013-12-30 00,0,14587,1,0
2013-12-30 01,1,14036,1,0
2013-12-30 02,2,13459,1,0
2013-12-30 03,3,13208,1,0
2013-12-30 04,4,13479,1,0
2013-12-30 05,5,14141,1,0
2013-12-30 06,6,15164,1,0
2013-12-30 07,7,17760,1,0
2013-12-30 08,8,20560,1,0
2013-12-30 09,9,21362,1,0
2013-12-30 10,10,21516,1,0
2013-12-30 11,11,21052,1,0
2013-12-30 12,12,20289,1,0
2013-12-30 13,13,20280,1,0
2013-12-30 14,14,19937,1,0
2013-12-30 15,15,20037,1,0
2013-12-30 16,16,20261,1,0
2013-12-30 17,17,20532,1,0
2013-12-30 18,18,20592,1,0
2013-12-30 19,19,20575,1,0
2013-12-30 20,20,20423,1,0
2013-12-30 21,21,19936,1,0
2013-12-30 22,22,18718,1,0
2013-12-30 23,23,17042,1,0
2013-12-31 00,0,15350,2,0
2013-12-31 01,1,14433,2,0
2013-12-31 02,2,13981,2,0
2013-12-31 03,3,13631,2,0
2013-12-31 04,4,13682,2,0
2013-12-31 05,5,14356,2,0
2013-12-31 06,6,15326,2,0
2013-12-31 07,7,17694,2,0
2013-12-31 08,8,20110,2,0
2013-12-31 09,9,21069,2,0
2013-12-31 10,10,21086,2,0
2013-12-31 11,11,20552,2,0
2013-12-31 12,12,19965,2,0
2013-12-31 13,13,19943,2,0
2013-12-31 14,14,19843,2,0
2013-12-31 15,15,19843,2,0
2013-12-31 16,16,20250,2,0
2013-12-31 17,17,20641,2,0
2013-12-31 18,18,20574,2,0
2013-12-31 19,19,20470,2,0
2013-12-31 20,20,20303,2,0
2013-12-31 21,21,19549,2,0
2013-12-31 22,22,18723,2,0
2013-12-31 23,23,16670,2,0
2014-01-01 00,0,15226,3,-1
2014-01-01 01,1,13681,3,-1
2014-01-01 02,2,13059,3,-1
2014-01-01 03,3,12588,3,-1
2014-01-01 04,4,12416,3,-1
2014-01-01 05,5,12903,3,-1
2014-01-01 06,6,13275,3,-1
2014-01-01 07,7,14102,3,-1
2014-01-01 08,8,15318,3,-1
2014-01-01 09,9,16189,3,-1
2014-01-01 10,10,16249,3,-1
2014-01-01 11,11,16172,3,-1
2014-01-01 12,12,16049,3,-1
2014-01-01 13,13,16040,3,-1
2014-01-01 14,14,15910,3,-1
2014-01-01 15,15,16194,3,-1
2014-01-01 16,16,16723,3,-1
2014-01-01 17,17,17099,3,-1
2014-01-01 18,18,17484,3,-1
2014-01-01 19,19,17406,3,-1
2014-01-01 20,20,17311,3,-1
2014-01-01 21,21,17107,3,-1
2014-01-01 22,22,16092,3,-1
2014-01-01 23,23,15037,3,-1
2014-01-02 00,0,14193,4,0
2014-01-02 01,1,13638,4,0
2014-01-02 02,2,12702,4,0
2014-01-02 03,3,12287,4,0
2014-01-02 04,4,11916,4,0
2014-01-02 05,5,12827,4,0
2014-01-02 06,6,13848,4,0
2014-01-02 07,7,16227,4,0
2014-01-02 08,8,18483,4,0
2014-01-02 09,9,19807,4,0
2014-01-02 10,10,20109,4,0
2014-01-02 11,11,20083,4,0
2014-01-02 12,12,19466,4,0
2014-01-02 13,13,19509,4,0
2014-01-02 14,14,19008,4,0
2014-01-02 15,15,19392,4,0
2014-01-02 16,16,19629,4,0
2014-01-02 17,17,20037,4,0
2014-01-02 18,18,19915,4,0
2014-01-02 19,19,19658,4,0
2014-01-02 20,20,19630,4,0
2014-01-02 21,21,19291,4,0
2014-01-02 22,22,18385,4,0
2014-01-02 23,23,16494,4,0
2014-01-03 00,0,14800,5,0
2014-01-03 01,1,13796,5,0
2014-01-03 02,2,13245,5,0
2014-01-03 03,3,12836,5,0
2014-01-03 04,4,12738,5,0
2014-01-03 05,5,13311,5,0
2014-01-03 06,6,14421,5,0
2014-01-03 07,7,16561,5,0
2014-01-03 08,8,18611,5,0
2014-01-03 09,9,19545,5,0
2014-01-03 10,10,19631,5,0
2014-01-03 11,11,19429,5,0
2014-01-03 12,12,19008,5,0
2014-01-03 13,13,19022,5,0
2014-01-03 14,14,18900,5,0
2014-01-03 15,15,19221,5,0
2014-01-03 16,16,19561,5,0
2014-01-03 17,17,19658,5,0
2014-01-03 18,18,19544,5,0
2014-01-03 19,19,19479,5,0
2014-01-03 20,20,19217,5,0
2014-01-03 21,21,18661,5,0
2014-01-03 22,22,17770,5,0
2014-01-03 23,23,16232,5,0
2014-01-04 00,0,14646,6,1
2014-01-04 01,1,13409,6,1
2014-01-04 02,2,12883,6,1
2014-01-04 03,3,12630,6,1
2014-01-04 04,4,12689,6,1
2014-01-04 05,5,12998,6,1
2014-01-04 06,6,13363,6,1
2014-01-04 07,7,15228,6,1
2014-01-04 08,8,16724,6,1
2014-01-04 09,9,17523,6,1
2014-01-04 10,10,17651,6,1
2014-01-04 11,11,17168,6,1
2014-01-04 12,12,16926,6,1
2014-01-04 13,13,17099,6,1
2014-01-04 14,14,16784,6,1
2014-01-04 15,15,17219,6,1
2014-01-04 16,16,17767,6,1
2014-01-04 17,17,18073,6,1
2014-01-04 18,18,18010,6,1
2014-01-04 19,19,17612,6,1
2014-01-04 20,20,17486,6,1
2014-01-04 21,21,17061,6,1
2014-01-04 22,22,16200,6,1
2014-01-04 23,23,15069,6,1
2014-01-05 00,0,14484,7,1
2014-01-05 01,1,13725,7,1
2014-01-05 02,2,13244,7,1
2014-01-05 03,3,13098,7,1
2014-01-05 04,4,13088,7,1
2014-01-05 05,5,13470,7,1
2014-01-05 06,6,13860,7,1
2014-01-05 07,7,14920,7,1
2014-01-05 08,8,16404,7,1
2014-01-05 09,9,17324,7,1
2014-01-05 10,10,17414,7,1
2014-01-05 11,11,17098,7,1
2014-01-05 12,12,16823,7,1
2014-01-05 13,13,16958,7,1
2014-01-05 14,14,16799,7,1
2014-01-05 15,15,17062,7,1
2014-01-05 16,16,17883,7,1
2014-01-05 17,17,18641,7,1
2014-01-05 18,18,18807,7,1
2014-01-05 19,19,18727,7,1
2014-01-05 20,20,18649,7,1
2014-01-05 21,21,18189,7,1
2014-01-05 22,22,16928,7,1
2014-01-05 23,23,15538,7,1
2014-01-06 00,0,14193,1,0
2014-01-06 01,1,13639,1,0
2014-01-06 02,2,13099,1,0
2014-01-06 03,3,12664,1,0
2014-01-06 04,4,12917,1,0
2014-01-06 05,5,13590,1,0
2014-01-06 06,6,14942,1,0
2014-01-06 07,7,17289,1,0
2014-01-06 08,8,20029,1,0
2014-01-06 09,9,21239,1,0
2014-01-06 10,10,21366,1,0
2014-01-06 11,11,20943,1,0
2014-01-06 12,12,20223,1,0
2014-01-06 13,13,20220,1,0
2014-01-06 14,14,20024,1,0
2014-01-06 15,15,20242,1,0
2014-01-06 16,16,20520,1,0
2014-01-06 17,17,20829,1,0
2014-01-06 18,18,20710,1,0
2014-01-06 19,19,20644,1,0
2014-01-06 20,20,20560,1,0
2014-01-06 21,21,19686,1,0
2014-01-06 22,22,18398,1,0
2014-01-06 23,23,16792,1,0
2014-01-07 00,0,15102,2,0
2014-01-07 01,1,14078,2,0
2014-01-07 02,2,13338,2,0
2014-01-07 03,3,13142,2,0
2014-01-07 04,4,13159,2,0
2014-01-07 05,5,13818,2,0
2014-01-07 06,6,14879,2,0
2014-01-07 07,7,17206,2,0
2014-01-07 08,8,19044,2,0
2014-01-07 09,9,20075,2,0
2014-01-07 10,10,20174,2,0
2014-01-07 11,11,19775,2,0
2014-01-07 12,12,19528,2,0
2014-01-07 13,13,19756,2,0
2014-01-07 14,14,19428,2,0
2014-01-07 15,15,19446,2,0
2014-01-07 16,16,19671,2,0
2014-01-07 17,17,19869,2,0
2014-01-07 18,18,19723,2,0
2014-01-07 19,19,19556,2,0
2014-01-07 20,20,19138,2,0
2014-01-07 21,21,18601,2,0
2014-01-07 22,22,17609,2,0
2014-01-07 23,23,16481,2,0
2014-01-08 00,0,14947,3,0
2014-01-08 01,1,14174,3,0
2014-01-08 02,2,13655,3,0
2014-01-08 03,3,13328,3,0
2014-01-08 04,4,13280,3,0
2014-01-08 05,5,14152,3,0
2014-01-08 06,6,15208,3,0
2014-01-08 07,7,17508,3,0
2014-01-08 08,8,19854,3,0
2014-01-08 09,9,20853,3,0
2014-01-08 10,10,20911,3,0
2014-01-08 11,11,20631,3,0
2014-01-08 12,12,20209,3,0
2014-01-08 13,13,20425,3,0
2014-01-08 14,14,20299,3,0
2014-01-08 15,15,20548,3,0
2014-01-08 16,16,20703,3,0
2014-01-08 17,17,20663,3,0
2014-01-08 18,18,20673,3,0
2014-01-08 19,19,20669,3,0
2014-01-08 20,20,20303,3,0
2014-01-08 21,21,19526,3,0
2014-01-08 22,22,18531,3,0
2014-01-08 23,23,16900,3,0
2014-01-09 00,0,15324,4,0
2014-01-09 01,1,14504,4,0
2014-01-09 02,2,13948,4,0
2014-01-09 03,3,13567,4,0
2014-01-09 04,4,13597,4,0
2014-01-09 05,5,14287,4,0
2014-01-09 06,6,15670,4,0
2014-01-09 07,7,18280,4,0
2014-01-09 08,8,20805,4,0
2014-01-09 09,9,21443,4,0
2014-01-09 10,10,21643,4,0
2014-01-09 11,11,21326,4,0
2014-01-09 12,12,20634,4,0
2014-01-09 13,13,20632,4,0
2014-01-09 14,14,20346,4,0
2014-01-09 15,15,20472,4,0
2014-01-09 16,16,20732,4,0
2014-01-09 17,17,21053,4,0
2014-01-09 18,18,21028,4,0
2014-01-09 19,19,20985,4,0
2014-01-09 20,20,20710,4,0
2014-01-09 21,21,20236,4,0
2014-01-09 22,22,19164,4,0
2014-01-09 23,23,17800,4,0
2014-01-10 00,0,16220,5,0
2014-01-10 01,1,14737,5,0
2014-01-10 02,2,14315,5,0
2014-01-10 03,3,13871,5,0
2014-01-10 04,4,13900,5,0
2014-01-10 05,5,14630,5,0
2014-01-10 06,6,15967,5,0
2014-01-10 07,7,18456,5,0
2014-01-10 08,8,20701,5,0
2014-01-10 09,9,21717,5,0
2014-01-10 10,10,22070,5,0
2014-01-10 11,11,21914,5,0
2014-01-10 12,12,21216,5,0
2014-01-10 13,13,21205,5,0
2014-01-10 14,14,20872,5,0
2014-01-10 15,15,20923,5,0
2014-01-10 16,16,21118,5,0
2014-01-10 17,17,21278,5,0
2014-01-10 18,18,21333,5,0
2014-01-10 19,19,21282,5,0
2014-01-10 20,20,21037,5,0
2014-01-10 21,21,20335,5,0
2014-01-10 22,22,19299,5,0
2014-01-10 23,23,17899,5,0
2014-01-11 00,0,16319,6,1
2014-01-11 01,1,14600,6,1
2014-01-11 02,2,13928,6,1
2014-01-11 03,3,13474,6,1
2014-01-11 04,4,13489,6,1
2014-01-11 05,5,13910,6,1
2014-01-11 06,6,14304,6,1
2014-01-11 07,7,16002,6,1
2014-01-11 08,8,17955,6,1
2014-01-11 09,9,18795,6,1
2014-01-11 10,10,19304,6,1
2014-01-11 11,11,19131,6,1
2014-01-11 12,12,18835,6,1
2014-01-11 13,13,18914,6,1
2014-01-11 14,14,18790,6,1
2014-01-11 15,15,19068,6,1
2014-01-11 16,16,19387,6,1
2014-01-11 17,17,19685,6,1
2014-01-11 18,18,19645,6,1
2014-01-11 19,19,19512,6,1
2014-01-11 20,20,19249,6,1
2014-01-11 21,21,18854,6,1
2014-01-11 22,22,17972,6,1
2014-01-11 23,23,16682,6,1
2014-01-12 00,0,15270,7,1
2014-01-12 01,1,14212,7,1
2014-01-12 02,2,13605,7,1
2014-01-12 03,3,13209,7,1
2014-01-12 04,4,13162,7,1
2014-01-12 05,5,13539,7,1
2014-01-12 06,6,13809,7,1
2014-01-12 07,7,15248,7,1
2014-01-12 08,8,16639,7,1
2014-01-12 09,9,17656,7,1
2014-01-12 10,10,17977,7,1
2014-01-12 11,11,17805,7,1
2014-01-12 12,12,17378,7,1
2014-01-12 13,13,17390,7,1
2014-01-12 14,14,17136,7,1
2014-01-12 15,15,17263,7,1
2014-01-12 16,16,17959,7,1
2014-01-12 17,17,18607,7,1
2014-01-12 18,18,18674,7,1
2014-01-12 19,19,18638,7,1
2014-01-12 20,20,18626,7,1
2014-01-12 21,21,18242,7,1
2014-01-12 22,22,17469,7,1
2014-01-12 23,23,16021,7,1
2014-01-13 00,0,14476,1,0
2014-01-13 01,1,13530,1,0
2014-01-13 02,2,12976,1,0
2014-01-13 03,3,12800,1,0
2014-01-13 04,4,12993,1,0
2014-01-13 05,5,13632,1,0
2014-01-13 06,6,14953,1,0
2014-01-13 07,7,17487,1,0
2014-01-13 08,8,20089,1,0
2014-01-13 09,9,21148,1,0
2014-01-13 10,10,21457,1,0
2014-01-13 11,11,21114,1,0
2014-01-13 12,12,20532,1,0
2014-01-13 13,13,20572,1,0
2014-01-13 14,14,20291,1,0
2014-01-13 15,15,20623,1,0
2014-01-13 16,16,20710,1,0
2014-01-13 17,17,20797,1,0
2014-01-13 18,18,20778,1,0
2014-01-13 19,19,20596,1,0
2014-01-13 20,20,20353,1,0
2014-01-13 21,21,19537,1,0
2014-01-13 22,22,18301,1,0
2014-01-13 23,23,16771,1,0
2014-01-14 00,0,15579,2,0
2014-01-14 01,1,14559,2,0
2014-01-14 02,2,13983,2,0
2014-01-14 03,3,13697,2,0
2014-01-14 04,4,13778,2,0
2014-01-14 05,5,14348,2,0
2014-01-14 06,6,15380,2,0
2014-01-14 07,7,17968,2,0
2014-01-14 08,8,20066,2,0
2014-01-14 09,9,20934,2,0
2014-01-14 10,10,21092,2,0
2014-01-14 11,11,20663,2,0
2014-01-14 12,12,20317,2,0
2014-01-14 13,13,20342,2,0
2014-01-14 14,14,20120,2,0
2014-01-14 15,15,20126,2,0
2014-01-14 16,16,20293,2,0
2014-01-14 17,17,20364,2,0
2014-01-14 18,18,20355,2,0
2014-01-14 19,19,20242,2,0
2014-01-14 20,20,20060,2,0
2014-01-14 21,21,19662,2,0
2014-01-14 22,22,18813,2,0
2014-01-14 23,23,17177,2,0
2014-01-15 00,0,15598,3,0
2014-01-15 01,1,14377,3,0
2014-01-15 02,2,13897,3,0
2014-01-15 03,3,13666,3,0
2014-01-15 04,4,13786,3,0
2014-01-15 05,5,14322,3,0
2014-01-15 06,6,15436,3,0
2014-01-15 07,7,17930,3,0
2014-01-15 08,8,20140,3,0
2014-01-15 09,9,21018,3,0
2014-01-15 10,10,21141,3,0
2014-01-15 11,11,20675,3,0
2014-01-15 12,12,20091,3,0
2014-01-15 13,13,20054,3,0
2014-01-15 14,14,19809,3,0
2014-01-15 15,15,20170,3,0
2014-01-15 16,16,20370,3,0
2014-01-15 17,17,20491,3,0
2014-01-15 18,18,20458,3,0
2014-01-15 19,19,20354,3,0
2014-01-15 20,20,20259,3,0
2014-01-15 21,21,19752,3,0
2014-01-15 22,22,18702,3,0
2014-01-15 23,23,17150,3,0
2014-01-16 00,0,15378,4,0
2014-01-16 01,1,14505,4,0
2014-01-16 02,2,13816,4,0
2014-01-16 03,3,13514,4,0
2014-01-16 04,4,13547,4,0
2014-01-16 05,5,14232,4,0
2014-01-16 06,6,15371,4,0
2014-01-16 07,7,17770,4,0
2014-01-16 08,8,19760,4,0
2014-01-16 09,9,20788,4,0
2014-01-16 10,10,20880,4,0
2014-01-16 11,11,20495,4,0
2014-01-16 12,12,19991,4,0
2014-01-16 13,13,20018,4,0
2014-01-16 14,14,19920,4,0
2014-01-16 15,15,19890,4,0
2014-01-16 16,16,19980,4,0
2014-01-16 17,17,20105,4,0
2014-01-16 18,18,20104,4,0
2014-01-16 19,19,20114,4,0
2014-01-16 20,20,20052,4,0
2014-01-16 21,21,19680,4,0
2014-01-16 22,22,18720,4,0
2014-01-16 23,23,16982,4,0
2014-01-17 00,0,15369,5,0
2014-01-17 01,1,14243,5,0
2014-01-17 02,2,13639,5,0
2014-01-17 03,3,13391,5,0
2014-01-17 04,4,13417,5,0
2014-01-17 05,5,14123,5,0
2014-01-17 06,6,15432,5,0
2014-01-17 07,7,17568,5,0
2014-01-17 08,8,19962,5,0
2014-01-17 09,9,20590,5,0
2014-01-17 10,10,20631,5,0
2014-01-17 11,11,20026,5,0
2014-01-17 12,12,19185,5,0
2014-01-17 13,13,19214,5,0
2014-01-17 14,14,18990,5,0
2014-01-17 15,15,18996,5,0
2014-01-17 16,16,19215,5,0
2014-01-17 17,17,19718,5,0
2014-01-17 18,18,19800,5,0
2014-01-17 19,19,19728,5,0
2014-01-17 20,20,19644,5,0
2014-01-17 21,21,19433,5,0
2014-01-17 22,22,18253,5,0
2014-01-17 23,23,16720,5,0
2014-01-18 00,0,15063,6,1
2014-01-18 01,1,13900,6,1
2014-01-18 02,2,13270,6,1
2014-01-18 03,3,13024,6,1
2014-01-18 04,4,13057,6,1
2014-01-18 05,5,13519,6,1
2014-01-18 06,6,13667,6,1
2014-01-18 07,7,15216,6,1
2014-01-18 08,8,16976,6,1
2014-01-18 09,9,18117,6,1
2014-01-18 10,10,18320,6,1
2014-01-18 11,11,18019,6,1
2014-01-18 12,12,17724,6,1
2014-01-18 13,13,17729,6,1
2014-01-18 14,14,17631,6,1
2014-01-18 15,15,17583,6,1
2014-01-18 16,16,17915,6,1
2014-01-18 17,17,18560,6,1
2014-01-18 18,18,18604,6,1
2014-01-18 19,19,18503,6,1
2014-01-18 20,20,18334,6,1
2014-01-18 21,21,18040,6,1
2014-01-18 22,22,17053,6,1
2014-01-18 23,23,15920,6,1
2014-01-19 00,0,14680,7,1
2014-01-19 01,1,13848,7,1
2014-01-19 02,2,13205,7,1
2014-01-19 03,3,12813,7,1
2014-01-19 04,4,12854,7,1
2014-01-19 05,5,13253,7,1
2014-01-19 06,6,13512,7,1
2014-01-19 07,7,14713,7,1
2014-01-19 08,8,16134,7,1
2014-01-19 09,9,16809,7,1
2014-01-19 10,10,17127,7,1
2014-01-19 11,11,16766,7,1
2014-01-19 12,12,16230,7,1
2014-01-19 13,13,16202,7,1
2014-01-19 14,14,15948,7,1
2014-01-19 15,15,16222,7,1
2014-01-19 16,16,16923,7,1
2014-01-19 17,17,17775,7,1
2014-01-19 18,18,17780,7,1
2014-01-19 19,19,17861,7,1
2014-01-19 20,20,17878,7,1
2014-01-19 21,21,17543,7,1
2014-01-19 22,22,16646,7,1
2014-01-19 23,23,15455,7,1
2014-01-20 00,0,14094,1,0
2014-01-20 01,1,13294,1,0
2014-01-20 02,2,12834,1,0
2014-01-20 03,3,12527,1,0
2014-01-20 04,4,12609,1,0
2014-01-20 05,5,13422,1,0
2014-01-20 06,6,14843,1,0
2014-01-20 07,7,17417,1,0
2014-01-20 08,8,19280,1,0
2014-01-20 09,9,19932,1,0
2014-01-20 10,10,20024,1,0
2014-01-20 11,11,19624,1,0
2014-01-20 12,12,19019,1,0
2014-01-20 13,13,18982,1,0
2014-01-20 14,14,18744,1,0
2014-01-20 15,15,18879,1,0
2014-01-20 16,16,18999,1,0
2014-01-20 17,17,19389,1,0
2014-01-20 18,18,19369,1,0
2014-01-20 19,19,19269,1,0
2014-01-20 20,20,19170,1,0
2014-01-20 21,21,18851,1,0
2014-01-20 22,22,17967,1,0
2014-01-20 23,23,16634,1,0
2014-01-21 00,0,15084,2,0
2014-01-21 01,1,13805,2,0
2014-01-21 02,2,13388,2,0
2014-01-21 03,3,13119,2,0
2014-01-21 04,4,13108,2,0
2014-01-21 05,5,13636,2,0
2014-01-21 06,6,14539,2,0
2014-01-21 07,7,17145,2,0
2014-01-21 08,8,19060,2,0
2014-01-21 09,9,19848,2,0
2014-01-21 10,10,20118,2,0
2014-01-21 11,11,19792,2,0
2014-01-21 12,12,19329,2,0
2014-01-21 13,13,19382,2,0
2014-01-21 14,14,19082,2,0
2014-01-21 15,15,19049,2,0
2014-01-21 16,16,19198,2,0
2014-01-21 17,17,19592,2,0
2014-01-21 18,18,19651,2,0
2014-01-21 19,19,19691,2,0
2014-01-21 20,20,19509,2,0
2014-01-21 21,21,19139,2,0
2014-01-21 22,22,18149,2,0
2014-01-21 23,23,16656,2,0
2014-01-22 00,0,15023,3,0
2014-01-22 01,1,14074,3,0
2014-01-22 02,2,13690,3,0
2014-01-22 03,3,13359,3,0
2014-01-22 04,4,13412,3,0
2014-01-22 05,5,13852,3,0
2014-01-22 06,6,14775,3,0
2014-01-22 07,7,17197,3,0
2014-01-22 08,8,19175,3,0
2014-01-22 09,9,19972,3,0
2014-01-22 10,10,20104,3,0
2014-01-22 11,11,19647,3,0
2014-01-22 12,12,19056,3,0
2014-01-22 13,13,19001,3,0
2014-01-22 14,14,18683,3,0
2014-01-22 15,15,18952,3,0
2014-01-22 16,16,19206,3,0
2014-01-22 17,17,19209,3,0
2014-01-22 18,18,19263,3,0
2014-01-22 19,19,19188,3,0
2014-01-22 20,20,19199,3,0
2014-01-22 21,21,18921,3,0
2014-01-22 22,22,17765,3,0
2014-01-22 23,23,16340,3,0
2014-01-23 00,0,14872,4,0
2014-01-23 01,1,13844,4,0
2014-01-23 02,2,13571,4,0
2014-01-23 03,3,13078,4,0
2014-01-23 04,4,13121,4,0
2014-01-23 05,5,13679,4,0
2014-01-23 06,6,14687,4,0
2014-01-23 07,7,16881,4,0
2014-01-23 08,8,18803,4,0
2014-01-23 09,9,19584,4,0
2014-01-23 10,10,19732,4,0
2014-01-23 11,11,19437,4,0
2014-01-23 12,12,18963,4,0
2014-01-23 13,13,18971,4,0
2014-01-23 14,14,18793,4,0
2014-01-23 15,15,18771,4,0
2014-01-23 16,16,18945,4,0
2014-01-23 17,17,19222,4,0
2014-01-23 18,18,19186,4,0
2014-01-23 19,19,19200,4,0
2014-01-23 20,20,19145,4,0
2014-01-23 21,21,18911,4,0
2014-01-23 22,22,18026,4,0
2014-01-23 23,23,16483,4,0
2014-01-24 00,0,14878,5,0
2014-01-24 01,1,13901,5,0
2014-01-24 02,2,13081,5,0
2014-01-24 03,3,12645,5,0
2014-01-24 04,4,12643,5,0
2014-01-24 05,5,13459,5,0
2014-01-24 06,6,14518,5,0
2014-01-24 07,7,16504,5,0
2014-01-24 08,8,18580,5,0
2014-01-24 09,9,19134,5,0
2014-01-24 10,10,19175,5,0
2014-01-24 11,11,18793,5,0
2014-01-24 12,12,18223,5,0
2014-01-24 13,13,18247,5,0
2014-01-24 14,14,18172,5,0
2014-01-24 15,15,18217,5,0
2014-01-24 16,16,18324,5,0
2014-01-24 17,17,18537,5,0
2014-01-24 18,18,18690,5,0
2014-01-24 19,19,18626,5,0
2014-01-24 20,20,18441,5,0
2014-01-24 21,21,18068,5,0
2014-01-24 22,22,17260,5,0
2014-01-24 23,23,15920,5,0
2014-01-25 00,0,14515,6,1
2014-01-25 01,1,12911,6,1
2014-01-25 02,2,12213,6,1
2014-01-25 03,3,11897,6,1
2014-01-25 04,4,12009,6,1
2014-01-25 05,5,12454,6,1
2014-01-25 06,6,13371,6,1
2014-01-25 07,7,15140,6,1
2014-01-25 08,8,16250,6,1
2014-01-25 09,9,16678,6,1
2014-01-25 10,10,16785,6,1
2014-01-25 11,11,16562,6,1
2014-01-25 12,12,16176,6,1
2014-01-25 13,13,16216,6,1
2014-01-25 14,14,16162,6,1
2014-01-25 15,15,16218,6,1
2014-01-25 16,16,16606,6,1
2014-01-25 17,17,17256,6,1
2014-01-25 18,18,17271,6,1
2014-01-25 19,19,17253,6,1
2014-01-25 20,20,16957,6,1
2014-01-25 21,21,16569,6,1
2014-01-25 22,22,15789,6,1
2014-01-25 23,23,14799,6,1
2014-01-26 00,0,13640,7,0
2014-01-26 01,1,12486,7,0
2014-01-26 02,2,11969,7,0
2014-01-26 03,3,11725,7,0
2014-01-26 04,4,11874,7,0
2014-01-26 05,5,12132,7,0
2014-01-26 06,6,13046,7,0
2014-01-26 07,7,14792,7,0
2014-01-26 08,8,15802,7,0
2014-01-26 09,9,16544,7,0
2014-01-26 10,10,16600,7,0
2014-01-26 11,11,16428,7,0
2014-01-26 12,12,16365,7,0
2014-01-26 13,13,16314,7,0
2014-01-26 14,14,15963,7,0
2014-01-26 15,15,16114,7,0
2014-01-26 16,16,16137,7,0
2014-01-26 17,17,16426,7,0
2014-01-26 18,18,16517,7,0
2014-01-26 19,19,16441,7,0
2014-01-26 20,20,16368,7,0
2014-01-26 21,21,16020,7,0
2014-01-26 22,22,15359,7,0
2014-01-26 23,23,14695,7,0
2014-01-27 00,0,13378,1,0
2014-01-27 01,1,12336,1,0
2014-01-27 02,2,11893,1,0
2014-01-27 03,3,11390,1,0
2014-01-27 04,4,11352,1,0
2014-01-27 05,5,11790,1,0
2014-01-27 06,6,12794,1,0
2014-01-27 07,7,14448,1,0
2014-01-27 08,8,15897,1,0
2014-01-27 09,9,16576,1,0
2014-01-27 10,10,16633,1,0
2014-01-27 11,11,16470,1,0
2014-01-27 12,12,15916,1,0
2014-01-27 13,13,15823,1,0
2014-01-27 14,14,15724,1,0
2014-01-27 15,15,15950,1,0
2014-01-27 16,16,15999,1,0
2014-01-27 17,17,16016,1,0
2014-01-27 18,18,16095,1,0
2014-01-27 19,19,16013,1,0
2014-01-27 20,20,15664,1,0
2014-01-27 21,21,15427,1,0
2014-01-27 22,22,14968,1,0
2014-01-27 23,23,14124,1,0
2014-01-28 00,0,13288,2,0
2014-01-28 01,1,11594,2,0
2014-01-28 02,2,11232,2,0
2014-01-28 03,3,10957,2,0
2014-01-28 04,4,10982,2,0
2014-01-28 05,5,11428,2,0
2014-01-28 06,6,12206,2,0
2014-01-28 07,7,13540,2,0
2014-01-28 08,8,14651,2,0
2014-01-28 09,9,15176,2,0
2014-01-28 10,10,15221,2,0
2014-01-28 11,11,15116,2,0
2014-01-28 12,12,14751,2,0
2014-01-28 13,13,14418,2,0
2014-01-28 14,14,14303,2,0
2014-01-28 15,15,14297,2,0
2014-01-28 16,16,14556,2,0
2014-01-28 17,17,15136,2,0
2014-01-28 18,18,15182,2,0
2014-01-28 19,19,15191,2,0
2014-01-28 20,20,15208,2,0
2014-01-28 21,21,14925,2,0
2014-01-28 22,22,14419,2,0
2014-01-28 23,23,13405,2,0
2014-01-29 00,0,12222,3,0
2014-01-29 01,1,10972,3,0
2014-01-29 02,2,10482,3,0
2014-01-29 03,3,10222,3,0
2014-01-29 04,4,10297,3,0
2014-01-29 05,5,10809,3,0
2014-01-29 06,6,11471,3,0
2014-01-29 07,7,12821,3,0
2014-01-29 08,8,13851,3,0
2014-01-29 09,9,14123,3,0
2014-01-29 10,10,14118,3,0
2014-01-29 11,11,13923,3,0
2014-01-29 12,12,13609,3,0
2014-01-29 13,13,13453,3,0
2014-01-29 14,14,13248,3,0
2014-01-29 15,15,13254,3,0
2014-01-29 16,16,13502,3,0
2014-01-29 17,17,13873,3,0
2014-01-29 18,18,14061,3,0
2014-01-29 19,19,14084,3,0
2014-01-29 20,20,13999,3,0
2014-01-29 21,21,13801,3,0
2014-01-29 22,22,13339,3,0
2014-01-29 23,23,12641,3,0
2014-01-30 00,0,11626,4,0
2014-01-30 01,1,10055,4,0
2014-01-30 02,2,9539,4,0
2014-01-30 03,3,9249,4,0
2014-01-30 04,4,9423,4,0
2014-01-30 05,5,10114,4,0
2014-01-30 06,6,10581,4,0
2014-01-30 07,7,11587,4,0
2014-01-30 08,8,12106,4,0
2014-01-30 09,9,12415,4,0
2014-01-30 10,10,12599,4,0
2014-01-30 11,11,12564,4,0
2014-01-30 12,12,12349,4,0
2014-01-30 13,13,12096,4,0
2014-01-30 14,14,11978,4,0
2014-01-30 15,15,11862,4,0
2014-01-30 16,16,12064,4,0
2014-01-30 17,17,12276,4,0
2014-01-30 18,18,12609,4,0
2014-01-30 19,19,12917,4,0
2014-01-30 20,20,13057,4,0
2014-01-30 21,21,13030,4,0
2014-01-30 22,22,12848,4,0
2014-01-30 23,23,12386,4,0
2014-01-31 00,0,11501,5,-1
2014-01-31 01,1,9909,5,-1
2014-01-31 02,2,9056,5,-1
2014-01-31 03,3,8783,5,-1
2014-01-31 04,4,8686,5,-1
2014-01-31 05,5,8922,5,-1
2014-01-31 06,6,9271,5,-1
2014-01-31 07,7,9751,5,-1
2014-01-31 08,8,10215,5,-1
2014-01-31 09,9,10548,5,-1
2014-01-31 10,10,10723,5,-1
2014-01-31 11,11,10669,5,-1
2014-01-31 12,12,10478,5,-1
2014-01-31 13,13,10221,5,-1
2014-01-31 14,14,10203,5,-1
2014-01-31 15,15,10319,5,-1
2014-01-31 16,16,10960,5,-1
2014-01-31 17,17,11446,5,-1
2014-01-31 18,18,11894,5,-1
2014-01-31 19,19,12185,5,-1
2014-01-31 20,20,12267,5,-1
2014-01-31 21,21,12145,5,-1
2014-01-31 22,22,11727,5,-1
2014-01-31 23,23,11079,5,-1
2014-02-01 00,0,10235,6,-1
2014-02-01 01,1,9207,6,-1
2014-02-01 02,2,8876,6,-1
2014-02-01 03,3,8677,6,-1
2014-02-01 04,4,8559,6,-1
2014-02-01 05,5,8774,6,-1
2014-02-01 06,6,8956,6,-1
2014-02-01 07,7,9620,6,-1
2014-02-01 08,8,10104,6,-1
2014-02-01 09,9,10437,6,-1
2014-02-01 10,10,10532,6,-1
2014-02-01 11,11,10481,6,-1
2014-02-01 12,12,10401,6,-1
2014-02-01 13,13,10150,6,-1
2014-02-01 14,14,10146,6,-1
2014-02-01 15,15,10293,6,-1
2014-02-01 16,16,10782,6,-1
2014-02-01 17,17,11522,6,-1
2014-02-01 18,18,11719,6,-1
2014-02-01 19,19,11891,6,-1
2014-02-01 20,20,11935,6,-1
2014-02-01 21,21,11847,6,-1
2014-02-01 22,22,11667,6,-1
2014-02-01 23,23,11000,6,-1
2014-02-02 00,0,10208,7,-1
2014-02-02 01,1,8559,7,-1
2014-02-02 02,2,8292,7,-1
2014-02-02 03,3,8115,7,-1
2014-02-02 04,4,8068,7,-1
2014-02-02 05,5,8292,7,-1
2014-02-02 06,6,8525,7,-1
2014-02-02 07,7,9147,7,-1
2014-02-02 08,8,9635,7,-1
2014-02-02 09,9,9915,7,-1
2014-02-02 10,10,9943,7,-1
2014-02-02 11,11,10030,7,-1
2014-02-02 12,12,9877,7,-1
2014-02-02 13,13,9636,7,-1
2014-02-02 14,14,9587,7,-1
2014-02-02 15,15,9819,7,-1
2014-02-02 16,16,10241,7,-1
2014-02-02 17,17,10685,7,-1
2014-02-02 18,18,10928,7,-1
2014-02-02 19,19,11055,7,-1
2014-02-02 20,20,10969,7,-1
2014-02-02 21,21,10770,7,-1
2014-02-02 22,22,10496,7,-1
2014-02-02 23,23,9867,7,-1
2014-02-03 00,0,9163,1,1
2014-02-03 01,1,8714,1,1
2014-02-03 02,2,8428,1,1
2014-02-03 03,3,8251,1,1
2014-02-03 04,4,8196,1,1
2014-02-03 05,5,8522,1,1
2014-02-03 06,6,8878,1,1
2014-02-03 07,7,9540,1,1
2014-02-03 08,8,10270,1,1
2014-02-03 09,9,10782,1,1
2014-02-03 10,10,11075,1,1
2014-02-03 11,11,11127,1,1
2014-02-03 12,12,10929,1,1
2014-02-03 13,13,10841,1,1
2014-02-03 14,14,10853,1,1
2014-02-03 15,15,11095,1,1
2014-02-03 16,16,11655,1,1
2014-02-03 17,17,12222,1,1
2014-02-03 18,18,12361,1,1
2014-02-03 19,19,12480,1,1
2014-02-03 20,20,12501,1,1
2014-02-03 21,21,12367,1,1
2014-02-03 22,22,11738,1,1
2014-02-03 23,23,10876,1,1
2014-02-04 00,0,10102,2,1
2014-02-04 01,1,9496,2,1
2014-02-04 02,2,9126,2,1
2014-02-04 03,3,8798,2,1
2014-02-04 04,4,8830,2,1
2014-02-04 05,5,8952,2,1
2014-02-04 06,6,9475,2,1
2014-02-04 07,7,10095,2,1
2014-02-04 08,8,10971,2,1
2014-02-04 09,9,11773,2,1
2014-02-04 10,10,12257,2,1
2014-02-04 11,11,12226,2,1
2014-02-04 12,12,12007,2,1
2014-02-04 13,13,11859,2,1
2014-02-04 14,14,11912,2,1
2014-02-04 15,15,12202,2,1
2014-02-04 16,16,12544,2,1
2014-02-04 17,17,13000,2,1
2014-02-04 18,18,13114,2,1
2014-02-04 19,19,13214,2,1
2014-02-04 20,20,13205,2,1
2014-02-04 21,21,12934,2,1
2014-02-04 22,22,12363,2,1
2014-02-04 23,23,11536,2,1
2014-02-05 00,0,10621,3,1
2014-02-05 01,1,10004,3,1
2014-02-05 02,2,9668,3,1
2014-02-05 03,3,9422,3,1
2014-02-05 04,4,9410,3,1
2014-02-05 05,5,9599,3,1
2014-02-05 06,6,9770,3,1
2014-02-05 07,7,10579,3,1
2014-02-05 08,8,11568,3,1
2014-02-05 09,9,12280,3,1
2014-02-05 10,10,12649,3,1
2014-02-05 11,11,12698,3,1
2014-02-05 12,12,12709,3,1
2014-02-05 13,13,12563,3,1
2014-02-05 14,14,12548,3,1
2014-02-05 15,15,12612,3,1
2014-02-05 16,16,13047,3,1
2014-02-05 17,17,13471,3,1
2014-02-05 18,18,13625,3,1
2014-02-05 19,19,13707,3,1
2014-02-05 20,20,13746,3,1
2014-02-05 21,21,13421,3,1
2014-02-05 22,22,12993,3,1
2014-02-05 23,23,12128,3,1
2014-02-06 00,0,11123,4,1
2014-02-06 01,1,10462,4,1
2014-02-06 02,2,9927,4,1
2014-02-06 03,3,9531,4,1
2014-02-06 04,4,9556,4,1
2014-02-06 05,5,9894,4,1
2014-02-06 06,6,10259,4,1
2014-02-06 07,7,11287,4,1
2014-02-06 08,8,12149,4,1
2014-02-06 09,9,13095,4,1
2014-02-06 10,10,13563,4,1
2014-02-06 11,11,13524,4,1
2014-02-06 12,12,13587,4,1
2014-02-06 13,13,13525,4,1
2014-02-06 14,14,13386,4,1
2014-02-06 15,15,13534,4,1
2014-02-06 16,16,13784,4,1
2014-02-06 17,17,14016,4,1
2014-02-06 18,18,14268,4,1
2014-02-06 19,19,14383,4,1
2014-02-06 20,20,14424,4,1
2014-02-06 21,21,14110,4,1
2014-02-06 22,22,13537,4,1
2014-02-06 23,23,12468,4,1
2014-02-07 00,0,11329,5,0
2014-02-07 01,1,10740,5,0
2014-02-07 02,2,10091,5,0
2014-02-07 03,3,9764,5,0
2014-02-07 04,4,9917,5,0
2014-02-07 05,5,10136,5,0
2014-02-07 06,6,11094,5,0
2014-02-07 07,7,12531,5,0
2014-02-07 08,8,14431,5,0
2014-02-07 09,9,15368,5,0
2014-02-07 10,10,15732,5,0
2014-02-07 11,11,15827,5,0
2014-02-07 12,12,15740,5,0
2014-02-07 13,13,15465,5,0
2014-02-07 14,14,15323,5,0
2014-02-07 15,15,15326,5,0
2014-02-07 16,16,15328,5,0
2014-02-07 17,17,15333,5,0
2014-02-07 18,18,15677,5,0
2014-02-07 19,19,15711,5,0
2014-02-07 20,20,15573,5,0
2014-02-07 21,21,15251,5,0
2014-02-07 22,22,14399,5,0
2014-02-07 23,23,13249,5,0
2014-02-08 00,0,12106,6,0
2014-02-08 01,1,11758,6,0
2014-02-08 02,2,11192,6,0
2014-02-08 03,3,11034,6,0
2014-02-08 04,4,11128,6,0
2014-02-08 05,5,11570,6,0
2014-02-08 06,6,12385,6,0
2014-02-08 07,7,13978,6,0
2014-02-08 08,8,15940,6,0
2014-02-08 09,9,17129,6,0
2014-02-08 10,10,17595,6,0
2014-02-08 11,11,17317,6,0
2014-02-08 12,12,16942,6,0
2014-02-08 13,13,16831,6,0
2014-02-08 14,14,16588,6,0
2014-02-08 15,15,16449,6,0
2014-02-08 16,16,16703,6,0
2014-02-08 17,17,16778,6,0
2014-02-08 18,18,17005,6,0
2014-02-08 19,19,17002,6,0
2014-02-08 20,20,16893,6,0
2014-02-08 21,21,16396,6,0
2014-02-08 22,22,15091,6,0
2014-02-08 23,23,13716,6,0
2014-02-09 00,0,12683,7,1
2014-02-09 01,1,11924,7,1
2014-02-09 02,2,11924,7,1
2014-02-09 03,3,11924,7,1
2014-02-09 04,4,11924,7,1
2014-02-09 05,5,11924,7,1
2014-02-09 06,6,11924,7,1
2014-02-09 07,7,11924,7,1
2014-02-09 08,8,11924,7,1
2014-02-09 09,9,11924,7,1
2014-02-09 10,10,11924,7,1
2014-02-09 11,11,11924,7,1
2014-02-09 12,12,11924,7,1
2014-02-09 13,13,11924,7,1
2014-02-09 14,14,11924,7,1
2014-02-09 15,15,11924,7,1
2014-02-09 16,16,11924,7,1
2014-02-09 17,17,11924,7,1
2014-02-09 18,18,11924,7,1
2014-02-09 19,19,11924,7,1
2014-02-09 20,20,11924,7,1
2014-02-09 21,21,11924,7,1
2014-02-09 22,22,11924,7,1
2014-02-09 23,23,11924,7,1
2014-02-10 00,0,11924,1,0
2014-02-10 01,1,11924,1,0
2014-02-10 02,2,11654,1,0
2014-02-10 03,3,11549,1,0
2014-02-10 04,4,11882,1,0
2014-02-10 05,5,13144,1,0
2014-02-10 06,6,14519,1,0
2014-02-10 07,7,16752,1,0
2014-02-10 08,8,19127,1,0
2014-02-10 09,9,19756,1,0
2014-02-10 10,10,20004,1,0
2014-02-10 11,11,19569,1,0
2014-02-10 12,12,18961,1,0
2014-02-10 13,13,18934,1,0
2014-02-10 14,14,18747,1,0
2014-02-10 15,15,18846,1,0
2014-02-10 16,16,18913,1,0
2014-02-10 17,17,19419,1,0
2014-02-10 18,18,19513,1,0
2014-02-10 19,19,19511,1,0
2014-02-10 20,20,19242,1,0
2014-02-10 21,21,18326,1,0
2014-02-10 22,22,17286,1,0
2014-02-10 23,23,15892,1,0
2014-02-11 00,0,14727,2,0
2014-02-11 01,1,14214,2,0
2014-02-11 02,2,13702,2,0
2014-02-11 03,3,13330,2,0
2014-02-11 04,4,13308,2,0
2014-02-11 05,5,14013,2,0
2014-02-11 06,6,15214,2,0
2014-02-11 07,7,17355,2,0
2014-02-11 08,8,19926,2,0
2014-02-11 09,9,21067,2,0
2014-02-11 10,10,21098,2,0
2014-02-11 11,11,20849,2,0
2014-02-11 12,12,20684,2,0
2014-02-11 13,13,20664,2,0
2014-02-11 14,14,20670,2,0
2014-02-11 15,15,20639,2,0
2014-02-11 16,16,20719,2,0
2014-02-11 17,17,20692,2,0
2014-02-11 18,18,20575,2,0
2014-02-11 19,19,20566,2,0
2014-02-11 20,20,20488,2,0
2014-02-11 21,21,19971,2,0
2014-02-11 22,22,18895,2,0
2014-02-11 23,23,17000,2,0
2014-02-12 00,0,15424,3,0
2014-02-12 01,1,14246,3,0
2014-02-12 02,2,13644,3,0
2014-02-12 03,3,13308,3,0
2014-02-12 04,4,13385,3,0
2014-02-12 05,5,13927,3,0
2014-02-12 06,6,15129,3,0
2014-02-12 07,7,17500,3,0
2014-02-12 08,8,20182,3,0
2014-02-12 09,9,21181,3,0
2014-02-12 10,10,21506,3,0
2014-02-12 11,11,21387,3,0
2014-02-12 12,12,21168,3,0
2014-02-12 13,13,21209,3,0
2014-02-12 14,14,21023,3,0
2014-02-12 15,15,20970,3,0
2014-02-12 16,16,20839,3,0
2014-02-12 17,17,20557,3,0
2014-02-12 18,18,20467,3,0
2014-02-12 19,19,20616,3,0
2014-02-12 20,20,20396,3,0
2014-02-12 21,21,19951,3,0
2014-02-12 22,22,18549,3,0
2014-02-12 23,23,16722,3,0
2014-02-13 00,0,15126,4,0
2014-02-13 01,1,14252,4,0
2014-02-13 02,2,13612,4,0
2014-02-13 03,3,13406,4,0
2014-02-13 04,4,13383,4,0
2014-02-13 05,5,13959,4,0
2014-02-13 06,6,15156,4,0
2014-02-13 07,7,17485,4,0
2014-02-13 08,8,20212,4,0
2014-02-13 09,9,20958,4,0
2014-02-13 10,10,21152,4,0
2014-02-13 11,11,20974,4,0
2014-02-13 12,12,20564,4,0
2014-02-13 13,13,20737,4,0
2014-02-13 14,14,20451,4,0
2014-02-13 15,15,20556,4,0
2014-02-13 16,16,20488,4,0
2014-02-13 17,17,20369,4,0
2014-02-13 18,18,20551,4,0
2014-02-13 19,19,20564,4,0
2014-02-13 20,20,20328,4,0
2014-02-13 21,21,19771,4,0
2014-02-13 22,22,18561,4,0
2014-02-13 23,23,16821,4,0
2014-02-14 00,0,15078,5,0
2014-02-14 01,1,14028,5,0
2014-02-14 02,2,13470,5,0
2014-02-14 03,3,13147,5,0
2014-02-14 04,4,13228,5,0
2014-02-14 05,5,13858,5,0
2014-02-14 06,6,15134,5,0
2014-02-14 07,7,17135,5,0
2014-02-14 08,8,19690,5,0
2014-02-14 09,9,20688,5,0
2014-02-14 10,10,20825,5,0
2014-02-14 11,11,20672,5,0
2014-02-14 12,12,20303,5,0
2014-02-14 13,13,20362,5,0
2014-02-14 14,14,20375,5,0
2014-02-14 15,15,20445,5,0
2014-02-14 16,16,20411,5,0
2014-02-14 17,17,20347,5,0
2014-02-14 18,18,20469,5,0
2014-02-14 19,19,20507,5,0
2014-02-14 20,20,20276,5,0
2014-02-14 21,21,19721,5,0
2014-02-14 22,22,18585,5,0
2014-02-14 23,23,16866,5,0
2014-02-15 00,0,15241,6,1
2014-02-15 01,1,13887,6,1
2014-02-15 02,2,13072,6,1
2014-02-15 03,3,12840,6,1
2014-02-15 04,4,12764,6,1
2014-02-15 05,5,13275,6,1
2014-02-15 06,6,13725,6,1
2014-02-15 07,7,15132,6,1
2014-02-15 08,8,16664,6,1
2014-02-15 09,9,17391,6,1
2014-02-15 10,10,17452,6,1
2014-02-15 11,11,17337,6,1
2014-02-15 12,12,16646,6,1
2014-02-15 13,13,16611,6,1
2014-02-15 14,14,16557,6,1
2014-02-15 15,15,16608,6,1
2014-02-15 16,16,17002,6,1
2014-02-15 17,17,17690,6,1
2014-02-15 18,18,17912,6,1
2014-02-15 19,19,18065,6,1
2014-02-15 20,20,18014,6,1
2014-02-15 21,21,17703,6,1
2014-02-15 22,22,17004,6,1
2014-02-15 23,23,15855,6,1
2014-02-16 00,0,14587,7,1
2014-02-16 01,1,13618,7,1
2014-02-16 02,2,12959,7,1
2014-02-16 03,3,12538,7,1
2014-02-16 04,4,12358,7,1
2014-02-16 05,5,12640,7,1
2014-02-16 06,6,13392,7,1
2014-02-16 07,7,14614,7,1
2014-02-16 08,8,16016,7,1
2014-02-16 09,9,16599,7,1
2014-02-16 10,10,17025,7,1
2014-02-16 11,11,16996,7,1
2014-02-16 12,12,16958,7,1
2014-02-16 13,13,16883,7,1
2014-02-16 14,14,16665,7,1
2014-02-16 15,15,16660,7,1
2014-02-16 16,16,17077,7,1
2014-02-16 17,17,17400,7,1
2014-02-16 18,18,17627,7,1
2014-02-16 19,19,17770,7,1
2014-02-16 20,20,17785,7,1
2014-02-16 21,21,17497,7,1
2014-02-16 22,22,16445,7,1
2014-02-16 23,23,15158,7,1
2014-02-17 00,0,13943,1,0
2014-02-17 01,1,12867,1,0
2014-02-17 02,2,12338,1,0
2014-02-17 03,3,11934,1,0
2014-02-17 04,4,11977,1,0
2014-02-17 05,5,12687,1,0
2014-02-17 06,6,14137,1,0
2014-02-17 07,7,16517,1,0
2014-02-17 08,8,19384,1,0
2014-02-17 09,9,20251,1,0
2014-02-17 10,10,20637,1,0
2014-02-17 11,11,20439,1,0
2014-02-17 12,12,20280,1,0
2014-02-17 13,13,20210,1,0
2014-02-17 14,14,20020,1,0
2014-02-17 15,15,19966,1,0
2014-02-17 16,16,20087,1,0
2014-02-17 17,17,20237,1,0
2014-02-17 18,18,20248,1,0
2014-02-17 19,19,20380,1,0
2014-02-17 20,20,20223,1,0
2014-02-17 21,21,19706,1,0
2014-02-17 22,22,18300,1,0
2014-02-17 23,23,16683,1,0
2014-02-18 00,0,14862,2,0
2014-02-18 01,1,14142,2,0
2014-02-18 02,2,13522,2,0
2014-02-18 03,3,13172,2,0
2014-02-18 04,4,13239,2,0
2014-02-18 05,5,13862,2,0
2014-02-18 06,6,15013,2,0
2014-02-18 07,7,17457,2,0
2014-02-18 08,8,20044,2,0
2014-02-18 09,9,21326,2,0
2014-02-18 10,10,21706,2,0
2014-02-18 11,11,21446,2,0
2014-02-18 12,12,21144,2,0
2014-02-18 13,13,21105,2,0
2014-02-18 14,14,20959,2,0
2014-02-18 15,15,20974,2,0
2014-02-18 16,16,20931,2,0
2014-02-18 17,17,20388,2,0
2014-02-18 18,18,20551,2,0
2014-02-18 19,19,20564,2,0
2014-02-18 20,20,20568,2,0
2014-02-18 21,21,19844,2,0
2014-02-18 22,22,18561,2,0
2014-02-18 23,23,16852,2,0
2014-02-19 00,0,15198,3,0
2014-02-19 01,1,14213,3,0
2014-02-19 02,2,13728,3,0
2014-02-19 03,3,13464,3,0
2014-02-19 04,4,13368,3,0
2014-02-19 05,5,13998,3,0
2014-02-19 06,6,15185,3,0
2014-02-19 07,7,17675,3,0
2014-02-19 08,8,20538,3,0
2014-02-19 09,9,21662,3,0
2014-02-19 10,10,21902,3,0
2014-02-19 11,11,21760,3,0
2014-02-19 12,12,21190,3,0
2014-02-19 13,13,21206,3,0
2014-02-19 14,14,20900,3,0
2014-02-19 15,15,20892,3,0
2014-02-19 16,16,20855,3,0
2014-02-19 17,17,20333,3,0
2014-02-19 18,18,20528,3,0
2014-02-19 19,19,20500,3,0
2014-02-19 20,20,20310,3,0
2014-02-19 21,21,20003,3,0
2014-02-19 22,22,18602,3,0
2014-02-19 23,23,16860,3,0
2014-02-20 00,0,15200,4,0
2014-02-20 01,1,14334,4,0
2014-02-20 02,2,13687,4,0
2014-02-20 03,3,13443,4,0
2014-02-20 04,4,13475,4,0
2014-02-20 05,5,14063,4,0
2014-02-20 06,6,15305,4,0
2014-02-20 07,7,17686,4,0
2014-02-20 08,8,20157,4,0
2014-02-20 09,9,20881,4,0
2014-02-20 10,10,20978,4,0
2014-02-20 11,11,20572,4,0
2014-02-20 12,12,20188,4,0
2014-02-20 13,13,20276,4,0
2014-02-20 14,14,19811,4,0
2014-02-20 15,15,19785,4,0
2014-02-20 16,16,19828,4,0
2014-02-20 17,17,19636,4,0
2014-02-20 18,18,19800,4,0
2014-02-20 19,19,20062,4,0
2014-02-20 20,20,19927,4,0
2014-02-20 21,21,19656,4,0
2014-02-20 22,22,18474,4,0
2014-02-20 23,23,16771,4,0
2014-02-21 00,0,15202,5,0
2014-02-21 01,1,14339,5,0
2014-02-21 02,2,13739,5,0
2014-02-21 03,3,13514,5,0
2014-02-21 04,4,13532,5,0
2014-02-21 05,5,14154,5,0
2014-02-21 06,6,15417,5,0
2014-02-21 07,7,17551,5,0
2014-02-21 08,8,19714,5,0
2014-02-21 09,9,20652,5,0
2014-02-21 10,10,20809,5,0
2014-02-21 11,11,20642,5,0
2014-02-21 12,12,20381,5,0
2014-02-21 13,13,20369,5,0
2014-02-21 14,14,20070,5,0
2014-02-21 15,15,19963,5,0
2014-02-21 16,16,19954,5,0
2014-02-21 17,17,19810,5,0
2014-02-21 18,18,19855,5,0
2014-02-21 19,19,19910,5,0
2014-02-21 20,20,19875,5,0
2014-02-21 21,21,19449,5,0
2014-02-21 22,22,18356,5,0
2014-02-21 23,23,16763,5,0
2014-02-22 00,0,15326,6,1
2014-02-22 01,1,14281,6,1
2014-02-22 02,2,13545,6,1
2014-02-22 03,3,13096,6,1
2014-02-22 04,4,12995,6,1
2014-02-22 05,5,13306,6,1
2014-02-22 06,6,13865,6,1
2014-02-22 07,7,15451,6,1
2014-02-22 08,8,16892,6,1
2014-02-22 09,9,17735,6,1
2014-02-22 10,10,17755,6,1
2014-02-22 11,11,17539,6,1
2014-02-22 12,12,16856,6,1
2014-02-22 13,13,16664,6,1
2014-02-22 14,14,16432,6,1
2014-02-22 15,15,16660,6,1
2014-02-22 16,16,16915,6,1
2014-02-22 17,17,17655,6,1
2014-02-22 18,18,18015,6,1
2014-02-22 19,19,18203,6,1
2014-02-22 20,20,18174,6,1
2014-02-22 21,21,18116,6,1
2014-02-22 22,22,17151,6,1
2014-02-22 23,23,16048,6,1
2014-02-23 00,0,14538,7,1
2014-02-23 01,1,13620,7,1
2014-02-23 02,2,12931,7,1
2014-02-23 03,3,12628,7,1
2014-02-23 04,4,12484,7,1
2014-02-23 05,5,12767,7,1
2014-02-23 06,6,13027,7,1
2014-02-23 07,7,14139,7,1
2014-02-23 08,8,15292,7,1
2014-02-23 09,9,16169,7,1
2014-02-23 10,10,16615,7,1
2014-02-23 11,11,16633,7,1
2014-02-23 12,12,16370,7,1
2014-02-23 13,13,16342,7,1
2014-02-23 14,14,16292,7,1
2014-02-23 15,15,16540,7,1
2014-02-23 16,16,16888,7,1
2014-02-23 17,17,17447,7,1
2014-02-23 18,18,17617,7,1
2014-02-23 19,19,17675,7,1
2014-02-23 20,20,17569,7,1
2014-02-23 21,21,17225,7,1
2014-02-23 22,22,16310,7,1
2014-02-23 23,23,14971,7,1
2014-02-24 00,0,13516,1,0
2014-02-24 01,1,12838,1,0
2014-02-24 02,2,12563,1,0
2014-02-24 03,3,12097,1,0
2014-02-24 04,4,12288,1,0
2014-02-24 05,5,13022,1,0
2014-02-24 06,6,14151,1,0
2014-02-24 07,7,16661,1,0
2014-02-24 08,8,19110,1,0
2014-02-24 09,9,20181,1,0
2014-02-24 10,10,20421,1,0
2014-02-24 11,11,20289,1,0
2014-02-24 12,12,20148,1,0
2014-02-24 13,13,20104,1,0
2014-02-24 14,14,19968,1,0
2014-02-24 15,15,20011,1,0
2014-02-24 16,16,19992,1,0
2014-02-24 17,17,19754,1,0
2014-02-24 18,18,19904,1,0
2014-02-24 19,19,19884,1,0
2014-02-24 20,20,19681,1,0
2014-02-24 21,21,19274,1,0
2014-02-24 22,22,17766,1,0
2014-02-24 23,23,16137,1,0
2014-02-25 00,0,14642,2,0
2014-02-25 01,1,13921,2,0
2014-02-25 02,2,13220,2,0
2014-02-25 03,3,12893,2,0
2014-02-25 04,4,12878,2,0
2014-02-25 05,5,13584,2,0
2014-02-25 06,6,14684,2,0
2014-02-25 07,7,17310,2,0
2014-02-25 08,8,19567,2,0
2014-02-25 09,9,20510,2,0
2014-02-25 10,10,20815,2,0
2014-02-25 11,11,20622,2,0
2014-02-25 12,12,20107,2,0
2014-02-25 13,13,20254,2,0
2014-02-25 14,14,20082,2,0
2014-02-25 15,15,20208,2,0
2014-02-25 16,16,20120,2,0
2014-02-25 17,17,20091,2,0
2014-02-25 18,18,20139,2,0
2014-02-25 19,19,20158,2,0
2014-02-25 20,20,20049,2,0
2014-02-25 21,21,19494,2,0
2014-02-25 22,22,18345,2,0
2014-02-25 23,23,16690,2,0
2014-02-26 00,0,15087,3,0
2014-02-26 01,1,13512,3,0
2014-02-26 02,2,13025,3,0
2014-02-26 03,3,12868,3,0
2014-02-26 04,4,12790,3,0
2014-02-26 05,5,13333,3,0
2014-02-26 06,6,14537,3,0
2014-02-26 07,7,16735,3,0
2014-02-26 08,8,19242,3,0
2014-02-26 09,9,20159,3,0
2014-02-26 10,10,20279,3,0
2014-02-26 11,11,20079,3,0
2014-02-26 12,12,19582,3,0
2014-02-26 13,13,19683,3,0
2014-02-26 14,14,19506,3,0
2014-02-26 15,15,19539,3,0
2014-02-26 16,16,19660,3,0
2014-02-26 17,17,19183,3,0
2014-02-26 18,18,19401,3,0
2014-02-26 19,19,19198,3,0
2014-02-26 20,20,18927,3,0
2014-02-26 21,21,18565,3,0
2014-02-26 22,22,17184,3,0
2014-02-26 23,23,15827,3,0
2014-02-27 00,0,14133,4,0
2014-02-27 01,1,13427,4,0
2014-02-27 02,2,12906,4,0
2014-02-27 03,3,12737,4,0
2014-02-27 04,4,12756,4,0
2014-02-27 05,5,13293,4,0
2014-02-27 06,6,14524,4,0
2014-02-27 07,7,16816,4,0
2014-02-27 08,8,18948,4,0
2014-02-27 09,9,19713,4,0
2014-02-27 10,10,19970,4,0
2014-02-27 11,11,19723,4,0
2014-02-27 12,12,19398,4,0
2014-02-27 13,13,19520,4,0
2014-02-27 14,14,19320,4,0
2014-02-27 15,15,19433,4,0
2014-02-27 16,16,19446,4,0
2014-02-27 17,17,18997,4,0
2014-02-27 18,18,18951,4,0
2014-02-27 19,19,18863,4,0
2014-02-27 20,20,18550,4,0
2014-02-27 21,21,17892,4,0
2014-02-27 22,22,16926,4,0
2014-02-27 23,23,15437,4,0
2014-02-28 00,0,14049,5,0
2014-02-28 01,1,13311,5,0
2014-02-28 02,2,12905,5,0
2014-02-28 03,3,12501,5,0
2014-02-28 04,4,12511,5,0
2014-02-28 05,5,13130,5,0
2014-02-28 06,6,14370,5,0
2014-02-28 07,7,16493,5,0
2014-02-28 08,8,18731,5,0
2014-02-28 09,9,19668,5,0
2014-02-28 10,10,19911,5,0
2014-02-28 11,11,19602,5,0
2014-02-28 12,12,19078,5,0
2014-02-28 13,13,19178,5,0
2014-02-28 14,14,18953,5,0
2014-02-28 15,15,18944,5,0
2014-02-28 16,16,19053,5,0
2014-02-28 17,17,18510,5,0
2014-02-28 18,18,18584,5,0
2014-02-28 19,19,18434,5,0
2014-02-28 20,20,18186,5,0
2014-02-28 21,21,17943,5,0
2014-02-28 22,22,17014,5,0
2014-02-28 23,23,15733,5,0
2014-03-01 00,0,14285,6,1
2014-03-01 01,1,13514,6,1
2014-03-01 02,2,13023,6,1
2014-03-01 03,3,12585,6,1
2014-03-01 04,4,12575,6,1
2014-03-01 05,5,13011,6,1
2014-03-01 06,6,13736,6,1
2014-03-01 07,7,15373,6,1
2014-03-01 08,8,16860,6,1
2014-03-01 09,9,17733,6,1
2014-03-01 10,10,18297,6,1
2014-03-01 11,11,18059,6,1
2014-03-01 12,12,17673,6,1
2014-03-01 13,13,17618,6,1
2014-03-01 14,14,17419,6,1
2014-03-01 15,15,17452,6,1
2014-03-01 16,16,17521,6,1
2014-03-01 17,17,17778,6,1
2014-03-01 18,18,18325,6,1
2014-03-01 19,19,18359,6,1
2014-03-01 20,20,18312,6,1
2014-03-01 21,21,18011,6,1
2014-03-01 22,22,17134,6,1
2014-03-01 23,23,16020,6,1
2014-03-02 00,0,14407,7,1
2014-03-02 01,1,13537,7,1
2014-03-02 02,2,12977,7,1
2014-03-02 03,3,12553,7,1
2014-03-02 04,4,12519,7,1
2014-03-02 05,5,12907,7,1
2014-03-02 06,6,13313,7,1
2014-03-02 07,7,14503,7,1
2014-03-02 08,8,15770,7,1
2014-03-02 09,9,16602,7,1
2014-03-02 10,10,16872,7,1
2014-03-02 11,11,16651,7,1
2014-03-02 12,12,16285,7,1
2014-03-02 13,13,16370,7,1
2014-03-02 14,14,16210,7,1
2014-03-02 15,15,16351,7,1
2014-03-02 16,16,16478,7,1
2014-03-02 17,17,16936,7,1
2014-03-02 18,18,17278,7,1
2014-03-02 19,19,17444,7,1
2014-03-02 20,20,17460,7,1
2014-03-02 21,21,17174,7,1
2014-03-02 22,22,16237,7,1
2014-03-02 23,23,14882,7,1
2014-03-03 00,0,13580,1,0
2014-03-03 01,1,12714,1,0
2014-03-03 02,2,12206,1,0
2014-03-03 03,3,11996,1,0
2014-03-03 04,4,12209,1,0
2014-03-03 05,5,12929,1,0
2014-03-03 06,6,14183,1,0
2014-03-03 07,7,16459,1,0
2014-03-03 08,8,18865,1,0
2014-03-03 09,9,19649,1,0
2014-03-03 10,10,19801,1,0
2014-03-03 11,11,19589,1,0
2014-03-03 12,12,19320,1,0
2014-03-03 13,13,19396,1,0
2014-03-03 14,14,19208,1,0
2014-03-03 15,15,19242,1,0
2014-03-03 16,16,19361,1,0
2014-03-03 17,17,19213,1,0
2014-03-03 18,18,19390,1,0
2014-03-03 19,19,19194,1,0
2014-03-03 20,20,18935,1,0
2014-03-03 21,21,18261,1,0
2014-03-03 22,22,17056,1,0
2014-03-03 23,23,15826,1,0
2014-03-04 00,0,14080,2,0
2014-03-04 01,1,13364,2,0
2014-03-04 02,2,12914,2,0
2014-03-04 03,3,12722,2,0
2014-03-04 04,4,12703,2,0
2014-03-04 05,5,13351,2,0
2014-03-04 06,6,14506,2,0
2014-03-04 07,7,16816,2,0
2014-03-04 08,8,18841,2,0
2014-03-04 09,9,19739,2,0
2014-03-04 10,10,19898,2,0
2014-03-04 11,11,19607,2,0
2014-03-04 12,12,19133,2,0
2014-03-04 13,13,19307,2,0
2014-03-04 14,14,19067,2,0
2014-03-04 15,15,19147,2,0
2014-03-04 16,16,19144,2,0
2014-03-04 17,17,18700,2,0
2014-03-04 18,18,18672,2,0
2014-03-04 19,19,18619,2,0
2014-03-04 20,20,18312,2,0
2014-03-04 21,21,18049,2,0
2014-03-04 22,22,16960,2,0
2014-03-04 23,23,15560,2,0
2014-03-05 00,0,14256,3,0
2014-03-05 01,1,13440,3,0
2014-03-05 02,2,12907,3,0
2014-03-05 03,3,12641,3,0
2014-03-05 04,4,12928,3,0
2014-03-05 05,5,13511,3,0
2014-03-05 06,6,14579,3,0
2014-03-05 07,7,16659,3,0
2014-03-05 08,8,19058,3,0
2014-03-05 09,9,19807,3,0
2014-03-05 10,10,19967,3,0
2014-03-05 11,11,19369,3,0
2014-03-05 12,12,18533,3,0
2014-03-05 13,13,18547,3,0
2014-03-05 14,14,18339,3,0
2014-03-05 15,15,18404,3,0
2014-03-05 16,16,18302,3,0
2014-03-05 17,17,18291,3,0
2014-03-05 18,18,18657,3,0
2014-03-05 19,19,18557,3,0
2014-03-05 20,20,18374,3,0
2014-03-05 21,21,17892,3,0
2014-03-05 22,22,17000,3,0
2014-03-05 23,23,15582,3,0
2014-03-06 00,0,14288,4,0
2014-03-06 01,1,13703,4,0
2014-03-06 02,2,13227,4,0
2014-03-06 03,3,13029,4,0
2014-03-06 04,4,12935,4,0
2014-03-06 05,5,13592,4,0
2014-03-06 06,6,14795,4,0
2014-03-06 07,7,16963,4,0
2014-03-06 08,8,19438,4,0
2014-03-06 09,9,20200,4,0
2014-03-06 10,10,20624,4,0
2014-03-06 11,11,20127,4,0
2014-03-06 12,12,19699,4,0
2014-03-06 13,13,19889,4,0
2014-03-06 14,14,19803,4,0
2014-03-06 15,15,19756,4,0
2014-03-06 16,16,19715,4,0
2014-03-06 17,17,19227,4,0
2014-03-06 18,18,19518,4,0
2014-03-06 19,19,19450,4,0
2014-03-06 20,20,19041,4,0
2014-03-06 21,21,18442,4,0
2014-03-06 22,22,17399,4,0
2014-03-06 23,23,15779,4,0
2014-03-07 00,0,14416,5,0
2014-03-07 01,1,13879,5,0
2014-03-07 02,2,13345,5,0
2014-03-07 03,3,13043,5,0
2014-03-07 04,4,13048,5,0
2014-03-07 05,5,13570,5,0
2014-03-07 06,6,14868,5,0
2014-03-07 07,7,16947,5,0
2014-03-07 08,8,18976,5,0
2014-03-07 09,9,19925,5,0
2014-03-07 10,10,20053,5,0
2014-03-07 11,11,19826,5,0
2014-03-07 12,12,19399,5,0
2014-03-07 13,13,19405,5,0
2014-03-07 14,14,19328,5,0
2014-03-07 15,15,19332,5,0
2014-03-07 16,16,19298,5,0
2014-03-07 17,17,19045,5,0
2014-03-07 18,18,19076,5,0
2014-03-07 19,19,19013,5,0
2014-03-07 20,20,18611,5,0
2014-03-07 21,21,18231,5,0
2014-03-07 22,22,17430,5,0
2014-03-07 23,23,15790,5,0
2014-03-08 00,0,14352,6,1
2014-03-08 01,1,13764,6,1
2014-03-08 02,2,13233,6,1
2014-03-08 03,3,12883,6,1
2014-03-08 04,4,12932,6,1
2014-03-08 05,5,13192,6,1
2014-03-08 06,6,13583,6,1
2014-03-08 07,7,15210,6,1
2014-03-08 08,8,17061,6,1
2014-03-08 09,9,18026,6,1
2014-03-08 10,10,18345,6,1
2014-03-08 11,11,18111,6,1
2014-03-08 12,12,17585,6,1
2014-03-08 13,13,17742,6,1
2014-03-08 14,14,17762,6,1
2014-03-08 15,15,17997,6,1
2014-03-08 16,16,18230,6,1
2014-03-08 17,17,18360,6,1
2014-03-08 18,18,18380,6,1
2014-03-08 19,19,18161,6,1
2014-03-08 20,20,18125,6,1
2014-03-08 21,21,17872,6,1
2014-03-08 22,22,17112,6,1
2014-03-08 23,23,16007,6,1
2014-03-09 00,0,14448,7,1
2014-03-09 01,1,13542,7,1
2014-03-09 02,2,12985,7,1
2014-03-09 03,3,12605,7,1
2014-03-09 04,4,12626,7,1
2014-03-09 05,5,12961,7,1
2014-03-09 06,6,13181,7,1
2014-03-09 07,7,14455,7,1
2014-03-09 08,8,16153,7,1
2014-03-09 09,9,16823,7,1
2014-03-09 10,10,17139,7,1
2014-03-09 11,11,17106,7,1
2014-03-09 12,12,16808,7,1
2014-03-09 13,13,16995,7,1
2014-03-09 14,14,16996,7,1
2014-03-09 15,15,17245,7,1
2014-03-09 16,16,17495,7,1
2014-03-09 17,17,17569,7,1
2014-03-09 18,18,17736,7,1
2014-03-09 19,19,17745,7,1
2014-03-09 20,20,17755,7,1
2014-03-09 21,21,17251,7,1
2014-03-09 22,22,16281,7,1
2014-03-09 23,23,15039,7,1
2014-03-10 00,0,13595,1,0
2014-03-10 01,1,12640,1,0
2014-03-10 02,2,12179,1,0
2014-03-10 03,3,11928,1,0
2014-03-10 04,4,12183,1,0
2014-03-10 05,5,12890,1,0
2014-03-10 06,6,14130,1,0
2014-03-10 07,7,16426,1,0
2014-03-10 08,8,18398,1,0
2014-03-10 09,9,19035,1,0
2014-03-10 10,10,19208,1,0
2014-03-10 11,11,18881,1,0
2014-03-10 12,12,18239,1,0
2014-03-10 13,13,18528,1,0
2014-03-10 14,14,18296,1,0
2014-03-10 15,15,18223,1,0
2014-03-10 16,16,18251,1,0
2014-03-10 17,17,18221,1,0
2014-03-10 18,18,18616,1,0
2014-03-10 19,19,18595,1,0
2014-03-10 20,20,18486,1,0
2014-03-10 21,21,17841,1,0
2014-03-10 22,22,16848,1,0
2014-03-10 23,23,15305,1,0
2014-03-11 00,0,14038,2,0
2014-03-11 01,1,13204,2,0
2014-03-11 02,2,12723,2,0
2014-03-11 03,3,12508,2,0
2014-03-11 04,4,12619,2,0
2014-03-11 05,5,13294,2,0
2014-03-11 06,6,14523,2,0
2014-03-11 07,7,16614,2,0
2014-03-11 08,8,18414,2,0
2014-03-11 09,9,18818,2,0
2014-03-11 10,10,18894,2,0
2014-03-11 11,11,18586,2,0
2014-03-11 12,12,17748,2,0
2014-03-11 13,13,18020,2,0
2014-03-11 14,14,17590,2,0
2014-03-11 15,15,17716,2,0
2014-03-11 16,16,17752,2,0
2014-03-11 17,17,17718,2,0
2014-03-11 18,18,18111,2,0
2014-03-11 19,19,18098,2,0
2014-03-11 20,20,17923,2,0
2014-03-11 21,21,17545,2,0
2014-03-11 22,22,16671,2,0
2014-03-11 23,23,15280,2,0
2014-03-12 00,0,13953,3,0
2014-03-12 01,1,13170,3,0
2014-03-12 02,2,12874,3,0
2014-03-12 03,3,12545,3,0
2014-03-12 04,4,12633,3,0
2014-03-12 05,5,13089,3,0
2014-03-12 06,6,14321,3,0
2014-03-12 07,7,16419,3,0
2014-03-12 08,8,18370,3,0
2014-03-12 09,9,19124,3,0
2014-03-12 10,10,19153,3,0
2014-03-12 11,11,18887,3,0
2014-03-12 12,12,18493,3,0
2014-03-12 13,13,18660,3,0
2014-03-12 14,14,18437,3,0
2014-03-12 15,15,18424,3,0
2014-03-12 16,16,18376,3,0
2014-03-12 17,17,18267,3,0
2014-03-12 18,18,18365,3,0
2014-03-12 19,19,18262,3,0
2014-03-12 20,20,18021,3,0
2014-03-12 21,21,17844,3,0
2014-03-12 22,22,16874,3,0
2014-03-12 23,23,15421,3,0
2014-03-13 00,0,14053,4,0
2014-03-13 01,1,13178,4,0
2014-03-13 02,2,12788,4,0
2014-03-13 03,3,12490,4,0
2014-03-13 04,4,12735,4,0
2014-03-13 05,5,13331,4,0
2014-03-13 06,6,14458,4,0
2014-03-13 07,7,16667,4,0
2014-03-13 08,8,18805,4,0
2014-03-13 09,9,19532,4,0
2014-03-13 10,10,19502,4,0
2014-03-13 11,11,19126,4,0
2014-03-13 12,12,18670,4,0
2014-03-13 13,13,18682,4,0
2014-03-13 14,14,18411,4,0
2014-03-13 15,15,18469,4,0
2014-03-13 16,16,18470,4,0
2014-03-13 17,17,18464,4,0
2014-03-13 18,18,18587,4,0
2014-03-13 19,19,18584,4,0
2014-03-13 20,20,18399,4,0
2014-03-13 21,21,18032,4,0
2014-03-13 22,22,17128,4,0
2014-03-13 23,23,15554,4,0
2014-03-14 00,0,14275,5,0
2014-03-14 01,1,13212,5,0
2014-03-14 02,2,12810,5,0
2014-03-14 03,3,12616,5,0
2014-03-14 04,4,12668,5,0
2014-03-14 05,5,13260,5,0
2014-03-14 06,6,14458,5,0
2014-03-14 07,7,16428,5,0
2014-03-14 08,8,18350,5,0
2014-03-14 09,9,18711,5,0
2014-03-14 10,10,18858,5,0
2014-03-14 11,11,18480,5,0
2014-03-14 12,12,17971,5,0
2014-03-14 13,13,18030,5,0
2014-03-14 14,14,17929,5,0
2014-03-14 15,15,18071,5,0
2014-03-14 16,16,18424,5,0
2014-03-14 17,17,18248,5,0
2014-03-14 18,18,18259,5,0
2014-03-14 19,19,18250,5,0
2014-03-14 20,20,17951,5,0
2014-03-14 21,21,17198,5,0
2014-03-14 22,22,16282,5,0
2014-03-14 23,23,15010,5,0
2014-03-15 00,0,13804,6,1
2014-03-15 01,1,13344,6,1
2014-03-15 02,2,12817,6,1
2014-03-15 03,3,12396,6,1
2014-03-15 04,4,12320,6,1
2014-03-15 05,5,12749,6,1
2014-03-15 06,6,13304,6,1
2014-03-15 07,7,14403,6,1
2014-03-15 08,8,15823,6,1
2014-03-15 09,9,16293,6,1
2014-03-15 10,10,16426,6,1
2014-03-15 11,11,16349,6,1
2014-03-15 12,12,15703,6,1
2014-03-15 13,13,15770,6,1
2014-03-15 14,14,15707,6,1
2014-03-15 15,15,15892,6,1
2014-03-15 16,16,16146,6,1
2014-03-15 17,17,16276,6,1
2014-03-15 18,18,16890,6,1
2014-03-15 19,19,17008,6,1
2014-03-15 20,20,16960,6,1
2014-03-15 21,21,16721,6,1
2014-03-15 22,22,15860,6,1
2014-03-15 23,23,14781,6,1
2014-03-16 00,0,13439,7,1
2014-03-16 01,1,12841,7,1
2014-03-16 02,2,12200,7,1
2014-03-16 03,3,11992,7,1
2014-03-16 04,4,11939,7,1
2014-03-16 05,5,12269,7,1
2014-03-16 06,6,12767,7,1
2014-03-16 07,7,13805,7,1
2014-03-16 08,8,14550,7,1
2014-03-16 09,9,15079,7,1
2014-03-16 10,10,15239,7,1
2014-03-16 11,11,15070,7,1
2014-03-16 12,12,14469,7,1
2014-03-16 13,13,14471,7,1
2014-03-16 14,14,14166,7,1
2014-03-16 15,15,14457,7,1
2014-03-16 16,16,14771,7,1
2014-03-16 17,17,15176,7,1
2014-03-16 18,18,15704,7,1
2014-03-16 19,19,15940,7,1
2014-03-16 20,20,16031,7,1
2014-03-16 21,21,15855,7,1
2014-03-16 22,22,14895,7,1
2014-03-16 23,23,14144,7,1
2014-03-17 00,0,13013,1,0
2014-03-17 01,1,12202,1,0
2014-03-17 02,2,11938,1,0
2014-03-17 03,3,11773,1,0
2014-03-17 04,4,11976,1,0
2014-03-17 05,5,12502,1,0
2014-03-17 06,6,14052,1,0
2014-03-17 07,7,15948,1,0
2014-03-17 08,8,17683,1,0
2014-03-17 09,9,18139,1,0
2014-03-17 10,10,18116,1,0
2014-03-17 11,11,17842,1,0
2014-03-17 12,12,17209,1,0
2014-03-17 13,13,17130,1,0
2014-03-17 14,14,17041,1,0
2014-03-17 15,15,17052,1,0
2014-03-17 16,16,17139,1,0
2014-03-17 17,17,17200,1,0
2014-03-17 18,18,17611,1,0
2014-03-17 19,19,17618,1,0
2014-03-17 20,20,17367,1,0
2014-03-17 21,21,17058,1,0
2014-03-17 22,22,16245,1,0
2014-03-17 23,23,14850,1,0
2014-03-18 00,0,13605,2,0
2014-03-18 01,1,11836,2,0
2014-03-18 02,2,11442,2,0
2014-03-18 03,3,11183,2,0
2014-03-18 04,4,11402,2,0
2014-03-18 05,5,11969,2,0
2014-03-18 06,6,12903,2,0
2014-03-18 07,7,14493,2,0
2014-03-18 08,8,16110,2,0
2014-03-18 09,9,16554,2,0
2014-03-18 10,10,16749,2,0
2014-03-18 11,11,16330,2,0
2014-03-18 12,12,16053,2,0
2014-03-18 13,13,16136,2,0
2014-03-18 14,14,15992,2,0
2014-03-18 15,15,16101,2,0
2014-03-18 16,16,16230,2,0
2014-03-18 17,17,16142,2,0
2014-03-18 18,18,16474,2,0
2014-03-18 19,19,16286,2,0
2014-03-18 20,20,15913,2,0
2014-03-18 21,21,15642,2,0
2014-03-18 22,22,14765,2,0
2014-03-18 23,23,13619,2,0
2014-03-19 00,0,12558,3,0
2014-03-19 01,1,11856,3,0
2014-03-19 02,2,11601,3,0
2014-03-19 03,3,11435,3,0
2014-03-19 04,4,11405,3,0
2014-03-19 05,5,12071,3,0
2014-03-19 06,6,13110,3,0
2014-03-19 07,7,14748,3,0
2014-03-19 08,8,16621,3,0
2014-03-19 09,9,17365,3,0
2014-03-19 10,10,17471,3,0
2014-03-19 11,11,17141,3,0
2014-03-19 12,12,16667,3,0
2014-03-19 13,13,16804,3,0
2014-03-19 14,14,16720,3,0
2014-03-19 15,15,16690,3,0
2014-03-19 16,16,16686,3,0
2014-03-19 17,17,16946,3,0
2014-03-19 18,18,17290,3,0
2014-03-19 19,19,17226,3,0
2014-03-19 20,20,16672,3,0
2014-03-19 21,21,15935,3,0
2014-03-19 22,22,15061,3,0
2014-03-19 23,23,13917,3,0
2014-03-20 00,0,12794,4,0
2014-03-20 01,1,12399,4,0
2014-03-20 02,2,11986,4,0
2014-03-20 03,3,11673,4,0
2014-03-20 04,4,11929,4,0
2014-03-20 05,5,12184,4,0
2014-03-20 06,6,13198,4,0
2014-03-20 07,7,15545,4,0
2014-03-20 08,8,17377,4,0
2014-03-20 09,9,17940,4,0
2014-03-20 10,10,17999,4,0
2014-03-20 11,11,17899,4,0
2014-03-20 12,12,17184,4,0
2014-03-20 13,13,17188,4,0
2014-03-20 14,14,17096,4,0
2014-03-20 15,15,17024,4,0
2014-03-20 16,16,17073,4,0
2014-03-20 17,17,17099,4,0
2014-03-20 18,18,17401,4,0
2014-03-20 19,19,17366,4,0
2014-03-20 20,20,17195,4,0
2014-03-20 21,21,16756,4,0
2014-03-20 22,22,15670,4,0
2014-03-20 23,23,14946,4,0
2014-03-21 00,0,13513,5,0
2014-03-21 01,1,12707,5,0
2014-03-21 02,2,12194,5,0
2014-03-21 03,3,11911,5,0
2014-03-21 04,4,12051,5,0
2014-03-21 05,5,12464,5,0
2014-03-21 06,6,13571,5,0
2014-03-21 07,7,15489,5,0
2014-03-21 08,8,17155,5,0
2014-03-21 09,9,17834,5,0
2014-03-21 10,10,17825,5,0
2014-03-21 11,11,17363,5,0
2014-03-21 12,12,16933,5,0
2014-03-21 13,13,17003,5,0
2014-03-21 14,14,16911,5,0
2014-03-21 15,15,16953,5,0
2014-03-21 16,16,17062,5,0
2014-03-21 17,17,17227,5,0
2014-03-21 18,18,17318,5,0
2014-03-21 19,19,17375,5,0
2014-03-21 20,20,17186,5,0
2014-03-21 21,21,16787,5,0
2014-03-21 22,22,15821,5,0
2014-03-21 23,23,14943,5,0
2014-03-22 00,0,13513,6,1
2014-03-22 01,1,12678,6,1
2014-03-22 02,2,12075,6,1
2014-03-22 03,3,11840,6,1
2014-03-22 04,4,12009,6,1
2014-03-22 05,5,12428,6,1
2014-03-22 06,6,13081,6,1
2014-03-22 07,7,14213,6,1
2014-03-22 08,8,15526,6,1
2014-03-22 09,9,15997,6,1
2014-03-22 10,10,16136,6,1
2014-03-22 11,11,15679,6,1
2014-03-22 12,12,15328,6,1
2014-03-22 13,13,15383,6,1
2014-03-22 14,14,15216,6,1
2014-03-22 15,15,15321,6,1
2014-03-22 16,16,15402,6,1
2014-03-22 17,17,15357,6,1
2014-03-22 18,18,16004,6,1
2014-03-22 19,19,16014,6,1
2014-03-22 20,20,15944,6,1
2014-03-22 21,21,15662,6,1
2014-03-22 22,22,15059,6,1
2014-03-22 23,23,13813,6,1
2014-03-23 00,0,12968,7,1
2014-03-23 01,1,12305,7,1
2014-03-23 02,2,11904,7,1
2014-03-23 03,3,11530,7,1
2014-03-23 04,4,11532,7,1
2014-03-23 05,5,12126,7,1
2014-03-23 06,6,12809,7,1
2014-03-23 07,7,13891,7,1
2014-03-23 08,8,14714,7,1
2014-03-23 09,9,15502,7,1
2014-03-23 10,10,15633,7,1
2014-03-23 11,11,15330,7,1
2014-03-23 12,12,14885,7,1
2014-03-23 13,13,14902,7,1
2014-03-23 14,14,14948,7,1
2014-03-23 15,15,14990,7,1
2014-03-23 16,16,15013,7,1
2014-03-23 17,17,15275,7,1
2014-03-23 18,18,15628,7,1
2014-03-23 19,19,15650,7,1
2014-03-23 20,20,15491,7,1
2014-03-23 21,21,15225,7,1
2014-03-23 22,22,14279,7,1
2014-03-23 23,23,13343,7,1
2014-03-24 00,0,12725,1,0
2014-03-24 01,1,12166,1,0
2014-03-24 02,2,11571,1,0
2014-03-24 03,3,11282,1,0
2014-03-24 04,4,11262,1,0
2014-03-24 05,5,11679,1,0
2014-03-24 06,6,12810,1,0
2014-03-24 07,7,15054,1,0
2014-03-24 08,8,16691,1,0
2014-03-24 09,9,17289,1,0
2014-03-24 10,10,17386,1,0
2014-03-24 11,11,17040,1,0
2014-03-24 12,12,16515,1,0
2014-03-24 13,13,16647,1,0
2014-03-24 14,14,16530,1,0
2014-03-24 15,15,16656,1,0
2014-03-24 16,16,16739,1,0
2014-03-24 17,17,16623,1,0
2014-03-24 18,18,17042,1,0
2014-03-24 19,19,16914,1,0
2014-03-24 20,20,16761,1,0
2014-03-24 21,21,16562,1,0
2014-03-24 22,22,15908,1,0
2014-03-24 23,23,14553,1,0
2014-03-25 00,0,13310,2,0
2014-03-25 01,1,11945,2,0
2014-03-25 02,2,11567,2,0
2014-03-25 03,3,11372,2,0
2014-03-25 04,4,11581,2,0
2014-03-25 05,5,12044,2,0
2014-03-25 06,6,13093,2,0
2014-03-25 07,7,14778,2,0
2014-03-25 08,8,16727,2,0
2014-03-25 09,9,17353,2,0
2014-03-25 10,10,17425,2,0
2014-03-25 11,11,17021,2,0
2014-03-25 12,12,16534,2,0
2014-03-25 13,13,16567,2,0
2014-03-25 14,14,16457,2,0
2014-03-25 15,15,16461,2,0
2014-03-25 16,16,16571,2,0
2014-03-25 17,17,16443,2,0
2014-03-25 18,18,16827,2,0
2014-03-25 19,19,16692,2,0
2014-03-25 20,20,16318,2,0
2014-03-25 21,21,15915,2,0
2014-03-25 22,22,14857,2,0
2014-03-25 23,23,13634,2,0
2014-03-26 00,0,12586,3,0
2014-03-26 01,1,12016,3,0
2014-03-26 02,2,11709,3,0
2014-03-26 03,3,11465,3,0
2014-03-26 04,4,11522,3,0
2014-03-26 05,5,12213,3,0
2014-03-26 06,6,13032,3,0
2014-03-26 07,7,14666,3,0
2014-03-26 08,8,16272,3,0
2014-03-26 09,9,16925,3,0
2014-03-26 10,10,17097,3,0
2014-03-26 11,11,16557,3,0
2014-03-26 12,12,16238,3,0
2014-03-26 13,13,16437,3,0
2014-03-26 14,14,16176,3,0
2014-03-26 15,15,16256,3,0
2014-03-26 16,16,16367,3,0
2014-03-26 17,17,16184,3,0
2014-03-26 18,18,16586,3,0
2014-03-26 19,19,16506,3,0
2014-03-26 20,20,16153,3,0
2014-03-26 21,21,15794,3,0
2014-03-26 22,22,14822,3,0
2014-03-26 23,23,13634,3,0
2014-03-27 00,0,12505,4,0
2014-03-27 01,1,12089,4,0
2014-03-27 02,2,11579,4,0
2014-03-27 03,3,11442,4,0
2014-03-27 04,4,11557,4,0
2014-03-27 05,5,12114,4,0
2014-03-27 06,6,12997,4,0
2014-03-27 07,7,14727,4,0
2014-03-27 08,8,16307,4,0
2014-03-27 09,9,16770,4,0
2014-03-27 10,10,17050,4,0
2014-03-27 11,11,16375,4,0
2014-03-27 12,12,16100,4,0
2014-03-27 13,13,16168,4,0
2014-03-27 14,14,16139,4,0
2014-03-27 15,15,16055,4,0
2014-03-27 16,16,16202,4,0
2014-03-27 17,17,15975,4,0
2014-03-27 18,18,16477,4,0
2014-03-27 19,19,16355,4,0
2014-03-27 20,20,16018,4,0
2014-03-27 21,21,15560,4,0
2014-03-27 22,22,14713,4,0
2014-03-27 23,23,13530,4,0
2014-03-28 00,0,12528,5,0
2014-03-28 01,1,12023,5,0
2014-03-28 02,2,11666,5,0
2014-03-28 03,3,11385,5,0
2014-03-28 04,4,11606,5,0
2014-03-28 05,5,12083,5,0
2014-03-28 06,6,13084,5,0
2014-03-28 07,7,14722,5,0
2014-03-28 08,8,16500,5,0
2014-03-28 09,9,17495,5,0
2014-03-28 10,10,17522,5,0
2014-03-28 11,11,16792,5,0
2014-03-28 12,12,16245,5,0
2014-03-28 13,13,16482,5,0
2014-03-28 14,14,16359,5,0
2014-03-28 15,15,16447,5,0
2014-03-28 16,16,16480,5,0
2014-03-28 17,17,16302,5,0
2014-03-28 18,18,16464,5,0
2014-03-28 19,19,16349,5,0
2014-03-28 20,20,15963,5,0
2014-03-28 21,21,15575,5,0
2014-03-28 22,22,14802,5,0
2014-03-28 23,23,13737,5,0
2014-03-29 00,0,12538,6,1
2014-03-29 01,1,11927,6,1
2014-03-29 02,2,11421,6,1
2014-03-29 03,3,11172,6,1
2014-03-29 04,4,11396,6,1
2014-03-29 05,5,11672,6,1
2014-03-29 06,6,12326,6,1
2014-03-29 07,7,13757,6,1
2014-03-29 08,8,14792,6,1
2014-03-29 09,9,15580,6,1
2014-03-29 10,10,15693,6,1
2014-03-29 11,11,15353,6,1
2014-03-29 12,12,15009,6,1
2014-03-29 13,13,14985,6,1
2014-03-29 14,14,14833,6,1
2014-03-29 15,15,14916,6,1
2014-03-29 16,16,14924,6,1
2014-03-29 17,17,15097,6,1
2014-03-29 18,18,15575,6,1
2014-03-29 19,19,15549,6,1
2014-03-29 20,20,15242,6,1
2014-03-29 21,21,14994,6,1
2014-03-29 22,22,14319,6,1
2014-03-29 23,23,13376,6,1
2014-03-30 00,0,12291,7,1
2014-03-30 01,1,11594,7,1
2014-03-30 02,2,11158,7,1
2014-03-30 03,3,11005,7,1
2014-03-30 04,4,10935,7,1
2014-03-30 05,5,11437,7,1
2014-03-30 06,6,11819,7,1
2014-03-30 07,7,12682,7,1
2014-03-30 08,8,13647,7,1
2014-03-30 09,9,14143,7,1
2014-03-30 10,10,14220,7,1
2014-03-30 11,11,14004,7,1
2014-03-30 12,12,13589,7,1
2014-03-30 13,13,13626,7,1
2014-03-30 14,14,13419,7,1
2014-03-30 15,15,13642,7,1
2014-03-30 16,16,14004,7,1
2014-03-30 17,17,14054,7,1
2014-03-30 18,18,14717,7,1
2014-03-30 19,19,14732,7,1
2014-03-30 20,20,14686,7,1
2014-03-30 21,21,14327,7,1
2014-03-30 22,22,13600,7,1
2014-03-30 23,23,12791,7,1
2014-03-31 00,0,11631,1,0
2014-03-31 01,1,11223,1,0
2014-03-31 02,2,10588,1,0
2014-03-31 03,3,10473,1,0
2014-03-31 04,4,10733,1,0
2014-03-31 05,5,11390,1,0
2014-03-31 06,6,12734,1,0
2014-03-31 07,7,14458,1,0
2014-03-31 08,8,15837,1,0
2014-03-31 09,9,16540,1,0
2014-03-31 10,10,16699,1,0
2014-03-31 11,11,16307,1,0
2014-03-31 12,12,15892,1,0
2014-03-31 13,13,16033,1,0
2014-03-31 14,14,15764,1,0
2014-03-31 15,15,16089,1,0
2014-03-31 16,16,16212,1,0
2014-03-31 17,17,16016,1,0
2014-03-31 18,18,16265,1,0
2014-03-31 19,19,16288,1,0
2014-03-31 20,20,15986,1,0
2014-03-31 21,21,15445,1,0
2014-03-31 22,22,14797,1,0
2014-03-31 23,23,13483,1,0
2014-04-01 00,0,12513,2,0
2014-04-01 01,1,11545,2,0
2014-04-01 02,2,11101,2,0
2014-04-01 03,3,10937,2,0
2014-04-01 04,4,11146,2,0
2014-04-01 05,5,11687,2,0
2014-04-01 06,6,12732,2,0
2014-04-01 07,7,14560,2,0
2014-04-01 08,8,15965,2,0
2014-04-01 09,9,16540,2,0
2014-04-01 10,10,16565,2,0
2014-04-01 11,11,16046,2,0
2014-04-01 12,12,15841,2,0
2014-04-01 13,13,15957,2,0
2014-04-01 14,14,15799,2,0
2014-04-01 15,15,15887,2,0
2014-04-01 16,16,16019,2,0
2014-04-01 17,17,15786,2,0
2014-04-01 18,18,16252,2,0
2014-04-01 19,19,16199,2,0
2014-04-01 20,20,15891,2,0
2014-04-01 21,21,15442,2,0
2014-04-01 22,22,14698,2,0
2014-04-01 23,23,13483,2,0
2014-04-02 00,0,12525,3,0
2014-04-02 01,1,11750,3,0
2014-04-02 02,2,11307,3,0
2014-04-02 03,3,11110,3,0
2014-04-02 04,4,11449,3,0
2014-04-02 05,5,12016,3,0
2014-04-02 06,6,12916,3,0
2014-04-02 07,7,14231,3,0
2014-04-02 08,8,15718,3,0
2014-04-02 09,9,16527,3,0
2014-04-02 10,10,16765,3,0
2014-04-02 11,11,16398,3,0
2014-04-02 12,12,15871,3,0
2014-04-02 13,13,15932,3,0
2014-04-02 14,14,15794,3,0
2014-04-02 15,15,15836,3,0
2014-04-02 16,16,15923,3,0
2014-04-02 17,17,15775,3,0
2014-04-02 18,18,16121,3,0
2014-04-02 19,19,16005,3,0
2014-04-02 20,20,15743,3,0
2014-04-02 21,21,15263,3,0
2014-04-02 22,22,14425,3,0
2014-04-02 23,23,13232,3,0
2014-04-03 00,0,12246,4,0
2014-04-03 01,1,11669,4,0
2014-04-03 02,2,11338,4,0
2014-04-03 03,3,11241,4,0
2014-04-03 04,4,11389,4,0
2014-04-03 05,5,11920,4,0
2014-04-03 06,6,12879,4,0
2014-04-03 07,7,14387,4,0
2014-04-03 08,8,15929,4,0
2014-04-03 09,9,16587,4,0
2014-04-03 10,10,16670,4,0
2014-04-03 11,11,16227,4,0
2014-04-03 12,12,15756,4,0
2014-04-03 13,13,15842,4,0
2014-04-03 14,14,15778,4,0
2014-04-03 15,15,15903,4,0
2014-04-03 16,16,16001,4,0
2014-04-03 17,17,15703,4,0
2014-04-03 18,18,16044,4,0
2014-04-03 19,19,16022,4,0
2014-04-03 20,20,15742,4,0
2014-04-03 21,21,15238,4,0
2014-04-03 22,22,14442,4,0
2014-04-03 23,23,13319,4,0
2014-04-04 00,0,12337,5,0
2014-04-04 01,1,11522,5,0
2014-04-04 02,2,11287,5,0
2014-04-04 03,3,11078,5,0
2014-04-04 04,4,11273,5,0
2014-04-04 05,5,11847,5,0
2014-04-04 06,6,12680,5,0
2014-04-04 07,7,14174,5,0
2014-04-04 08,8,15665,5,0
2014-04-04 09,9,16302,5,0
2014-04-04 10,10,16290,5,0
2014-04-04 11,11,15878,5,0
2014-04-04 12,12,15544,5,0
2014-04-04 13,13,15634,5,0
2014-04-04 14,14,15590,5,0
2014-04-04 15,15,15734,5,0
2014-04-04 16,16,15674,5,0
2014-04-04 17,17,15590,5,0
2014-04-04 18,18,15700,5,0
2014-04-04 19,19,15748,5,0
2014-04-04 20,20,15364,5,0
2014-04-04 21,21,15047,5,0
2014-04-04 22,22,14056,5,0
2014-04-04 23,23,12926,5,0
2014-04-05 00,0,11968,6,-1
2014-04-05 01,1,11267,6,-1
2014-04-05 02,2,10822,6,-1
2014-04-05 03,3,10563,6,-1
2014-04-05 04,4,10620,6,-1
2014-04-05 05,5,10850,6,-1
2014-04-05 06,6,10833,6,-1
2014-04-05 07,7,11122,6,-1
2014-04-05 08,8,11727,6,-1
2014-04-05 09,9,12402,6,-1
2014-04-05 10,10,12479,6,-1
2014-04-05 11,11,12264,6,-1
2014-04-05 12,12,11955,6,-1
2014-04-05 13,13,12110,6,-1
2014-04-05 14,14,11969,6,-1
2014-04-05 15,15,12244,6,-1
2014-04-05 16,16,12576,6,-1
2014-04-05 17,17,13104,6,-1
2014-04-05 18,18,13485,6,-1
2014-04-05 19,19,13543,6,-1
2014-04-05 20,20,13483,6,-1
2014-04-05 21,21,12960,6,-1
2014-04-05 22,22,12258,6,-1
2014-04-05 23,23,11420,6,-1
2014-04-06 00,0,10611,7,1
2014-04-06 01,1,9972,7,1
2014-04-06 02,2,9532,7,1
2014-04-06 03,3,9345,7,1
2014-04-06 04,4,9550,7,1
2014-04-06 05,5,9909,7,1
2014-04-06 06,6,10196,7,1
2014-04-06 07,7,11511,7,1
2014-04-06 08,8,12560,7,1
2014-04-06 09,9,13225,7,1
2014-04-06 10,10,13361,7,1
2014-04-06 11,11,13043,7,1
2014-04-06 12,12,12851,7,1
2014-04-06 13,13,12863,7,1
2014-04-06 14,14,12796,7,1
2014-04-06 15,15,13042,7,1
2014-04-06 16,16,13547,7,1
2014-04-06 17,17,13591,7,1
2014-04-06 18,18,13771,7,1
2014-04-06 19,19,13919,7,1
2014-04-06 20,20,13788,7,1
2014-04-06 21,21,13360,7,1
2014-04-06 22,22,12690,7,1
2014-04-06 23,23,11953,7,1
2014-04-07 00,0,11170,1,1
2014-04-07 01,1,10823,1,1
2014-04-07 02,2,10559,1,1
2014-04-07 03,3,10134,1,1
2014-04-07 04,4,10336,1,1
2014-04-07 05,5,10662,1,1
2014-04-07 06,6,11151,1,1
2014-04-07 07,7,12556,1,1
2014-04-07 08,8,13936,1,1
2014-04-07 09,9,14786,1,1
2014-04-07 10,10,15012,1,1
2014-04-07 11,11,14793,1,1
2014-04-07 12,12,14235,1,1
2014-04-07 13,13,14372,1,1
2014-04-07 14,14,14195,1,1
2014-04-07 15,15,14354,1,1
2014-04-07 16,16,14545,1,1
2014-04-07 17,17,14636,1,1
2014-04-07 18,18,15032,1,1
2014-04-07 19,19,15054,1,1
2014-04-07 20,20,14956,1,1
2014-04-07 21,21,14534,1,1
2014-04-07 22,22,13727,1,1
2014-04-07 23,23,12637,1,1
2014-04-08 00,0,11862,2,0
2014-04-08 01,1,11109,2,0
2014-04-08 02,2,10394,2,0
2014-04-08 03,3,10393,2,0
2014-04-08 04,4,10490,2,0
2014-04-08 05,5,11347,2,0
2014-04-08 06,6,12279,2,0
2014-04-08 07,7,13941,2,0
2014-04-08 08,8,15748,2,0
2014-04-08 09,9,16283,2,0
2014-04-08 10,10,16606,2,0
2014-04-08 11,11,16013,2,0
2014-04-08 12,12,15463,2,0
2014-04-08 13,13,15631,2,0
2014-04-08 14,14,15505,2,0
2014-04-08 15,15,15670,2,0
2014-04-08 16,16,15669,2,0
2014-04-08 17,17,15512,2,0
2014-04-08 18,18,15966,2,0
2014-04-08 19,19,15925,2,0
2014-04-08 20,20,15583,2,0
2014-04-08 21,21,15111,2,0
2014-04-08 22,22,14213,2,0
2014-04-08 23,23,13147,2,0
2014-04-09 00,0,12052,3,0
2014-04-09 01,1,11613,3,0
2014-04-09 02,2,11306,3,0
2014-04-09 03,3,11156,3,0
2014-04-09 04,4,11275,3,0
2014-04-09 05,5,11833,3,0
2014-04-09 06,6,12657,3,0
2014-04-09 07,7,14309,3,0
2014-04-09 08,8,15794,3,0
2014-04-09 09,9,16493,3,0
2014-04-09 10,10,16629,3,0
2014-04-09 11,11,15956,3,0
2014-04-09 12,12,15585,3,0
2014-04-09 13,13,15830,3,0
2014-04-09 14,14,15876,3,0
2014-04-09 15,15,15935,3,0
2014-04-09 16,16,15988,3,0
2014-04-09 17,17,15580,3,0
2014-04-09 18,18,16007,3,0
2014-04-09 19,19,16027,3,0
2014-04-09 20,20,15796,3,0
2014-04-09 21,21,15314,3,0
2014-04-09 22,22,14472,3,0
2014-04-09 23,23,13222,3,0
2014-04-10 00,0,12350,4,0
2014-04-10 01,1,11727,4,0
2014-04-10 02,2,11376,4,0
2014-04-10 03,3,11201,4,0
2014-04-10 04,4,11302,4,0
2014-04-10 05,5,11850,4,0
2014-04-10 06,6,12645,4,0
2014-04-10 07,7,14106,4,0
2014-04-10 08,8,15667,4,0
2014-04-10 09,9,16354,4,0
2014-04-10 10,10,16351,4,0
2014-04-10 11,11,16039,4,0
2014-04-10 12,12,15689,4,0
2014-04-10 13,13,15862,4,0
2014-04-10 14,14,15777,4,0
2014-04-10 15,15,15813,4,0
2014-04-10 16,16,15822,4,0
2014-04-10 17,17,15523,4,0
2014-04-10 18,18,16031,4,0
2014-04-10 19,19,16006,4,0
2014-04-10 20,20,15649,4,0
2014-04-10 21,21,15209,4,0
2014-04-10 22,22,14395,4,0
2014-04-10 23,23,13183,4,0
2014-04-11 00,0,12238,5,0
2014-04-11 01,1,11693,5,0
2014-04-11 02,2,11327,5,0
2014-04-11 03,3,11032,5,0
2014-04-11 04,4,11108,5,0
2014-04-11 05,5,11668,5,0
2014-04-11 06,6,12506,5,0
2014-04-11 07,7,13965,5,0
2014-04-11 08,8,15646,5,0
2014-04-11 09,9,16317,5,0
2014-04-11 10,10,16322,5,0
2014-04-11 11,11,15883,5,0
2014-04-11 12,12,15413,5,0
2014-04-11 13,13,15481,5,0
2014-04-11 14,14,15453,5,0
2014-04-11 15,15,15418,5,0
2014-04-11 16,16,15413,5,0
2014-04-11 17,17,15290,5,0
2014-04-11 18,18,15665,5,0
2014-04-11 19,19,15626,5,0
2014-04-11 20,20,15353,5,0
2014-04-11 21,21,14856,5,0
2014-04-11 22,22,14019,5,0
2014-04-11 23,23,12878,5,0
2014-04-12 00,0,12201,6,1
2014-04-12 01,1,11853,6,1
2014-04-12 02,2,11303,6,1
2014-04-12 03,3,11107,6,1
2014-04-12 04,4,11241,6,1
2014-04-12 05,5,11492,6,1
2014-04-12 06,6,11926,6,1
2014-04-12 07,7,13395,6,1
2014-04-12 08,8,14714,6,1
2014-04-12 09,9,15398,6,1
2014-04-12 10,10,15490,6,1
2014-04-12 11,11,15238,6,1
2014-04-12 12,12,14985,6,1
2014-04-12 13,13,14977,6,1
2014-04-12 14,14,14937,6,1
2014-04-12 15,15,14929,6,1
2014-04-12 16,16,14977,6,1
2014-04-12 17,17,14891,6,1
2014-04-12 18,18,15206,6,1
2014-04-12 19,19,15242,6,1
2014-04-12 20,20,15065,6,1
2014-04-12 21,21,14609,6,1
2014-04-12 22,22,14020,6,1
2014-04-12 23,23,12945,6,1
2014-04-13 00,0,12059,7,1
2014-04-13 01,1,11436,7,1
2014-04-13 02,2,11012,7,1
2014-04-13 03,3,10746,7,1
2014-04-13 04,4,10867,7,1
2014-04-13 05,5,11089,7,1
2014-04-13 06,6,11388,7,1
2014-04-13 07,7,12315,7,1
2014-04-13 08,8,13389,7,1
2014-04-13 09,9,14036,7,1
2014-04-13 10,10,14204,7,1
2014-04-13 11,11,14054,7,1
2014-04-13 12,12,13712,7,1
2014-04-13 13,13,13642,7,1
2014-04-13 14,14,13574,7,1
2014-04-13 15,15,13692,7,1
2014-04-13 16,16,13883,7,1
2014-04-13 17,17,14025,7,1
2014-04-13 18,18,14477,7,1
2014-04-13 19,19,14552,7,1
2014-04-13 20,20,14472,7,1
2014-04-13 21,21,14121,7,1
2014-04-13 22,22,13358,7,1
2014-04-13 23,23,12353,7,1
2014-04-14 00,0,11332,1,0
2014-04-14 01,1,10812,1,0
2014-04-14 02,2,10358,1,0
2014-04-14 03,3,10223,1,0
2014-04-14 04,4,10478,1,0
2014-04-14 05,5,11066,1,0
2014-04-14 06,6,11962,1,0
2014-04-14 07,7,13779,1,0
2014-04-14 08,8,15348,1,0
2014-04-14 09,9,16302,1,0
2014-04-14 10,10,16369,1,0
2014-04-14 11,11,16039,1,0
2014-04-14 12,12,15743,1,0
2014-04-14 13,13,15761,1,0
2014-04-14 14,14,15651,1,0
2014-04-14 15,15,15825,1,0
2014-04-14 16,16,15896,1,0
2014-04-14 17,17,15720,1,0
2014-04-14 18,18,15844,1,0
2014-04-14 19,19,15894,1,0
2014-04-14 20,20,15723,1,0
2014-04-14 21,21,15176,1,0
2014-04-14 22,22,14319,1,0
2014-04-14 23,23,13200,1,0
2014-04-15 00,0,12323,2,0
2014-04-15 01,1,11669,2,0
2014-04-15 02,2,11436,2,0
2014-04-15 03,3,11220,2,0
2014-04-15 04,4,11486,2,0
2014-04-15 05,5,11897,2,0
2014-04-15 06,6,12609,2,0
2014-04-15 07,7,14066,2,0
2014-04-15 08,8,15484,2,0
2014-04-15 09,9,16261,2,0
2014-04-15 10,10,16388,2,0
2014-04-15 11,11,16019,2,0
2014-04-15 12,12,15632,2,0
2014-04-15 13,13,15719,2,0
2014-04-15 14,14,15708,2,0
2014-04-15 15,15,15694,2,0
2014-04-15 16,16,15739,2,0
2014-04-15 17,17,15487,2,0
2014-04-15 18,18,15879,2,0
2014-04-15 19,19,15873,2,0
2014-04-15 20,20,15569,2,0
2014-04-15 21,21,15125,2,0
2014-04-15 22,22,14294,2,0
2014-04-15 23,23,13105,2,0
2014-04-16 00,0,12094,3,0
2014-04-16 01,1,11758,3,0
2014-04-16 02,2,11393,3,0
2014-04-16 03,3,11112,3,0
2014-04-16 04,4,11370,3,0
2014-04-16 05,5,11894,3,0
2014-04-16 06,6,12749,3,0
2014-04-16 07,7,14162,3,0
2014-04-16 08,8,15731,3,0
2014-04-16 09,9,16403,3,0
2014-04-16 10,10,16438,3,0
2014-04-16 11,11,15940,3,0
2014-04-16 12,12,15785,3,0
2014-04-16 13,13,15962,3,0
2014-04-16 14,14,15836,3,0
2014-04-16 15,15,15871,3,0
2014-04-16 16,16,15938,3,0
2014-04-16 17,17,15581,3,0
2014-04-16 18,18,16123,3,0
2014-04-16 19,19,16172,3,0
2014-04-16 20,20,15824,3,0
2014-04-16 21,21,15506,3,0
2014-04-16 22,22,14691,3,0
2014-04-16 23,23,13573,3,0
2014-04-17 00,0,12355,4,0
2014-04-17 01,1,11550,4,0
2014-04-17 02,2,11326,4,0
2014-04-17 03,3,11062,4,0
2014-04-17 04,4,11287,4,0
2014-04-17 05,5,11797,4,0
2014-04-17 06,6,12441,4,0
2014-04-17 07,7,14081,4,0
2014-04-17 08,8,15902,4,0
2014-04-17 09,9,16357,4,0
2014-04-17 10,10,16514,4,0
2014-04-17 11,11,16131,4,0
2014-04-17 12,12,15870,4,0
2014-04-17 13,13,16020,4,0
2014-04-17 14,14,16025,4,0
2014-04-17 15,15,15984,4,0
2014-04-17 16,16,16015,4,0
2014-04-17 17,17,15635,4,0
2014-04-17 18,18,16159,4,0
2014-04-17 19,19,16102,4,0
2014-04-17 20,20,15757,4,0
2014-04-17 21,21,15388,4,0
2014-04-17 22,22,14463,4,0
2014-04-17 23,23,13135,4,0
2014-04-18 00,0,12146,5,0
2014-04-18 01,1,11620,5,0
2014-04-18 02,2,11325,5,0
2014-04-18 03,3,11053,5,0
2014-04-18 04,4,11301,5,0
2014-04-18 05,5,11784,5,0
2014-04-18 06,6,12616,5,0
2014-04-18 07,7,14222,5,0
2014-04-18 08,8,16046,5,0
2014-04-18 09,9,16643,5,0
2014-04-18 10,10,16702,5,0
2014-04-18 11,11,16370,5,0
2014-04-18 12,12,15974,5,0
2014-04-18 13,13,16017,5,0
2014-04-18 14,14,16011,5,0
2014-04-18 15,15,15982,5,0
2014-04-18 16,16,15989,5,0
2014-04-18 17,17,15814,5,0
2014-04-18 18,18,16117,5,0
2014-04-18 19,19,16118,5,0
2014-04-18 20,20,15826,5,0
2014-04-18 21,21,15257,5,0
2014-04-18 22,22,14439,5,0
2014-04-18 23,23,13209,5,0
2014-04-19 00,0,12132,6,1
2014-04-19 01,1,11745,6,1
2014-04-19 02,2,11179,6,1
2014-04-19 03,3,11109,6,1
2014-04-19 04,4,11174,6,1
2014-04-19 05,5,11368,6,1
2014-04-19 06,6,11827,6,1
2014-04-19 07,7,13339,6,1
2014-04-19 08,8,14748,6,1
2014-04-19 09,9,15583,6,1
2014-04-19 10,10,15782,6,1
2014-04-19 11,11,15650,6,1
2014-04-19 12,12,15116,6,1
2014-04-19 13,13,15110,6,1
2014-04-19 14,14,15119,6,1
2014-04-19 15,15,15194,6,1
2014-04-19 16,16,15444,6,1
2014-04-19 17,17,15231,6,1
2014-04-19 18,18,15454,6,1
2014-04-19 19,19,15490,6,1
2014-04-19 20,20,14953,6,1
2014-04-19 21,21,14688,6,1
2014-04-19 22,22,13855,6,1
2014-04-19 23,23,12943,6,1
2014-04-20 00,0,12039,7,1
2014-04-20 01,1,11437,7,1
2014-04-20 02,2,11020,7,1
2014-04-20 03,3,10764,7,1
2014-04-20 04,4,10879,7,1
2014-04-20 05,5,11109,7,1
2014-04-20 06,6,11298,7,1
2014-04-20 07,7,12449,7,1
2014-04-20 08,8,13503,7,1
2014-04-20 09,9,14370,7,1
2014-04-20 10,10,14565,7,1
2014-04-20 11,11,14434,7,1
2014-04-20 12,12,13877,7,1
2014-04-20 13,13,14019,7,1
2014-04-20 14,14,13796,7,1
2014-04-20 15,15,14103,7,1
2014-04-20 16,16,14372,7,1
2014-04-20 17,17,14362,7,1
2014-04-20 18,18,14626,7,1
2014-04-20 19,19,14707,7,1
2014-04-20 20,20,14583,7,1
2014-04-20 21,21,14167,7,1
2014-04-20 22,22,13517,7,1
2014-04-20 23,23,12372,7,1
2014-04-21 00,0,11461,1,0
2014-04-21 01,1,11095,1,0
2014-04-21 02,2,10686,1,0
2014-04-21 03,3,10609,1,0
2014-04-21 04,4,10865,1,0
2014-04-21 05,5,11510,1,0
2014-04-21 06,6,12361,1,0
2014-04-21 07,7,13974,1,0
2014-04-21 08,8,15529,1,0
2014-04-21 09,9,16477,1,0
2014-04-21 10,10,16545,1,0
2014-04-21 11,11,16058,1,0
2014-04-21 12,12,15795,1,0
2014-04-21 13,13,15962,1,0
2014-04-21 14,14,15804,1,0
2014-04-21 15,15,15871,1,0
2014-04-21 16,16,15944,1,0
2014-04-21 17,17,15582,1,0
2014-04-21 18,18,16123,1,0
2014-04-21 19,19,16172,1,0
2014-04-21 20,20,15760,1,0
2014-04-21 21,21,15363,1,0
2014-04-21 22,22,14414,1,0
2014-04-21 23,23,13270,1,0
2014-04-22 00,0,12154,2,0
2014-04-22 01,1,11440,2,0
2014-04-22 02,2,11232,2,0
2014-04-22 03,3,10968,2,0
2014-04-22 04,4,11181,2,0
2014-04-22 05,5,11703,2,0
2014-04-22 06,6,12643,2,0
2014-04-22 07,7,14267,2,0
2014-04-22 08,8,15913,2,0
2014-04-22 09,9,16347,2,0
2014-04-22 10,10,16502,2,0
2014-04-22 11,11,16131,2,0
2014-04-22 12,12,15869,2,0
2014-04-22 13,13,16013,2,0
2014-04-22 14,14,16025,2,0
2014-04-22 15,15,15979,2,0
2014-04-22 16,16,15998,2,0
2014-04-22 17,17,15635,2,0
2014-04-22 18,18,16159,2,0
2014-04-22 19,19,16095,2,0
2014-04-22 20,20,15796,2,0
2014-04-22 21,21,15367,2,0
2014-04-22 22,22,14701,2,0
2014-04-22 23,23,13326,2,0
2014-04-23 00,0,12507,3,0
2014-04-23 01,1,11893,3,0
2014-04-23 02,2,11485,3,0
2014-04-23 03,3,11385,3,0
2014-04-23 04,4,11525,3,0
2014-04-23 05,5,12017,3,0
2014-04-23 06,6,12833,3,0
2014-04-23 07,7,14441,3,0
2014-04-23 08,8,15760,3,0
2014-04-23 09,9,16526,3,0
2014-04-23 10,10,16623,3,0
2014-04-23 11,11,16455,3,0
2014-04-23 12,12,15946,3,0
2014-04-23 13,13,15990,3,0
2014-04-23 14,14,15907,3,0
2014-04-23 15,15,15918,3,0
2014-04-23 16,16,15954,3,0
2014-04-23 17,17,15825,3,0
2014-04-23 18,18,16199,3,0
2014-04-23 19,19,16197,3,0
2014-04-23 20,20,15932,3,0
2014-04-23 21,21,15462,3,0
2014-04-23 22,22,14625,3,0
2014-04-23 23,23,13520,3,0
2014-04-24 00,0,12524,4,0
2014-04-24 01,1,11971,4,0
2014-04-24 02,2,11639,4,0
2014-04-24 03,3,11463,4,0
2014-04-24 04,4,11581,4,0
2014-04-24 05,5,12170,4,0
2014-04-24 06,6,12900,4,0
2014-04-24 07,7,14471,4,0
2014-04-24 08,8,15959,4,0
2014-04-24 09,9,16536,4,0
2014-04-24 10,10,16711,4,0
2014-04-24 11,11,16275,4,0
2014-04-24 12,12,15966,4,0
2014-04-24 13,13,16232,4,0
2014-04-24 14,14,16001,4,0
2014-04-24 15,15,15985,4,0
2014-04-24 16,16,16068,4,0
2014-04-24 17,17,15797,4,0
2014-04-24 18,18,16203,4,0
2014-04-24 19,19,16217,4,0
2014-04-24 20,20,15866,4,0
2014-04-24 21,21,15340,4,0
2014-04-24 22,22,14653,4,0
2014-04-24 23,23,13449,4,0
2014-04-25 00,0,12478,5,0
2014-04-25 01,1,11991,5,0
2014-04-25 02,2,11563,5,0
2014-04-25 03,3,11414,5,0
2014-04-25 04,4,11588,5,0
2014-04-25 05,5,12061,5,0
2014-04-25 06,6,12762,5,0
2014-04-25 07,7,14458,5,0
2014-04-25 08,8,16029,5,0
2014-04-25 09,9,16712,5,0
2014-04-25 10,10,16903,5,0
2014-04-25 11,11,16304,5,0
2014-04-25 12,12,15924,5,0
2014-04-25 13,13,16123,5,0
2014-04-25 14,14,16011,5,0
2014-04-25 15,15,16193,5,0
2014-04-25 16,16,16307,5,0
2014-04-25 17,17,16026,5,0
2014-04-25 18,18,16224,5,0
2014-04-25 19,19,16168,5,0
2014-04-25 20,20,15825,5,0
2014-04-25 21,21,15422,5,0
2014-04-25 22,22,14638,5,0
2014-04-25 23,23,13502,5,0
2014-04-26 00,0,12530,6,1
2014-04-26 01,1,12032,6,1
2014-04-26 02,2,11621,6,1
2014-04-26 03,3,11406,6,1
2014-04-26 04,4,11300,6,1
2014-04-26 05,5,11749,6,1
2014-04-26 06,6,12208,6,1
2014-04-26 07,7,13551,6,1
2014-04-26 08,8,14824,6,1
2014-04-26 09,9,15551,6,1
2014-04-26 10,10,15865,6,1
2014-04-26 11,11,15699,6,1
2014-04-26 12,12,15076,6,1
2014-04-26 13,13,15164,6,1
2014-04-26 14,14,15109,6,1
2014-04-26 15,15,15141,6,1
2014-04-26 16,16,15192,6,1
2014-04-26 17,17,15393,6,1
2014-04-26 18,18,15474,6,1
2014-04-26 19,19,15448,6,1
2014-04-26 20,20,15090,6,1
2014-04-26 21,21,14659,6,1
2014-04-26 22,22,14074,6,1
2014-04-26 23,23,13149,6,1
2014-04-27 00,0,12089,7,1
2014-04-27 01,1,11692,7,1
2014-04-27 02,2,11226,7,1
2014-04-27 03,3,11048,7,1
2014-04-27 04,4,11033,7,1
2014-04-27 05,5,11416,7,1
2014-04-27 06,6,11722,7,1
2014-04-27 07,7,12632,7,1
2014-04-27 08,8,13630,7,1
2014-04-27 09,9,14380,7,1
2014-04-27 10,10,14611,7,1
2014-04-27 11,11,14487,7,1
2014-04-27 12,12,13895,7,1
2014-04-27 13,13,13976,7,1
2014-04-27 14,14,13875,7,1
2014-04-27 15,15,14021,7,1
2014-04-27 16,16,14190,7,1
2014-04-27 17,17,14151,7,1
2014-04-27 18,18,14607,7,1
2014-04-27 19,19,14697,7,1
2014-04-27 20,20,14600,7,1
2014-04-27 21,21,14302,7,1
2014-04-27 22,22,13646,7,1
2014-04-27 23,23,12774,7,1
2014-04-28 00,0,11618,1,0
2014-04-28 01,1,11138,1,0
2014-04-28 02,2,10813,1,0
2014-04-28 03,3,10709,1,0
2014-04-28 04,4,10977,1,0
2014-04-28 05,5,11497,1,0
2014-04-28 06,6,12464,1,0
2014-04-28 07,7,14256,1,0
2014-04-28 08,8,15962,1,0
2014-04-28 09,9,16617,1,0
2014-04-28 10,10,16912,1,0
2014-04-28 11,11,16595,1,0
2014-04-28 12,12,16200,1,0
2014-04-28 13,13,16373,1,0
2014-04-28 14,14,16213,1,0
2014-04-28 15,15,16433,1,0
2014-04-28 16,16,16443,1,0
2014-04-28 17,17,16123,1,0
2014-04-28 18,18,16377,1,0
2014-04-28 19,19,16214,1,0
2014-04-28 20,20,15924,1,0
2014-04-28 21,21,15439,1,0
2014-04-28 22,22,14449,1,0
2014-04-28 23,23,13555,1,0
2014-04-29 00,0,12466,2,0
2014-04-29 01,1,11900,2,0
2014-04-29 02,2,11593,2,0
2014-04-29 03,3,11420,2,0
2014-04-29 04,4,11569,2,0
2014-04-29 05,5,12023,2,0
2014-04-29 06,6,12720,2,0
2014-04-29 07,7,14175,2,0
2014-04-29 08,8,15841,2,0
2014-04-29 09,9,16533,2,0
2014-04-29 10,10,16643,2,0
2014-04-29 11,11,16253,2,0
2014-04-29 12,12,15911,2,0
2014-04-29 13,13,16078,2,0
2014-04-29 14,14,15945,2,0
2014-04-29 15,15,15944,2,0
2014-04-29 16,16,15984,2,0
2014-04-29 17,17,15594,2,0
2014-04-29 18,18,16059,2,0
2014-04-29 19,19,16063,2,0
2014-04-29 20,20,15789,2,0
2014-04-29 21,21,15340,2,0
2014-04-29 22,22,14550,2,0
2014-04-29 23,23,13360,2,0
2014-04-30 00,0,12225,3,0
2014-04-30 01,1,11773,3,0
2014-04-30 02,2,11490,3,0
2014-04-30 03,3,11241,3,0
2014-04-30 04,4,11421,3,0
2014-04-30 05,5,11966,3,0
2014-04-30 06,6,12531,3,0
2014-04-30 07,7,14174,3,0
2014-04-30 08,8,15717,3,0
2014-04-30 09,9,16249,3,0
2014-04-30 10,10,16383,3,0
2014-04-30 11,11,15975,3,0
2014-04-30 12,12,15760,3,0
2014-04-30 13,13,15890,3,0
2014-04-30 14,14,15783,3,0
2014-04-30 15,15,15866,3,0
2014-04-30 16,16,15902,3,0
2014-04-30 17,17,15733,3,0
2014-04-30 18,18,15926,3,0
2014-04-30 19,19,15834,3,0
2014-04-30 20,20,15559,3,0
2014-04-30 21,21,15132,3,0
2014-04-30 22,22,14323,3,0
2014-04-30 23,23,13240,3,0
2014-05-01 00,0,11805,4,-1
2014-05-01 01,1,10602,4,-1
2014-05-01 02,2,9881,4,-1
2014-05-01 03,3,9689,4,-1
2014-05-01 04,4,9663,4,-1
2014-05-01 05,5,9931,4,-1
2014-05-01 06,6,10000,4,-1
2014-05-01 07,7,10418,4,-1
2014-05-01 08,8,10952,4,-1
2014-05-01 09,9,11862,4,-1
2014-05-01 10,10,12143,4,-1
2014-05-01 11,11,12053,4,-1
2014-05-01 12,12,11704,4,-1
2014-05-01 13,13,11559,4,-1
2014-05-01 14,14,11498,4,-1
2014-05-01 15,15,11554,4,-1
2014-05-01 16,16,11796,4,-1
2014-05-01 17,17,11940,4,-1
2014-05-01 18,18,12626,4,-1
2014-05-01 19,19,12772,4,-1
2014-05-01 20,20,12684,4,-1
2014-05-01 21,21,12390,4,-1
2014-05-01 22,22,11667,4,-1
2014-05-01 23,23,10894,4,-1
2014-05-02 00,0,10288,5,1
2014-05-02 01,1,9686,5,1
2014-05-02 02,2,9310,5,1
2014-05-02 03,3,9227,5,1
2014-05-02 04,4,9334,5,1
2014-05-02 05,5,9643,5,1
2014-05-02 06,6,10183,5,1
2014-05-02 07,7,10891,5,1
2014-05-02 08,8,11786,5,1
2014-05-02 09,9,12397,5,1
2014-05-02 10,10,12686,5,1
2014-05-02 11,11,12416,5,1
2014-05-02 12,12,11984,5,1
2014-05-02 13,13,11958,5,1
2014-05-02 14,14,11900,5,1
2014-05-02 15,15,11947,5,1
2014-05-02 16,16,12292,5,1
2014-05-02 17,17,12847,5,1
2014-05-02 18,18,13225,5,1
2014-05-02 19,19,13352,5,1
2014-05-02 20,20,13232,5,1
2014-05-02 21,21,12885,5,1
2014-05-02 22,22,12207,5,1
2014-05-02 23,23,11557,5,1
2014-05-03 00,0,10593,6,1
2014-05-03 01,1,10170,6,1
2014-05-03 02,2,10030,6,1
2014-05-03 03,3,9834,6,1
2014-05-03 04,4,9834,6,1
2014-05-03 05,5,10148,6,1
2014-05-03 06,6,10473,6,1
2014-05-03 07,7,11788,6,1
2014-05-03 08,8,12821,6,1
2014-05-03 09,9,13709,6,1
2014-05-03 10,10,13820,6,1
2014-05-03 11,11,13338,6,1
2014-05-03 12,12,12902,6,1
2014-05-03 13,13,13201,6,1
2014-05-03 14,14,13106,6,1
2014-05-03 15,15,13284,6,1
2014-05-03 16,16,13528,6,1
2014-05-03 17,17,13860,6,1
2014-05-03 18,18,14414,6,1
2014-05-03 19,19,14473,6,1
2014-05-03 20,20,14314,6,1
2014-05-03 21,21,13919,6,1
2014-05-03 22,22,13280,6,1
2014-05-03 23,23,12409,6,1
2014-05-04 00,0,11104,7,0
2014-05-04 01,1,10161,7,0
2014-05-04 02,2,9616,7,0
2014-05-04 03,3,9509,7,0
2014-05-04 04,4,9680,7,0
2014-05-04 05,5,10501,7,0
2014-05-04 06,6,11470,7,0
2014-05-04 07,7,13361,7,0
2014-05-04 08,8,15236,7,0
2014-05-04 09,9,16242,7,0
2014-05-04 10,10,16296,7,0
2014-05-04 11,11,16106,7,0
2014-05-04 12,12,15670,7,0
2014-05-04 13,13,15715,7,0
2014-05-04 14,14,15674,7,0
2014-05-04 15,15,15918,7,0
2014-05-04 16,16,15954,7,0
2014-05-04 17,17,15773,7,0
2014-05-04 18,18,16075,7,0
2014-05-04 19,19,16104,7,0
2014-05-04 20,20,15421,7,0
2014-05-04 21,21,14868,7,0
2014-05-04 22,22,14044,7,0
2014-05-04 23,23,12897,7,0
2014-05-05 00,0,11810,1,0
2014-05-05 01,1,11411,1,0
2014-05-05 02,2,11085,1,0
2014-05-05 03,3,10984,1,0
2014-05-05 04,4,11218,1,0
2014-05-05 05,5,11561,1,0
2014-05-05 06,6,12499,1,0
2014-05-05 07,7,14242,1,0
2014-05-05 08,8,15748,1,0
2014-05-05 09,9,16321,1,0
2014-05-05 10,10,16540,1,0
2014-05-05 11,11,16028,1,0
2014-05-05 12,12,15713,1,0
2014-05-05 13,13,15848,1,0
2014-05-05 14,14,15737,1,0
2014-05-05 15,15,15934,1,0
2014-05-05 16,16,15961,1,0
2014-05-05 17,17,15910,1,0
2014-05-05 18,18,16245,1,0
2014-05-05 19,19,16243,1,0
2014-05-05 20,20,15889,1,0
2014-05-05 21,21,15347,1,0
2014-05-05 22,22,14427,1,0
2014-05-05 23,23,13434,1,0
2014-05-06 00,0,12429,2,0
2014-05-06 01,1,11785,2,0
2014-05-06 02,2,11485,2,0
2014-05-06 03,3,11315,2,0
2014-05-06 04,4,11478,2,0
2014-05-06 05,5,12020,2,0
2014-05-06 06,6,12595,2,0
2014-05-06 07,7,14196,2,0
2014-05-06 08,8,15832,2,0
2014-05-06 09,9,16558,2,0
2014-05-06 10,10,16631,2,0
2014-05-06 11,11,16230,2,0
2014-05-06 12,12,15741,2,0
2014-05-06 13,13,15867,2,0
2014-05-06 14,14,15774,2,0
2014-05-06 15,15,15848,2,0
2014-05-06 16,16,15995,2,0
2014-05-06 17,17,15665,2,0
2014-05-06 18,18,15940,2,0
2014-05-06 19,19,15979,2,0
2014-05-06 20,20,15793,2,0
2014-05-06 21,21,15438,2,0
2014-05-06 22,22,14444,2,0
2014-05-06 23,23,13505,2,0
2014-05-07 00,0,12311,3,0
2014-05-07 01,1,11784,3,0
2014-05-07 02,2,11421,3,0
2014-05-07 03,3,11324,3,0
2014-05-07 04,4,11379,3,0
2014-05-07 05,5,12002,3,0
2014-05-07 06,6,12466,3,0
2014-05-07 07,7,14127,3,0
2014-05-07 08,8,15840,3,0
2014-05-07 09,9,16535,3,0
2014-05-07 10,10,16549,3,0
2014-05-07 11,11,16126,3,0
2014-05-07 12,12,15709,3,0
2014-05-07 13,13,15961,3,0
2014-05-07 14,14,15936,3,0
2014-05-07 15,15,16049,3,0
2014-05-07 16,16,16102,3,0
2014-05-07 17,17,15746,3,0
2014-05-07 18,18,16156,3,0
2014-05-07 19,19,16192,3,0
2014-05-07 20,20,15992,3,0
2014-05-07 21,21,15349,3,0
2014-05-07 22,22,14447,3,0
2014-05-07 23,23,13460,3,0
2014-05-08 00,0,12443,4,0
2014-05-08 01,1,11913,4,0
2014-05-08 02,2,11459,4,0
2014-05-08 03,3,11255,4,0
2014-05-08 04,4,11548,4,0
2014-05-08 05,5,12072,4,0
2014-05-08 06,6,12614,4,0
2014-05-08 07,7,14307,4,0
2014-05-08 08,8,15918,4,0
2014-05-08 09,9,16865,4,0
2014-05-08 10,10,16933,4,0
2014-05-08 11,11,16520,4,0
2014-05-08 12,12,16087,4,0
2014-05-08 13,13,16168,4,0
2014-05-08 14,14,16123,4,0
2014-05-08 15,15,16130,4,0
2014-05-08 16,16,16180,4,0
2014-05-08 17,17,15881,4,0
2014-05-08 18,18,16006,4,0
2014-05-08 19,19,16099,4,0
2014-05-08 20,20,15785,4,0
2014-05-08 21,21,15244,4,0
2014-05-08 22,22,14412,4,0
2014-05-08 23,23,13253,4,0
2014-05-09 00,0,12325,5,0
2014-05-09 01,1,11807,5,0
2014-05-09 02,2,11477,5,0
2014-05-09 03,3,11372,5,0
2014-05-09 04,4,11515,5,0
2014-05-09 05,5,11957,5,0
2014-05-09 06,6,12586,5,0
2014-05-09 07,7,14256,5,0
2014-05-09 08,8,15933,5,0
2014-05-09 09,9,16533,5,0
2014-05-09 10,10,16689,5,0
2014-05-09 11,11,16136,5,0
2014-05-09 12,12,15938,5,0
2014-05-09 13,13,16084,5,0
2014-05-09 14,14,15949,5,0
2014-05-09 15,15,16215,5,0
2014-05-09 16,16,16265,5,0
2014-05-09 17,17,15840,5,0
2014-05-09 18,18,16051,5,0
2014-05-09 19,19,16030,5,0
2014-05-09 20,20,15846,5,0
2014-05-09 21,21,15302,5,0
2014-05-09 22,22,14445,5,0
2014-05-09 23,23,13349,5,0
2014-05-10 00,0,12367,6,1
2014-05-10 01,1,11468,6,1
2014-05-10 02,2,11034,6,1
2014-05-10 03,3,10890,6,1
2014-05-10 04,4,11072,6,1
2014-05-10 05,5,11247,6,1
2014-05-10 06,6,11805,6,1
2014-05-10 07,7,12939,6,1
2014-05-10 08,8,13755,6,1
2014-05-10 09,9,14731,6,1
2014-05-10 10,10,14847,6,1
2014-05-10 11,11,14528,6,1
2014-05-10 12,12,14338,6,1
2014-05-10 13,13,14354,6,1
2014-05-10 14,14,14208,6,1
2014-05-10 15,15,14381,6,1
2014-05-10 16,16,14458,6,1
2014-05-10 17,17,14355,6,1
2014-05-10 18,18,14826,6,1
2014-05-10 19,19,14960,6,1
2014-05-10 20,20,14841,6,1
2014-05-10 21,21,14535,6,1
2014-05-10 22,22,13796,6,1
2014-05-10 23,23,12665,6,1
2014-05-11 00,0,11846,7,1
2014-05-11 01,1,11326,7,1
2014-05-11 02,2,10800,7,1
2014-05-11 03,3,10489,7,1
2014-05-11 04,4,10515,7,1
2014-05-11 05,5,10927,7,1
2014-05-11 06,6,11445,7,1
2014-05-11 07,7,12448,7,1
2014-05-11 08,8,13464,7,1
2014-05-11 09,9,14279,7,1
2014-05-11 10,10,14650,7,1
2014-05-11 11,11,14395,7,1
2014-05-11 12,12,13906,7,1
2014-05-11 13,13,13958,7,1
2014-05-11 14,14,13797,7,1
2014-05-11 15,15,13865,7,1
2014-05-11 16,16,14321,7,1
2014-05-11 17,17,14462,7,1
2014-05-11 18,18,14650,7,1
2014-05-11 19,19,14748,7,1
2014-05-11 20,20,14565,7,1
2014-05-11 21,21,14056,7,1
2014-05-11 22,22,13199,7,1
2014-05-11 23,23,12382,7,1
2014-05-12 00,0,11690,1,0
2014-05-12 01,1,11195,1,0
2014-05-12 02,2,10850,1,0
2014-05-12 03,3,10462,1,0
2014-05-12 04,4,10642,1,0
2014-05-12 05,5,11344,1,0
2014-05-12 06,6,12202,1,0
2014-05-12 07,7,14180,1,0
2014-05-12 08,8,15938,1,0
2014-05-12 09,9,16920,1,0
2014-05-12 10,10,16940,1,0
2014-05-12 11,11,16436,1,0
2014-05-12 12,12,16307,1,0
2014-05-12 13,13,16299,1,0
2014-05-12 14,14,16262,1,0
2014-05-12 15,15,16320,1,0
2014-05-12 16,16,16292,1,0
2014-05-12 17,17,16103,1,0
2014-05-12 18,18,16142,1,0
2014-05-12 19,19,16196,1,0
2014-05-12 20,20,15894,1,0
2014-05-12 21,21,15301,1,0
2014-05-12 22,22,14431,1,0
2014-05-12 23,23,13348,1,0
2014-05-13 00,0,12337,2,0
2014-05-13 01,1,12010,2,0
2014-05-13 02,2,11591,2,0
2014-05-13 03,3,11475,2,0
2014-05-13 04,4,11619,2,0
2014-05-13 05,5,12086,2,0
2014-05-13 06,6,12784,2,0
2014-05-13 07,7,14434,2,0
2014-05-13 08,8,16173,2,0
2014-05-13 09,9,16796,2,0
2014-05-13 10,10,16931,2,0
2014-05-13 11,11,16342,2,0
2014-05-13 12,12,16138,2,0
2014-05-13 13,13,16326,2,0
2014-05-13 14,14,16248,2,0
2014-05-13 15,15,16403,2,0
2014-05-13 16,16,16418,2,0
2014-05-13 17,17,16090,2,0
2014-05-13 18,18,16089,2,0
2014-05-13 19,19,16202,2,0
2014-05-13 20,20,15907,2,0
2014-05-13 21,21,15385,2,0
2014-05-13 22,22,14505,2,0
2014-05-13 23,23,13320,2,0
2014-05-14 00,0,12497,3,0
2014-05-14 01,1,11893,3,0
2014-05-14 02,2,11549,3,0
2014-05-14 03,3,11470,3,0
2014-05-14 04,4,11541,3,0
2014-05-14 05,5,12006,3,0
2014-05-14 06,6,12699,3,0
2014-05-14 07,7,14403,3,0
2014-05-14 08,8,16115,3,0
2014-05-14 09,9,17026,3,0
2014-05-14 10,10,17085,3,0
2014-05-14 11,11,16616,3,0
2014-05-14 12,12,16186,3,0
2014-05-14 13,13,16350,3,0
2014-05-14 14,14,16251,3,0
2014-05-14 15,15,16284,3,0
2014-05-14 16,16,16304,3,0
2014-05-14 17,17,16060,3,0
2014-05-14 18,18,16333,3,0
2014-05-14 19,19,16264,3,0
2014-05-14 20,20,16005,3,0
2014-05-14 21,21,15615,3,0
2014-05-14 22,22,14740,3,0
2014-05-14 23,23,13668,3,0
2014-05-15 00,0,12574,4,0
2014-05-15 01,1,12207,4,0
2014-05-15 02,2,11761,4,0
2014-05-15 03,3,11663,4,0
2014-05-15 04,4,11780,4,0
2014-05-15 05,5,12277,4,0
2014-05-15 06,6,12900,4,0
2014-05-15 07,7,14595,4,0
2014-05-15 08,8,16296,4,0
2014-05-15 09,9,17110,4,0
2014-05-15 10,10,17193,4,0
2014-05-15 11,11,16834,4,0
2014-05-15 12,12,16495,4,0
2014-05-15 13,13,16613,4,0
2014-05-15 14,14,16640,4,0
2014-05-15 15,15,16706,4,0
2014-05-15 16,16,16634,4,0
2014-05-15 17,17,16285,4,0
2014-05-15 18,18,16355,4,0
2014-05-15 19,19,16343,4,0
2014-05-15 20,20,16123,4,0
2014-05-15 21,21,15632,4,0
2014-05-15 22,22,14810,4,0
2014-05-15 23,23,13657,4,0
2014-05-16 00,0,12608,5,0
2014-05-16 01,1,12226,5,0
2014-05-16 02,2,11852,5,0
2014-05-16 03,3,11711,5,0
2014-05-16 04,4,11879,5,0
2014-05-16 05,5,12258,5,0
2014-05-16 06,6,13017,5,0
2014-05-16 07,7,14730,5,0
2014-05-16 08,8,16479,5,0
2014-05-16 09,9,17102,5,0
2014-05-16 10,10,17250,5,0
2014-05-16 11,11,16838,5,0
2014-05-16 12,12,16585,5,0
2014-05-16 13,13,16791,5,0
2014-05-16 14,14,16769,5,0
2014-05-16 15,15,16735,5,0
2014-05-16 16,16,16813,5,0
2014-05-16 17,17,16210,5,0
2014-05-16 18,18,16327,5,0
2014-05-16 19,19,16360,5,0
2014-05-16 20,20,16093,5,0
2014-05-16 21,21,15691,5,0
2014-05-16 22,22,14901,5,0
2014-05-16 23,23,13953,5,0
2014-05-17 00,0,12881,6,1
2014-05-17 01,1,11784,6,1
2014-05-17 02,2,11524,6,1
2014-05-17 03,3,11407,6,1
2014-05-17 04,4,11417,6,1
2014-05-17 05,5,11739,6,1
2014-05-17 06,6,12036,6,1
2014-05-17 07,7,13270,6,1
2014-05-17 08,8,14766,6,1
2014-05-17 09,9,15614,6,1
2014-05-17 10,10,15926,6,1
2014-05-17 11,11,15603,6,1
2014-05-17 12,12,15211,6,1
2014-05-17 13,13,15172,6,1
2014-05-17 14,14,15087,6,1
2014-05-17 15,15,15082,6,1
2014-05-17 16,16,15170,6,1
2014-05-17 17,17,15183,6,1
2014-05-17 18,18,15226,6,1
2014-05-17 19,19,15247,6,1
2014-05-17 20,20,15034,6,1
2014-05-17 21,21,14662,6,1
2014-05-17 22,22,13945,6,1
2014-05-17 23,23,13144,6,1
2014-05-18 00,0,12188,7,1
2014-05-18 01,1,11523,7,1
2014-05-18 02,2,11130,7,1
2014-05-18 03,3,10957,7,1
2014-05-18 04,4,10926,7,1
2014-05-18 05,5,11141,7,1
2014-05-18 06,6,11471,7,1
2014-05-18 07,7,12544,7,1
2014-05-18 08,8,13499,7,1
2014-05-18 09,9,14321,7,1
2014-05-18 10,10,14554,7,1
2014-05-18 11,11,14378,7,1
2014-05-18 12,12,13916,7,1
2014-05-18 13,13,13976,7,1
2014-05-18 14,14,14017,7,1
2014-05-18 15,15,14063,7,1
2014-05-18 16,16,14311,7,1
2014-05-18 17,17,14339,7,1
2014-05-18 18,18,14525,7,1
2014-05-18 19,19,14548,7,1
2014-05-18 20,20,14428,7,1
2014-05-18 21,21,14179,7,1
2014-05-18 22,22,13414,7,1
2014-05-18 23,23,12463,7,1
2014-05-19 00,0,11619,1,0
2014-05-19 01,1,11088,1,0
2014-05-19 02,2,10743,1,0
2014-05-19 03,3,10709,1,0
2014-05-19 04,4,10933,1,0
2014-05-19 05,5,11578,1,0
2014-05-19 06,6,12392,1,0
2014-05-19 07,7,14221,1,0
2014-05-19 08,8,16122,1,0
2014-05-19 09,9,16782,1,0
2014-05-19 10,10,17091,1,0
2014-05-19 11,11,16803,1,0
2014-05-19 12,12,16203,1,0
2014-05-19 13,13,16572,1,0
2014-05-19 14,14,16486,1,0
2014-05-19 15,15,16601,1,0
2014-05-19 16,16,16608,1,0
2014-05-19 17,17,16161,1,0
2014-05-19 18,18,16292,1,0
2014-05-19 19,19,16365,1,0
2014-05-19 20,20,15948,1,0
2014-05-19 21,21,15581,1,0
2014-05-19 22,22,14649,1,0
2014-05-19 23,23,13396,1,0
2014-05-20 00,0,12503,2,0
2014-05-20 01,1,12039,2,0
2014-05-20 02,2,11654,2,0
2014-05-20 03,3,11564,2,0
2014-05-20 04,4,11664,2,0
2014-05-20 05,5,12198,2,0
2014-05-20 06,6,12837,2,0
2014-05-20 07,7,14554,2,0
2014-05-20 08,8,16431,2,0
2014-05-20 09,9,17176,2,0
2014-05-20 10,10,17355,2,0
2014-05-20 11,11,16888,2,0
2014-05-20 12,12,16613,2,0
2014-05-20 13,13,16838,2,0
2014-05-20 14,14,16757,2,0
2014-05-20 15,15,16853,2,0
2014-05-20 16,16,16771,2,0
2014-05-20 17,17,16436,2,0
2014-05-20 18,18,16483,2,0
2014-05-20 19,19,16599,2,0
2014-05-20 20,20,16317,2,0
2014-05-20 21,21,15824,2,0
2014-05-20 22,22,15010,2,0
2014-05-20 23,23,13776,2,0
2014-05-21 00,0,12607,3,0
2014-05-21 01,1,12008,3,0
2014-05-21 02,2,11484,3,0
2014-05-21 03,3,11327,3,0
2014-05-21 04,4,11527,3,0
2014-05-21 05,5,11966,3,0
2014-05-21 06,6,12679,3,0
2014-05-21 07,7,14426,3,0
2014-05-21 08,8,15893,3,0
2014-05-21 09,9,16811,3,0
2014-05-21 10,10,16897,3,0
2014-05-21 11,11,16541,3,0
2014-05-21 12,12,16264,3,0
2014-05-21 13,13,16415,3,0
2014-05-21 14,14,16251,3,0
2014-05-21 15,15,16306,3,0
2014-05-21 16,16,16280,3,0
2014-05-21 17,17,16184,3,0
2014-05-21 18,18,16154,3,0
2014-05-21 19,19,16215,3,0
2014-05-21 20,20,15812,3,0
2014-05-21 21,21,15321,3,0
2014-05-21 22,22,14531,3,0
2014-05-21 23,23,13562,3,0
2014-05-22 00,0,12602,4,0
2014-05-22 01,1,12185,4,0
2014-05-22 02,2,11987,4,0
2014-05-22 03,3,11760,4,0
2014-05-22 04,4,11904,4,0
2014-05-22 05,5,12375,4,0
2014-05-22 06,6,13014,4,0
2014-05-22 07,7,14666,4,0
2014-05-22 08,8,16706,4,0
2014-05-22 09,9,17525,4,0
2014-05-22 10,10,17548,4,0
2014-05-22 11,11,17239,4,0
2014-05-22 12,12,16680,4,0
2014-05-22 13,13,16864,4,0
2014-05-22 14,14,16837,4,0
2014-05-22 15,15,16830,4,0
2014-05-22 16,16,16827,4,0
2014-05-22 17,17,16533,4,0
2014-05-22 18,18,16320,4,0
2014-05-22 19,19,16531,4,0
2014-05-22 20,20,16140,4,0
2014-05-22 21,21,15727,4,0
2014-05-22 22,22,14838,4,0
2014-05-22 23,23,13946,4,0
2014-05-23 00,0,12790,5,0
2014-05-23 01,1,12307,5,0
2014-05-23 02,2,11932,5,0
2014-05-23 03,3,11743,5,0
2014-05-23 04,4,12065,5,0
2014-05-23 05,5,12372,5,0
2014-05-23 06,6,13261,5,0
2014-05-23 07,7,14916,5,0
2014-05-23 08,8,16901,5,0
2014-05-23 09,9,17485,5,0
2014-05-23 10,10,17690,5,0
2014-05-23 11,11,17334,5,0
2014-05-23 12,12,16833,5,0
2014-05-23 13,13,17022,5,0
2014-05-23 14,14,17128,5,0
2014-05-23 15,15,17192,5,0
2014-05-23 16,16,17134,5,0
2014-05-23 17,17,16693,5,0
2014-05-23 18,18,16534,5,0
2014-05-23 19,19,16746,5,0
2014-05-23 20,20,16408,5,0
2014-05-23 21,21,15919,5,0
2014-05-23 22,22,15198,5,0
2014-05-23 23,23,14069,5,0
2014-05-24 00,0,13002,6,1
2014-05-24 01,1,12363,6,1
2014-05-24 02,2,11880,6,1
2014-05-24 03,3,11600,6,1
2014-05-24 04,4,11557,6,1
2014-05-24 05,5,11886,6,1
2014-05-24 06,6,12409,6,1
2014-05-24 07,7,13643,6,1
2014-05-24 08,8,15067,6,1
2014-05-24 09,9,15891,6,1
2014-05-24 10,10,16149,6,1
2014-05-24 11,11,15842,6,1
2014-05-24 12,12,15440,6,1
2014-05-24 13,13,15483,6,1
2014-05-24 14,14,15360,6,1
2014-05-24 15,15,15444,6,1
2014-05-24 16,16,15481,6,1
2014-05-24 17,17,15494,6,1
2014-05-24 18,18,15648,6,1
2014-05-24 19,19,15824,6,1
2014-05-24 20,20,15642,6,1
2014-05-24 21,21,14978,6,1
2014-05-24 22,22,14129,6,1
2014-05-24 23,23,13223,6,1
2014-05-25 00,0,12297,7,1
2014-05-25 01,1,11636,7,1
2014-05-25 02,2,11280,7,1
2014-05-25 03,3,11066,7,1
2014-05-25 04,4,11222,7,1
2014-05-25 05,5,11452,7,1
2014-05-25 06,6,11671,7,1
2014-05-25 07,7,12803,7,1
2014-05-25 08,8,13684,7,1
2014-05-25 09,9,14709,7,1
2014-05-25 10,10,14968,7,1
2014-05-25 11,11,14873,7,1
2014-05-25 12,12,14144,7,1
2014-05-25 13,13,14334,7,1
2014-05-25 14,14,14315,7,1
2014-05-25 15,15,14352,7,1
2014-05-25 16,16,14458,7,1
2014-05-25 17,17,14491,7,1
2014-05-25 18,18,14935,7,1
2014-05-25 19,19,15045,7,1
2014-05-25 20,20,14931,7,1
2014-05-25 21,21,14590,7,1
2014-05-25 22,22,13805,7,1
2014-05-25 23,23,12576,7,1
2014-05-26 00,0,11746,1,0
2014-05-26 01,1,11219,1,0
2014-05-26 02,2,10890,1,0
2014-05-26 03,3,10824,1,0
2014-05-26 04,4,11013,1,0
2014-05-26 05,5,11606,1,0
2014-05-26 06,6,12759,1,0
2014-05-26 07,7,14718,1,0
2014-05-26 08,8,16676,1,0
2014-05-26 09,9,17860,1,0
2014-05-26 10,10,17994,1,0
2014-05-26 11,11,17534,1,0
2014-05-26 12,12,16955,1,0
2014-05-26 13,13,17312,1,0
2014-05-26 14,14,17423,1,0
2014-05-26 15,15,17423,1,0
2014-05-26 16,16,17368,1,0
2014-05-26 17,17,16786,1,0
2014-05-26 18,18,16611,1,0
2014-05-26 19,19,16740,1,0
2014-05-26 20,20,16479,1,0
2014-05-26 21,21,15889,1,0
2014-05-26 22,22,15046,1,0
2014-05-26 23,23,13642,1,0
2014-05-27 00,0,12770,2,0
2014-05-27 01,1,12332,2,0
2014-05-27 02,2,11972,2,0
2014-05-27 03,3,11878,2,0
2014-05-27 04,4,11929,2,0
2014-05-27 05,5,12552,2,0
2014-05-27 06,6,13517,2,0
2014-05-27 07,7,15493,2,0
2014-05-27 08,8,17791,2,0
2014-05-27 09,9,18810,2,0
2014-05-27 10,10,19077,2,0
2014-05-27 11,11,18667,2,0
2014-05-27 12,12,18310,2,0
2014-05-27 13,13,18592,2,0
2014-05-27 14,14,18592,2,0
2014-05-27 15,15,18485,2,0
2014-05-27 16,16,18393,2,0
2014-05-27 17,17,17759,2,0
2014-05-27 18,18,17504,2,0
2014-05-27 19,19,17699,2,0
2014-05-27 20,20,17441,2,0
2014-05-27 21,21,16597,2,0
2014-05-27 22,22,15567,2,0
2014-05-27 23,23,14261,2,0
2014-05-28 00,0,13161,3,0
2014-05-28 01,1,12636,3,0
2014-05-28 02,2,12203,3,0
2014-05-28 03,3,12147,3,0
2014-05-28 04,4,12220,3,0
2014-05-28 05,5,12598,3,0
2014-05-28 06,6,13536,3,0
2014-05-28 07,7,15476,3,0
2014-05-28 08,8,17833,3,0
2014-05-28 09,9,19147,3,0
2014-05-28 10,10,19423,3,0
2014-05-28 11,11,18957,3,0
2014-05-28 12,12,18730,3,0
2014-05-28 13,13,18845,3,0
2014-05-28 14,14,18807,3,0
2014-05-28 15,15,18757,3,0
2014-05-28 16,16,18693,3,0
2014-05-28 17,17,18206,3,0
2014-05-28 18,18,17504,3,0
2014-05-28 19,19,17667,3,0
2014-05-28 20,20,17389,3,0
2014-05-28 21,21,16827,3,0
2014-05-28 22,22,15506,3,0
2014-05-28 23,23,14195,3,0
2014-05-29 00,0,13375,4,0
2014-05-29 01,1,12973,4,0
2014-05-29 02,2,12575,4,0
2014-05-29 03,3,12271,4,0
2014-05-29 04,4,12482,4,0
2014-05-29 05,5,12720,4,0
2014-05-29 06,6,13490,4,0
2014-05-29 07,7,15611,4,0
2014-05-29 08,8,17977,4,0
2014-05-29 09,9,19113,4,0
2014-05-29 10,10,19250,4,0
2014-05-29 11,11,19029,4,0
2014-05-29 12,12,18811,4,0
2014-05-29 13,13,18935,4,0
2014-05-29 14,14,18962,4,0
2014-05-29 15,15,18841,4,0
2014-05-29 16,16,18838,4,0
2014-05-29 17,17,17923,4,0
2014-05-29 18,18,17580,4,0
2014-05-29 19,19,17725,4,0
2014-05-29 20,20,17565,4,0
2014-05-29 21,21,17035,4,0
2014-05-29 22,22,16097,4,0
2014-05-29 23,23,15085,4,0
2014-05-30 00,0,13976,5,0
2014-05-30 01,1,13260,5,0
2014-05-30 02,2,12855,5,0
2014-05-30 03,3,12546,5,0
2014-05-30 04,4,12511,5,0
2014-05-30 05,5,12845,5,0
2014-05-30 06,6,13684,5,0
2014-05-30 07,7,15794,5,0
2014-05-30 08,8,18222,5,0
2014-05-30 09,9,19458,5,0
2014-05-30 10,10,19555,5,0
2014-05-30 11,11,19298,5,0
2014-05-30 12,12,18930,5,0
2014-05-30 13,13,18592,5,0
2014-05-30 14,14,18604,5,0
2014-05-30 15,15,18517,5,0
2014-05-30 16,16,18490,5,0
2014-05-30 17,17,17692,5,0
2014-05-30 18,18,17470,5,0
2014-05-30 19,19,17580,5,0
2014-05-30 20,20,17403,5,0
2014-05-30 21,21,16866,5,0
2014-05-30 22,22,16001,5,0
2014-05-30 23,23,14938,5,0
2014-05-31 00,0,13892,6,1
2014-05-31 01,1,13194,6,1
2014-05-31 02,2,12422,6,1
2014-05-31 03,3,12059,6,1
2014-05-31 04,4,12245,6,1
2014-05-31 05,5,12502,6,1
2014-05-31 06,6,13103,6,1
2014-05-31 07,7,14364,6,1
2014-05-31 08,8,15750,6,1
2014-05-31 09,9,16777,6,1
2014-05-31 10,10,17012,6,1
2014-05-31 11,11,16807,6,1
2014-05-31 12,12,16529,6,1
2014-05-31 13,13,16585,6,1
2014-05-31 14,14,16543,6,1
2014-05-31 15,15,16266,6,1
2014-05-31 16,16,16272,6,1
2014-05-31 17,17,16091,6,1
2014-05-31 18,18,16220,6,1
2014-05-31 19,19,16501,6,1
2014-05-31 20,20,16289,6,1
2014-05-31 21,21,15686,6,1
2014-05-31 22,22,14751,6,1
2014-05-31 23,23,13721,6,1
2014-06-01 00,0,12693,7,1
2014-06-01 01,1,11717,7,1
2014-06-01 02,2,11285,7,1
2014-06-01 03,3,11249,7,1
2014-06-01 04,4,11294,7,1
2014-06-01 05,5,11548,7,1
2014-06-01 06,6,11753,7,1
2014-06-01 07,7,12682,7,1
2014-06-01 08,8,13639,7,1
2014-06-01 09,9,14284,7,1
2014-06-01 10,10,14575,7,1
2014-06-01 11,11,14424,7,1
2014-06-01 12,12,13994,7,1
2014-06-01 13,13,14141,7,1
2014-06-01 14,14,14050,7,1
2014-06-01 15,15,14247,7,1
2014-06-01 16,16,14401,7,1
2014-06-01 17,17,14503,7,1
2014-06-01 18,18,14709,7,1
2014-06-01 19,19,14826,7,1
2014-06-01 20,20,14777,7,1
2014-06-01 21,21,14217,7,1
2014-06-01 22,22,13614,7,1
2014-06-01 23,23,12636,7,1
2014-06-02 00,0,11686,1,-1
2014-06-02 01,1,10496,1,-1
2014-06-02 02,2,10195,1,-1
2014-06-02 03,3,10135,1,-1
2014-06-02 04,4,10186,1,-1
2014-06-02 05,5,10466,1,-1
2014-06-02 06,6,10496,1,-1
2014-06-02 07,7,11306,1,-1
2014-06-02 08,8,12149,1,-1
2014-06-02 09,9,12843,1,-1
2014-06-02 10,10,13292,1,-1
2014-06-02 11,11,13085,1,-1
2014-06-02 12,12,12889,1,-1
2014-06-02 13,13,12781,1,-1
2014-06-02 14,14,12877,1,-1
2014-06-02 15,15,12844,1,-1
2014-06-02 16,16,13151,1,-1
2014-06-02 17,17,13221,1,-1
2014-06-02 18,18,13428,1,-1
2014-06-02 19,19,13561,1,-1
2014-06-02 20,20,13550,1,-1
2014-06-02 21,21,13281,1,-1
2014-06-02 22,22,12591,1,-1
2014-06-02 23,23,11722,1,-1
2014-06-03 00,0,10935,2,0
2014-06-03 01,1,10292,2,0
2014-06-03 02,2,9826,2,0
2014-06-03 03,3,9765,2,0
2014-06-03 04,4,9806,2,0
2014-06-03 05,5,10708,2,0
2014-06-03 06,6,12199,2,0
2014-06-03 07,7,14149,2,0
2014-06-03 08,8,16278,2,0
2014-06-03 09,9,17182,2,0
2014-06-03 10,10,17308,2,0
2014-06-03 11,11,16904,2,0
2014-06-03 12,12,16446,2,0
2014-06-03 13,13,16800,2,0
2014-06-03 14,14,16711,2,0
2014-06-03 15,15,16813,2,0
2014-06-03 16,16,16869,2,0
2014-06-03 17,17,16465,2,0
2014-06-03 18,18,16526,2,0
2014-06-03 19,19,16372,2,0
2014-06-03 20,20,15971,2,0
2014-06-03 21,21,15578,2,0
2014-06-03 22,22,14568,2,0
2014-06-03 23,23,13670,2,0
2014-06-04 00,0,12615,3,0
2014-06-04 01,1,11615,3,0
2014-06-04 02,2,11258,3,0
2014-06-04 03,3,11121,3,0
2014-06-04 04,4,11353,3,0
2014-06-04 05,5,11770,3,0
2014-06-04 06,6,12745,3,0
2014-06-04 07,7,14532,3,0
2014-06-04 08,8,16498,3,0
2014-06-04 09,9,17363,3,0
2014-06-04 10,10,17538,3,0
2014-06-04 11,11,17028,3,0
2014-06-04 12,12,16849,3,0
2014-06-04 13,13,17067,3,0
2014-06-04 14,14,16916,3,0
2014-06-04 15,15,17063,3,0
2014-06-04 16,16,17141,3,0
2014-06-04 17,17,16860,3,0
2014-06-04 18,18,16728,3,0
2014-06-04 19,19,16789,3,0
2014-06-04 20,20,16297,3,0
2014-06-04 21,21,15734,3,0
2014-06-04 22,22,14886,3,0
2014-06-04 23,23,13811,3,0
2014-06-05 00,0,12761,4,0
2014-06-05 01,1,12241,4,0
2014-06-05 02,2,11841,4,0
2014-06-05 03,3,11768,4,0
2014-06-05 04,4,11943,4,0
2014-06-05 05,5,12217,4,0
2014-06-05 06,6,12876,4,0
2014-06-05 07,7,14856,4,0
2014-06-05 08,8,16728,4,0
2014-06-05 09,9,17646,4,0
2014-06-05 10,10,17725,4,0
2014-06-05 11,11,17343,4,0
2014-06-05 12,12,17013,4,0
2014-06-05 13,13,17516,4,0
2014-06-05 14,14,17437,4,0
2014-06-05 15,15,17600,4,0
2014-06-05 16,16,17538,4,0
2014-06-05 17,17,17040,4,0
2014-06-05 18,18,16537,4,0
2014-06-05 19,19,16708,4,0
2014-06-05 20,20,16496,4,0
2014-06-05 21,21,15685,4,0
2014-06-05 22,22,14630,4,0
2014-06-05 23,23,13563,4,0
2014-06-06 00,0,12754,5,0
2014-06-06 01,1,12256,5,0
2014-06-06 02,2,11726,5,0
2014-06-06 03,3,11551,5,0
2014-06-06 04,4,11669,5,0
2014-06-06 05,5,12231,5,0
2014-06-06 06,6,13170,5,0
2014-06-06 07,7,15034,5,0
2014-06-06 08,8,17104,5,0
2014-06-06 09,9,18113,5,0
2014-06-06 10,10,18192,5,0
2014-06-06 11,11,17899,5,0
2014-06-06 12,12,17261,5,0
2014-06-06 13,13,17467,5,0
2014-06-06 14,14,17476,5,0
2014-06-06 15,15,17529,5,0
2014-06-06 16,16,17448,5,0
2014-06-06 17,17,17129,5,0
2014-06-06 18,18,16837,5,0
2014-06-06 19,19,17089,5,0
2014-06-06 20,20,16786,5,0
2014-06-06 21,21,16222,5,0
2014-06-06 22,22,15246,5,0
2014-06-06 23,23,14230,5,0
2014-06-07 00,0,13207,6,1
2014-06-07 01,1,12349,6,1
2014-06-07 02,2,11769,6,1
2014-06-07 03,3,11647,6,1
2014-06-07 04,4,11829,6,1
2014-06-07 05,5,12277,6,1
2014-06-07 06,6,12709,6,1
2014-06-07 07,7,14037,6,1
2014-06-07 08,8,15720,6,1
2014-06-07 09,9,16973,6,1
2014-06-07 10,10,17230,6,1
2014-06-07 11,11,17024,6,1
2014-06-07 12,12,16841,6,1
2014-06-07 13,13,16837,6,1
2014-06-07 14,14,16695,6,1
2014-06-07 15,15,16711,6,1
2014-06-07 16,16,16702,6,1
2014-06-07 17,17,16292,6,1
2014-06-07 18,18,16248,6,1
2014-06-07 19,19,16276,6,1
2014-06-07 20,20,16107,6,1
2014-06-07 21,21,15755,6,1
2014-06-07 22,22,14866,6,1
2014-06-07 23,23,13955,6,1
2014-06-08 00,0,12829,7,1
2014-06-08 01,1,12220,7,1
2014-06-08 02,2,11714,7,1
2014-06-08 03,3,11338,7,1
2014-06-08 04,4,11373,7,1
2014-06-08 05,5,11484,7,1
2014-06-08 06,6,11692,7,1
2014-06-08 07,7,12859,7,1
2014-06-08 08,8,13974,7,1
2014-06-08 09,9,14871,7,1
2014-06-08 10,10,15242,7,1
2014-06-08 11,11,15135,7,1
2014-06-08 12,12,14852,7,1
2014-06-08 13,13,15245,7,1
2014-06-08 14,14,15300,7,1
2014-06-08 15,15,15296,7,1
2014-06-08 16,16,15256,7,1
2014-06-08 17,17,14981,7,1
2014-06-08 18,18,15104,7,1
2014-06-08 19,19,15417,7,1
2014-06-08 20,20,15295,7,1
2014-06-08 21,21,14825,7,1
2014-06-08 22,22,14054,7,1
2014-06-08 23,23,13282,7,1
2014-06-09 00,0,12476,1,0
2014-06-09 01,1,11777,1,0
2014-06-09 02,2,11335,1,0
2014-06-09 03,3,10972,1,0
2014-06-09 04,4,11130,1,0
2014-06-09 05,5,12020,1,0
2014-06-09 06,6,12977,1,0
2014-06-09 07,7,14841,1,0
2014-06-09 08,8,17081,1,0
2014-06-09 09,9,18088,1,0
2014-06-09 10,10,18264,1,0
2014-06-09 11,11,18035,1,0
2014-06-09 12,12,17880,1,0
2014-06-09 13,13,18189,1,0
2014-06-09 14,14,18201,1,0
2014-06-09 15,15,18194,1,0
2014-06-09 16,16,18154,1,0
2014-06-09 17,17,17540,1,0
2014-06-09 18,18,17034,1,0
2014-06-09 19,19,17183,1,0
2014-06-09 20,20,16904,1,0
2014-06-09 21,21,16248,1,0
2014-06-09 22,22,15199,1,0
2014-06-09 23,23,13949,1,0
2014-06-10 00,0,12891,2,0
2014-06-10 01,1,12486,2,0
2014-06-10 02,2,12059,2,0
2014-06-10 03,3,11845,2,0
2014-06-10 04,4,12115,2,0
2014-06-10 05,5,12550,2,0
2014-06-10 06,6,13255,2,0
2014-06-10 07,7,15215,2,0
2014-06-10 08,8,17291,2,0
2014-06-10 09,9,18074,2,0
2014-06-10 10,10,18430,2,0
2014-06-10 11,11,18141,2,0
2014-06-10 12,12,18157,2,0
2014-06-10 13,13,18441,2,0
2014-06-10 14,14,18463,2,0
2014-06-10 15,15,18449,2,0
2014-06-10 16,16,18380,2,0
2014-06-10 17,17,17661,2,0
2014-06-10 18,18,16922,2,0
2014-06-10 19,19,17184,2,0
2014-06-10 20,20,16920,2,0
2014-06-10 21,21,16374,2,0
2014-06-10 22,22,15391,2,0
2014-06-10 23,23,14347,2,0
2014-06-11 00,0,13190,3,0
2014-06-11 01,1,12747,3,0
2014-06-11 02,2,12341,3,0
2014-06-11 03,3,12241,3,0
2014-06-11 04,4,12363,3,0
2014-06-11 05,5,12774,3,0
2014-06-11 06,6,13355,3,0
2014-06-11 07,7,15270,3,0
2014-06-11 08,8,17719,3,0
2014-06-11 09,9,18451,3,0
2014-06-11 10,10,18723,3,0
2014-06-11 11,11,18333,3,0
2014-06-11 12,12,18257,3,0
2014-06-11 13,13,18414,3,0
2014-06-11 14,14,18418,3,0
2014-06-11 15,15,18527,3,0
2014-06-11 16,16,18616,3,0
2014-06-11 17,17,17774,3,0
2014-06-11 18,18,17182,3,0
2014-06-11 19,19,17377,3,0
2014-06-11 20,20,17098,3,0
2014-06-11 21,21,16491,3,0
2014-06-11 22,22,15442,3,0
2014-06-11 23,23,14407,3,0
2014-06-12 00,0,13410,4,0
2014-06-12 01,1,12804,4,0
2014-06-12 02,2,12481,4,0
2014-06-12 03,3,12220,4,0
2014-06-12 04,4,12497,4,0
2014-06-12 05,5,12733,4,0
2014-06-12 06,6,13399,4,0
2014-06-12 07,7,15488,4,0
2014-06-12 08,8,17759,4,0
2014-06-12 09,9,18678,4,0
2014-06-12 10,10,18958,4,0
2014-06-12 11,11,18581,4,0
2014-06-12 12,12,18385,4,0
2014-06-12 13,13,18643,4,0
2014-06-12 14,14,18646,4,0
2014-06-12 15,15,18653,4,0
2014-06-12 16,16,18698,4,0
2014-06-12 17,17,17995,4,0
2014-06-12 18,18,17303,4,0
2014-06-12 19,19,17380,4,0
2014-06-12 20,20,17184,4,0
2014-06-12 21,21,16601,4,0
2014-06-12 22,22,15616,4,0
2014-06-12 23,23,14527,4,0
2014-06-13 00,0,13395,5,0
2014-06-13 01,1,12866,5,0
2014-06-13 02,2,12580,5,0
2014-06-13 03,3,12417,5,0
2014-06-13 04,4,12625,5,0
2014-06-13 05,5,12913,5,0
2014-06-13 06,6,13567,5,0
2014-06-13 07,7,15678,5,0
2014-06-13 08,8,18026,5,0
2014-06-13 09,9,19201,5,0
2014-06-13 10,10,19543,5,0
2014-06-13 11,11,19278,5,0
2014-06-13 12,12,19044,5,0
2014-06-13 13,13,19501,5,0
2014-06-13 14,14,19566,5,0
2014-06-13 15,15,19411,5,0
2014-06-13 16,16,19358,5,0
2014-06-13 17,17,18446,5,0
2014-06-13 18,18,17728,5,0
2014-06-13 19,19,17671,5,0
2014-06-13 20,20,17491,5,0
2014-06-13 21,21,16937,5,0
2014-06-13 22,22,16117,5,0
2014-06-13 23,23,15040,5,0
2014-06-14 00,0,13961,6,1
2014-06-14 01,1,13054,6,1
2014-06-14 02,2,12706,6,1
2014-06-14 03,3,12391,6,1
2014-06-14 04,4,12462,6,1
2014-06-14 05,5,12726,6,1
2014-06-14 06,6,12971,6,1
2014-06-14 07,7,14455,6,1
2014-06-14 08,8,16092,6,1
2014-06-14 09,9,17337,6,1
2014-06-14 10,10,17525,6,1
2014-06-14 11,11,17314,6,1
2014-06-14 12,12,17265,6,1
2014-06-14 13,13,17494,6,1
2014-06-14 14,14,17496,6,1
2014-06-14 15,15,17496,6,1
2014-06-14 16,16,17473,6,1
2014-06-14 17,17,17035,6,1
2014-06-14 18,18,16740,6,1
2014-06-14 19,19,17015,6,1
2014-06-14 20,20,16910,6,1
2014-06-14 21,21,16446,6,1
2014-06-14 22,22,15626,6,1
2014-06-14 23,23,14631,6,1
2014-06-15 00,0,13538,7,1
2014-06-15 01,1,12998,7,1
2014-06-15 02,2,12504,7,1
2014-06-15 03,3,12134,7,1
2014-06-15 04,4,11975,7,1
2014-06-15 05,5,12221,7,1
2014-06-15 06,6,12501,7,1
2014-06-15 07,7,13643,7,1
2014-06-15 08,8,14774,7,1
2014-06-15 09,9,15742,7,1
2014-06-15 10,10,15897,7,1
2014-06-15 11,11,15791,7,1
2014-06-15 12,12,15706,7,1
2014-06-15 13,13,15744,7,1
2014-06-15 14,14,15690,7,1
2014-06-15 15,15,15823,7,1
2014-06-15 16,16,15766,7,1
2014-06-15 17,17,15657,7,1
2014-06-15 18,18,15715,7,1
2014-06-15 19,19,16071,7,1
2014-06-15 20,20,16039,7,1
2014-06-15 21,21,15422,7,1
2014-06-15 22,22,14554,7,1
2014-06-15 23,23,13548,7,1
2014-06-16 00,0,12387,1,0
2014-06-16 01,1,12043,1,0
2014-06-16 02,2,12067,1,0
2014-06-16 03,3,11895,1,0
2014-06-16 04,4,12173,1,0
2014-06-16 05,5,12276,1,0
2014-06-16 06,6,13034,1,0
2014-06-16 07,7,15272,1,0
2014-06-16 08,8,17652,1,0
2014-06-16 09,9,18964,1,0
2014-06-16 10,10,19142,1,0
2014-06-16 11,11,18689,1,0
2014-06-16 12,12,18023,1,0
2014-06-16 13,13,18177,1,0
2014-06-16 14,14,18072,1,0
2014-06-16 15,15,18142,1,0
2014-06-16 16,16,18127,1,0
2014-06-16 17,17,17563,1,0
2014-06-16 18,18,17035,1,0
2014-06-16 19,19,17169,1,0
2014-06-16 20,20,17014,1,0
2014-06-16 21,21,16420,1,0
2014-06-16 22,22,15437,1,0
2014-06-16 23,23,14330,1,0
2014-06-17 00,0,13400,2,0
2014-06-17 01,1,12958,2,0
2014-06-17 02,2,12571,2,0
2014-06-17 03,3,12340,2,0
2014-06-17 04,4,12517,2,0
2014-06-17 05,5,12901,2,0
2014-06-17 06,6,13686,2,0
2014-06-17 07,7,15760,2,0
2014-06-17 08,8,17960,2,0
2014-06-17 09,9,18764,2,0
2014-06-17 10,10,18897,2,0
2014-06-17 11,11,18413,2,0
2014-06-17 12,12,17963,2,0
2014-06-17 13,13,18249,2,0
2014-06-17 14,14,18221,2,0
2014-06-17 15,15,18330,2,0
2014-06-17 16,16,18295,2,0
2014-06-17 17,17,17838,2,0
2014-06-17 18,18,17086,2,0
2014-06-17 19,19,17131,2,0
2014-06-17 20,20,16838,2,0
2014-06-17 21,21,16191,2,0
2014-06-17 22,22,15304,2,0
2014-06-17 23,23,14274,2,0
2014-06-18 00,0,13228,3,0
2014-06-18 01,1,12798,3,0
2014-06-18 02,2,12408,3,0
2014-06-18 03,3,12252,3,0
2014-06-18 04,4,12386,3,0
2014-06-18 05,5,12790,3,0
2014-06-18 06,6,13652,3,0
2014-06-18 07,7,15483,3,0
2014-06-18 08,8,17223,3,0
2014-06-18 09,9,18059,3,0
2014-06-18 10,10,18273,3,0
2014-06-18 11,11,17877,3,0
2014-06-18 12,12,17654,3,0
2014-06-18 13,13,17872,3,0
2014-06-18 14,14,17820,3,0
2014-06-18 15,15,17875,3,0
2014-06-18 16,16,17979,3,0
2014-06-18 17,17,17511,3,0
2014-06-18 18,18,16880,3,0
2014-06-18 19,19,16965,3,0
2014-06-18 20,20,16762,3,0
2014-06-18 21,21,16245,3,0
2014-06-18 22,22,15452,3,0
2014-06-18 23,23,14439,3,0
2014-06-19 00,0,13429,4,0
2014-06-19 01,1,12754,4,0
2014-06-19 02,2,12394,4,0
2014-06-19 03,3,12154,4,0
2014-06-19 04,4,12343,4,0
2014-06-19 05,5,12634,4,0
2014-06-19 06,6,13531,4,0
2014-06-19 07,7,15423,4,0
2014-06-19 08,8,17624,4,0
2014-06-19 09,9,18627,4,0
2014-06-19 10,10,18867,4,0
2014-06-19 11,11,18399,4,0
2014-06-19 12,12,18014,4,0
2014-06-19 13,13,18350,4,0
2014-06-19 14,14,18408,4,0
2014-06-19 15,15,18479,4,0
2014-06-19 16,16,18464,4,0
2014-06-19 17,17,17856,4,0
2014-06-19 18,18,17192,4,0
2014-06-19 19,19,17222,4,0
2014-06-19 20,20,16928,4,0
2014-06-19 21,21,16378,4,0
2014-06-19 22,22,15347,4,0
2014-06-19 23,23,14305,4,0
2014-06-20 00,0,13492,5,0
2014-06-20 01,1,13094,5,0
2014-06-20 02,2,12631,5,0
2014-06-20 03,3,12343,5,0
2014-06-20 04,4,12597,5,0
2014-06-20 05,5,13020,5,0
2014-06-20 06,6,13841,5,0
2014-06-20 07,7,15733,5,0
2014-06-20 08,8,17594,5,0
2014-06-20 09,9,18541,5,0
2014-06-20 10,10,18727,5,0
2014-06-20 11,11,18437,5,0
2014-06-20 12,12,18149,5,0
2014-06-20 13,13,18428,5,0
2014-06-20 14,14,18391,5,0
2014-06-20 15,15,18600,5,0
2014-06-20 16,16,18700,5,0
2014-06-20 17,17,18226,5,0
2014-06-20 18,18,17492,5,0
2014-06-20 19,19,17527,5,0
2014-06-20 20,20,17353,5,0
2014-06-20 21,21,16808,5,0
2014-06-20 22,22,15919,5,0
2014-06-20 23,23,14830,5,0
2014-06-21 00,0,13834,6,1
2014-06-21 01,1,13191,6,1
2014-06-21 02,2,12526,6,1
2014-06-21 03,3,12266,6,1
2014-06-21 04,4,12389,6,1
2014-06-21 05,5,12657,6,1
2014-06-21 06,6,12978,6,1
2014-06-21 07,7,14323,6,1
2014-06-21 08,8,15979,6,1
2014-06-21 09,9,16801,6,1
2014-06-21 10,10,17055,6,1
2014-06-21 11,11,16821,6,1
2014-06-21 12,12,16348,6,1
2014-06-21 13,13,16434,6,1
2014-06-21 14,14,16239,6,1
2014-06-21 15,15,16328,6,1
2014-06-21 16,16,16409,6,1
2014-06-21 17,17,16216,6,1
2014-06-21 18,18,16238,6,1
2014-06-21 19,19,16303,6,1
2014-06-21 20,20,16209,6,1
2014-06-21 21,21,15777,6,1
2014-06-21 22,22,14919,6,1
2014-06-21 23,23,14130,6,1
2014-06-22 00,0,13007,7,1
2014-06-22 01,1,12423,7,1
2014-06-22 02,2,12060,7,1
2014-06-22 03,3,11749,7,1
2014-06-22 04,4,11813,7,1
2014-06-22 05,5,12067,7,1
2014-06-22 06,6,12426,7,1
2014-06-22 07,7,13454,7,1
2014-06-22 08,8,14694,7,1
2014-06-22 09,9,15557,7,1
2014-06-22 10,10,15860,7,1
2014-06-22 11,11,15855,7,1
2014-06-22 12,12,15609,7,1
2014-06-22 13,13,15606,7,1
2014-06-22 14,14,15577,7,1
2014-06-22 15,15,15564,7,1
2014-06-22 16,16,15565,7,1
2014-06-22 17,17,15494,7,1
2014-06-22 18,18,15328,7,1
2014-06-22 19,19,15535,7,1
2014-06-22 20,20,15478,7,1
2014-06-22 21,21,15149,7,1
2014-06-22 22,22,14447,7,1
2014-06-22 23,23,13691,7,1
2014-06-23 00,0,12625,1,0
2014-06-23 01,1,11970,1,0
2014-06-23 02,2,11632,1,0
2014-06-23 03,3,11506,1,0
2014-06-23 04,4,11661,1,0
2014-06-23 05,5,12125,1,0
2014-06-23 06,6,13223,1,0
2014-06-23 07,7,15274,1,0
2014-06-23 08,8,17181,1,0
2014-06-23 09,9,17981,1,0
2014-06-23 10,10,18144,1,0
2014-06-23 11,11,17811,1,0
2014-06-23 12,12,17641,1,0
2014-06-23 13,13,17730,1,0
2014-06-23 14,14,17721,1,0
2014-06-23 15,15,17836,1,0
2014-06-23 16,16,17770,1,0
2014-06-23 17,17,17506,1,0
2014-06-23 18,18,17071,1,0
2014-06-23 19,19,17070,1,0
2014-06-23 20,20,16902,1,0
2014-06-23 21,21,16419,1,0
2014-06-23 22,22,15642,1,0
2014-06-23 23,23,14477,1,0
2014-06-24 00,0,13537,2,0
2014-06-24 01,1,12991,2,0
2014-06-24 02,2,12578,2,0
2014-06-24 03,3,12200,2,0
2014-06-24 04,4,12410,2,0
2014-06-24 05,5,12787,2,0
2014-06-24 06,6,13548,2,0
2014-06-24 07,7,15761,2,0
2014-06-24 08,8,17806,2,0
2014-06-24 09,9,18751,2,0
2014-06-24 10,10,19054,2,0
2014-06-24 11,11,18693,2,0
2014-06-24 12,12,18697,2,0
2014-06-24 13,13,19023,2,0
2014-06-24 14,14,18959,2,0
2014-06-24 15,15,18914,2,0
2014-06-24 16,16,18799,2,0
2014-06-24 17,17,17907,2,0
2014-06-24 18,18,17335,2,0
2014-06-24 19,19,17430,2,0
2014-06-24 20,20,17238,2,0
2014-06-24 21,21,16703,2,0
2014-06-24 22,22,15653,2,0
2014-06-24 23,23,14555,2,0
2014-06-25 00,0,13593,3,0
2014-06-25 01,1,13004,3,0
2014-06-25 02,2,12569,3,0
2014-06-25 03,3,12305,3,0
2014-06-25 04,4,12378,3,0
2014-06-25 05,5,12767,3,0
2014-06-25 06,6,13528,3,0
2014-06-25 07,7,15423,3,0
2014-06-25 08,8,17536,3,0
2014-06-25 09,9,18325,3,0
2014-06-25 10,10,18460,3,0
2014-06-25 11,11,18045,3,0
2014-06-25 12,12,17750,3,0
2014-06-25 13,13,17895,3,0
2014-06-25 14,14,17896,3,0
2014-06-25 15,15,18030,3,0
2014-06-25 16,16,18071,3,0
2014-06-25 17,17,17827,3,0
2014-06-25 18,18,17136,3,0
2014-06-25 19,19,17074,3,0
2014-06-25 20,20,16903,3,0
2014-06-25 21,21,16430,3,0
2014-06-25 22,22,15693,3,0
2014-06-25 23,23,14716,3,0
2014-06-26 00,0,13602,4,0
2014-06-26 01,1,12914,4,0
2014-06-26 02,2,12326,4,0
2014-06-26 03,3,12115,4,0
2014-06-26 04,4,12262,4,0
2014-06-26 05,5,12616,4,0
2014-06-26 06,6,13526,4,0
2014-06-26 07,7,15350,4,0
2014-06-26 08,8,17158,4,0
2014-06-26 09,9,17986,4,0
2014-06-26 10,10,18231,4,0
2014-06-26 11,11,17872,4,0
2014-06-26 12,12,17825,4,0
2014-06-26 13,13,17641,4,0
2014-06-26 14,14,17535,4,0
2014-06-26 15,15,17907,4,0
2014-06-26 16,16,17987,4,0
2014-06-26 17,17,17804,4,0
2014-06-26 18,18,17191,4,0
2014-06-26 19,19,17064,4,0
2014-06-26 20,20,16883,4,0
2014-06-26 21,21,16400,4,0
2014-06-26 22,22,15669,4,0
2014-06-26 23,23,14706,4,0
2014-06-27 00,0,13602,5,0
2014-06-27 01,1,12872,5,0
2014-06-27 02,2,12408,5,0
2014-06-27 03,3,12171,5,0
2014-06-27 04,4,12236,5,0
2014-06-27 05,5,12653,5,0
2014-06-27 06,6,13384,5,0
2014-06-27 07,7,15186,5,0
2014-06-27 08,8,17044,5,0
2014-06-27 09,9,17876,5,0
2014-06-27 10,10,18051,5,0
2014-06-27 11,11,17804,5,0
2014-06-27 12,12,17360,5,0
2014-06-27 13,13,17632,5,0
2014-06-27 14,14,17679,5,0
2014-06-27 15,15,17702,5,0
2014-06-27 16,16,17740,5,0
2014-06-27 17,17,17123,5,0
2014-06-27 18,18,16583,5,0
2014-06-27 19,19,16657,5,0
2014-06-27 20,20,16465,5,0
2014-06-27 21,21,15994,5,0
2014-06-27 22,22,15188,5,0
2014-06-27 23,23,14135,5,0
2014-06-28 00,0,13067,6,1
2014-06-28 01,1,12694,6,1
2014-06-28 02,2,12240,6,1
2014-06-28 03,3,11966,6,1
2014-06-28 04,4,12067,6,1
2014-06-28 05,5,12286,6,1
2014-06-28 06,6,12480,6,1
2014-06-28 07,7,13872,6,1
2014-06-28 08,8,15619,6,1
2014-06-28 09,9,16529,6,1
2014-06-28 10,10,16858,6,1
2014-06-28 11,11,16622,6,1
2014-06-28 12,12,16246,6,1
2014-06-28 13,13,16331,6,1
2014-06-28 14,14,16249,6,1
2014-06-28 15,15,16478,6,1
2014-06-28 16,16,16553,6,1
2014-06-28 17,17,16395,6,1
2014-06-28 18,18,16185,6,1
2014-06-28 19,19,16447,6,1
2014-06-28 20,20,16210,6,1
2014-06-28 21,21,15537,6,1
2014-06-28 22,22,14819,6,1
2014-06-28 23,23,14095,6,1
2014-06-29 00,0,13033,7,1
2014-06-29 01,1,12341,7,1
2014-06-29 02,2,11873,7,1
2014-06-29 03,3,11743,7,1
2014-06-29 04,4,11828,7,1
2014-06-29 05,5,11978,7,1
2014-06-29 06,6,12063,7,1
2014-06-29 07,7,13050,7,1
2014-06-29 08,8,14240,7,1
2014-06-29 09,9,15095,7,1
2014-06-29 10,10,15516,7,1
2014-06-29 11,11,15277,7,1
2014-06-29 12,12,15265,7,1
2014-06-29 13,13,15381,7,1
2014-06-29 14,14,15283,7,1
2014-06-29 15,15,15413,7,1
2014-06-29 16,16,15592,7,1
2014-06-29 17,17,15528,7,1
2014-06-29 18,18,15459,7,1
2014-06-29 19,19,15551,7,1
2014-06-29 20,20,15542,7,1
2014-06-29 21,21,15209,7,1
2014-06-29 22,22,14457,7,1
2014-06-29 23,23,13525,7,1
2014-06-30 00,0,12624,1,0
2014-06-30 01,1,12077,1,0
2014-06-30 02,2,11551,1,0
2014-06-30 03,3,11486,1,0
2014-06-30 04,4,11685,1,0
2014-06-30 05,5,12082,1,0
2014-06-30 06,6,12915,1,0
2014-06-30 07,7,14961,1,0
2014-06-30 08,8,16868,1,0
2014-06-30 09,9,17631,1,0
2014-06-30 10,10,17895,1,0
2014-06-30 11,11,17517,1,0
2014-06-30 12,12,17460,1,0
2014-06-30 13,13,17696,1,0
2014-06-30 14,14,17682,1,0
2014-06-30 15,15,17543,1,0
2014-06-30 16,16,17566,1,0
2014-06-30 17,17,17220,1,0
2014-06-30 18,18,16774,1,0
2014-06-30 19,19,16785,1,0
2014-06-30 20,20,16615,1,0
2014-06-30 21,21,16107,1,0
2014-06-30 22,22,15201,1,0
2014-06-30 23,23,13978,1,0
2014-07-01 00,0,13178,2,0
2014-07-01 01,1,12881,2,0
2014-07-01 02,2,12567,2,0
2014-07-01 03,3,12204,2,0
2014-07-01 04,4,12267,2,0
2014-07-01 05,5,12612,2,0
2014-07-01 06,6,13288,2,0
2014-07-01 07,7,15229,2,0
2014-07-01 08,8,17295,2,0
2014-07-01 09,9,18031,2,0
2014-07-01 10,10,18285,2,0
2014-07-01 11,11,17908,2,0
2014-07-01 12,12,17558,2,0
2014-07-01 13,13,17825,2,0
2014-07-01 14,14,17654,2,0
2014-07-01 15,15,17928,2,0
2014-07-01 16,16,17988,2,0
2014-07-01 17,17,17464,2,0
2014-07-01 18,18,16838,2,0
2014-07-01 19,19,16762,2,0
2014-07-01 20,20,16505,2,0
2014-07-01 21,21,15839,2,0
2014-07-01 22,22,14893,2,0
2014-07-01 23,23,13973,2,0
2014-07-02 00,0,13108,3,0
2014-07-02 01,1,12696,3,0
2014-07-02 02,2,12331,3,0
2014-07-02 03,3,12030,3,0
2014-07-02 04,4,12177,3,0
2014-07-02 05,5,12561,3,0
2014-07-02 06,6,13228,3,0
2014-07-02 07,7,15258,3,0
2014-07-02 08,8,17616,3,0
2014-07-02 09,9,18490,3,0
2014-07-02 10,10,18877,3,0
2014-07-02 11,11,18530,3,0
2014-07-02 12,12,18260,3,0
2014-07-02 13,13,18518,3,0
2014-07-02 14,14,18507,3,0
2014-07-02 15,15,18427,3,0
2014-07-02 16,16,18205,3,0
2014-07-02 17,17,17356,3,0
2014-07-02 18,18,16762,3,0
2014-07-02 19,19,16949,3,0
2014-07-02 20,20,16669,3,0
2014-07-02 21,21,16056,3,0
2014-07-02 22,22,15486,3,0
2014-07-02 23,23,14276,3,0
2014-07-03 00,0,13281,4,0
2014-07-03 01,1,12845,4,0
2014-07-03 02,2,12304,4,0
2014-07-03 03,3,12048,4,0
2014-07-03 04,4,12098,4,0
2014-07-03 05,5,12703,4,0
2014-07-03 06,6,13410,4,0
2014-07-03 07,7,15456,4,0
2014-07-03 08,8,18033,4,0
2014-07-03 09,9,18865,4,0
2014-07-03 10,10,19228,4,0
2014-07-03 11,11,18982,4,0
2014-07-03 12,12,18545,4,0
2014-07-03 13,13,18913,4,0
2014-07-03 14,14,18922,4,0
2014-07-03 15,15,18919,4,0
2014-07-03 16,16,18498,4,0
2014-07-03 17,17,17611,4,0
2014-07-03 18,18,17142,4,0
2014-07-03 19,19,17108,4,0
2014-07-03 20,20,16806,4,0
2014-07-03 21,21,15994,4,0
2014-07-03 22,22,15156,4,0
2014-07-03 23,23,14246,4,0
2014-07-04 00,0,13588,5,0
2014-07-04 01,1,13092,5,0
2014-07-04 02,2,12569,5,0
2014-07-04 03,3,12391,5,0
2014-07-04 04,4,12559,5,0
2014-07-04 05,5,12782,5,0
2014-07-04 06,6,13547,5,0
2014-07-04 07,7,15922,5,0
2014-07-04 08,8,18052,5,0
2014-07-04 09,9,18962,5,0
2014-07-04 10,10,19066,5,0
2014-07-04 11,11,18776,5,0
2014-07-04 12,12,18386,5,0
2014-07-04 13,13,18589,5,0
2014-07-04 14,14,18503,5,0
2014-07-04 15,15,18557,5,0
2014-07-04 16,16,18570,5,0
2014-07-04 17,17,18271,5,0
2014-07-04 18,18,17674,5,0
2014-07-04 19,19,17620,5,0
2014-07-04 20,20,17454,5,0
2014-07-04 21,21,16888,5,0
2014-07-04 22,22,16116,5,0
2014-07-04 23,23,14984,5,0
2014-07-05 00,0,13814,6,1
2014-07-05 01,1,12701,6,1
2014-07-05 02,2,12447,6,1
2014-07-05 03,3,12167,6,1
2014-07-05 04,4,12187,6,1
2014-07-05 05,5,12423,6,1
2014-07-05 06,6,12718,6,1
2014-07-05 07,7,14228,6,1
2014-07-05 08,8,15910,6,1
2014-07-05 09,9,16880,6,1
2014-07-05 10,10,17164,6,1
2014-07-05 11,11,16999,6,1
2014-07-05 12,12,16950,6,1
2014-07-05 13,13,17190,6,1
2014-07-05 14,14,17096,6,1
2014-07-05 15,15,17287,6,1
2014-07-05 16,16,17298,6,1
2014-07-05 17,17,16924,6,1
2014-07-05 18,18,16718,6,1
2014-07-05 19,19,16918,6,1
2014-07-05 20,20,16869,6,1
2014-07-05 21,21,16219,6,1
2014-07-05 22,22,15535,6,1
2014-07-05 23,23,14719,6,1
2014-07-06 00,0,13320,7,1
2014-07-06 01,1,12862,7,1
2014-07-06 02,2,12163,7,1
2014-07-06 03,3,11892,7,1
2014-07-06 04,4,12050,7,1
2014-07-06 05,5,12324,7,1
2014-07-06 06,6,12447,7,1
2014-07-06 07,7,13323,7,1
2014-07-06 08,8,14495,7,1
2014-07-06 09,9,15602,7,1
2014-07-06 10,10,15766,7,1
2014-07-06 11,11,15700,7,1
2014-07-06 12,12,15540,7,1
2014-07-06 13,13,15744,7,1
2014-07-06 14,14,15778,7,1
2014-07-06 15,15,15786,7,1
2014-07-06 16,16,15820,7,1
2014-07-06 17,17,15617,7,1
2014-07-06 18,18,15720,7,1
2014-07-06 19,19,15974,7,1
2014-07-06 20,20,15993,7,1
2014-07-06 21,21,15618,7,1
2014-07-06 22,22,14915,7,1
2014-07-06 23,23,14030,7,1
2014-07-07 00,0,13158,1,0
2014-07-07 01,1,12325,1,0
2014-07-07 02,2,11917,1,0
2014-07-07 03,3,11744,1,0
2014-07-07 04,4,11996,1,0
2014-07-07 05,5,12348,1,0
2014-07-07 06,6,13243,1,0
2014-07-07 07,7,15770,1,0
2014-07-07 08,8,18336,1,0
2014-07-07 09,9,19537,1,0
2014-07-07 10,10,19771,1,0
2014-07-07 11,11,19677,1,0
2014-07-07 12,12,19570,1,0
2014-07-07 13,13,19772,1,0
2014-07-07 14,14,19785,1,0
2014-07-07 15,15,19815,1,0
2014-07-07 16,16,19661,1,0
2014-07-07 17,17,18979,1,0
2014-07-07 18,18,18273,1,0
2014-07-07 19,19,18344,1,0
2014-07-07 20,20,18037,1,0
2014-07-07 21,21,17195,1,0
2014-07-07 22,22,16187,1,0
2014-07-07 23,23,15047,1,0
2014-07-08 00,0,14018,2,0
2014-07-08 01,1,13193,2,0
2014-07-08 02,2,12814,2,0
2014-07-08 03,3,12346,2,0
2014-07-08 04,4,12621,2,0
2014-07-08 05,5,12826,2,0
2014-07-08 06,6,13694,2,0
2014-07-08 07,7,15991,2,0
2014-07-08 08,8,18742,2,0
2014-07-08 09,9,19905,2,0
2014-07-08 10,10,20131,2,0
2014-07-08 11,11,19944,2,0
2014-07-08 12,12,19808,2,0
2014-07-08 13,13,20005,2,0
2014-07-08 14,14,20107,2,0
2014-07-08 15,15,20329,2,0
2014-07-08 16,16,20300,2,0
2014-07-08 17,17,19331,2,0
2014-07-08 18,18,18550,2,0
2014-07-08 19,19,18494,2,0
2014-07-08 20,20,18245,2,0
2014-07-08 21,21,17346,2,0
2014-07-08 22,22,16517,2,0
2014-07-08 23,23,15458,2,0
2014-07-09 00,0,14191,3,0
2014-07-09 01,1,13404,3,0
2014-07-09 02,2,13040,3,0
2014-07-09 03,3,12717,3,0
2014-07-09 04,4,13004,3,0
2014-07-09 05,5,13183,3,0
2014-07-09 06,6,13993,3,0
2014-07-09 07,7,16433,3,0
2014-07-09 08,8,19221,3,0
2014-07-09 09,9,20475,3,0
2014-07-09 10,10,20739,3,0
2014-07-09 11,11,20493,3,0
2014-07-09 12,12,20453,3,0
2014-07-09 13,13,20708,3,0
2014-07-09 14,14,20668,3,0
2014-07-09 15,15,20752,3,0
2014-07-09 16,16,20592,3,0
2014-07-09 17,17,18990,3,0
2014-07-09 18,18,18164,3,0
2014-07-09 19,19,18072,3,0
2014-07-09 20,20,17862,3,0
2014-07-09 21,21,17382,3,0
2014-07-09 22,22,16238,3,0
2014-07-09 23,23,15125,3,0
2014-07-10 00,0,14171,4,0
2014-07-10 01,1,13807,4,0
2014-07-10 02,2,13433,4,0
2014-07-10 03,3,12970,4,0
2014-07-10 04,4,13286,4,0
2014-07-10 05,5,13667,4,0
2014-07-10 06,6,14118,4,0
2014-07-10 07,7,16838,4,0
2014-07-10 08,8,19867,4,0
2014-07-10 09,9,21740,4,0
2014-07-10 10,10,21951,4,0
2014-07-10 11,11,21804,4,0
2014-07-10 12,12,21613,4,0
2014-07-10 13,13,21929,4,0
2014-07-10 14,14,22030,4,0
2014-07-10 15,15,21995,4,0
2014-07-10 16,16,21439,4,0
2014-07-10 17,17,19889,4,0
2014-07-10 18,18,19233,4,0
2014-07-10 19,19,19264,4,0
2014-07-10 20,20,19003,4,0
2014-07-10 21,21,18202,4,0
2014-07-10 22,22,17060,4,0
2014-07-10 23,23,15811,4,0
2014-07-11 00,0,15249,5,0
2014-07-11 01,1,14858,5,0
2014-07-11 02,2,14139,5,0
2014-07-11 03,3,13816,5,0
2014-07-11 04,4,14125,5,0
2014-07-11 05,5,14307,5,0
2014-07-11 06,6,15436,5,0
2014-07-11 07,7,18026,5,0
2014-07-11 08,8,21356,5,0
2014-07-11 09,9,23089,5,0
2014-07-11 10,10,23394,5,0
2014-07-11 11,11,23162,5,0
2014-07-11 12,12,22293,5,0
2014-07-11 13,13,22777,5,0
2014-07-11 14,14,22851,5,0
2014-07-11 15,15,22806,5,0
2014-07-11 16,16,22454,5,0
2014-07-11 17,17,21246,5,0
2014-07-11 18,18,20451,5,0
2014-07-11 19,19,20554,5,0
2014-07-11 20,20,20493,5,0
2014-07-11 21,21,20038,5,0
2014-07-11 22,22,19117,5,0
2014-07-11 23,23,17919,5,0
2014-07-12 00,0,16769,6,1
2014-07-12 01,1,15791,6,1
2014-07-12 02,2,14934,6,1
2014-07-12 03,3,14430,6,1
2014-07-12 04,4,14268,6,1
2014-07-12 05,5,14357,6,1
2014-07-12 06,6,14722,6,1
2014-07-12 07,7,15559,6,1
2014-07-12 08,8,17277,6,1
2014-07-12 09,9,18497,6,1
2014-07-12 10,10,18769,6,1
2014-07-12 11,11,18518,6,1
2014-07-12 12,12,18542,6,1
2014-07-12 13,13,18768,6,1
2014-07-12 14,14,18782,6,1
2014-07-12 15,15,18877,6,1
2014-07-12 16,16,18895,6,1
2014-07-12 17,17,18671,6,1
2014-07-12 18,18,18472,6,1
2014-07-12 19,19,18838,6,1
2014-07-12 20,20,18691,6,1
2014-07-12 21,21,17668,6,1
2014-07-12 22,22,16752,6,1
2014-07-12 23,23,15775,6,1
2014-07-13 00,0,15124,7,1
2014-07-13 01,1,14110,7,1
2014-07-13 02,2,13649,7,1
2014-07-13 03,3,13461,7,1
2014-07-13 04,4,13414,7,1
2014-07-13 05,5,13536,7,1
2014-07-13 06,6,13084,7,1
2014-07-13 07,7,14185,7,1
2014-07-13 08,8,15742,7,1
2014-07-13 09,9,16623,7,1
2014-07-13 10,10,16867,7,1
2014-07-13 11,11,16740,7,1
2014-07-13 12,12,16591,7,1
2014-07-13 13,13,16765,7,1
2014-07-13 14,14,16789,7,1
2014-07-13 15,15,16874,7,1
2014-07-13 16,16,16892,7,1
2014-07-13 17,17,16677,7,1
2014-07-13 18,18,16781,7,1
2014-07-13 19,19,17133,7,1
2014-07-13 20,20,16992,7,1
2014-07-13 21,21,16400,7,1
2014-07-13 22,22,15428,7,1
2014-07-13 23,23,14561,7,1
2014-07-14 00,0,13963,1,0
2014-07-14 01,1,13192,1,0
2014-07-14 02,2,12572,1,0
2014-07-14 03,3,12458,1,0
2014-07-14 04,4,12753,1,0
2014-07-14 05,5,12907,1,0
2014-07-14 06,6,13473,1,0
2014-07-14 07,7,15926,1,0
2014-07-14 08,8,18801,1,0
2014-07-14 09,9,20410,1,0
2014-07-14 10,10,20749,1,0
2014-07-14 11,11,20605,1,0
2014-07-14 12,12,20440,1,0
2014-07-14 13,13,20692,1,0
2014-07-14 14,14,20771,1,0
2014-07-14 15,15,20796,1,0
2014-07-14 16,16,20164,1,0
2014-07-14 17,17,19216,1,0
2014-07-14 18,18,18569,1,0
2014-07-14 19,19,18265,1,0
2014-07-14 20,20,18054,1,0
2014-07-14 21,21,17558,1,0
2014-07-14 22,22,16441,1,0
2014-07-14 23,23,15328,1,0
2014-07-15 00,0,14443,2,0
2014-07-15 01,1,14020,2,0
2014-07-15 02,2,13701,2,0
2014-07-15 03,3,13443,2,0
2014-07-15 04,4,13465,2,0
2014-07-15 05,5,13734,2,0
2014-07-15 06,6,14235,2,0
2014-07-15 07,7,16844,2,0
2014-07-15 08,8,18972,2,0
2014-07-15 09,9,20653,2,0
2014-07-15 10,10,20943,2,0
2014-07-15 11,11,21013,2,0
2014-07-15 12,12,21047,2,0
2014-07-15 13,13,20800,2,0
2014-07-15 14,14,20814,2,0
2014-07-15 15,15,21178,2,0
2014-07-15 16,16,21313,2,0
2014-07-15 17,17,20825,2,0
2014-07-15 18,18,19422,2,0
2014-07-15 19,19,19756,2,0
2014-07-15 20,20,19534,2,0
2014-07-15 21,21,18627,2,0
2014-07-15 22,22,17618,2,0
2014-07-15 23,23,16358,2,0
2014-07-16 00,0,15037,3,0
2014-07-16 01,1,14337,3,0
2014-07-16 02,2,13747,3,0
2014-07-16 03,3,13250,3,0
2014-07-16 04,4,13409,3,0
2014-07-16 05,5,14045,3,0
2014-07-16 06,6,14892,3,0
2014-07-16 07,7,17648,3,0
2014-07-16 08,8,20368,3,0
2014-07-16 09,9,21328,3,0
2014-07-16 10,10,21594,3,0
2014-07-16 11,11,21818,3,0
2014-07-16 12,12,21858,3,0
2014-07-16 13,13,21634,3,0
2014-07-16 14,14,21703,3,0
2014-07-16 15,15,22052,3,0
2014-07-16 16,16,22141,3,0
2014-07-16 17,17,21416,3,0
2014-07-16 18,18,20504,3,0
2014-07-16 19,19,20726,3,0
2014-07-16 20,20,20618,3,0
2014-07-16 21,21,20115,3,0
2014-07-16 22,22,19256,3,0
2014-07-16 23,23,17955,3,0
2014-07-17 00,0,16545,4,0
2014-07-17 01,1,15131,4,0
2014-07-17 02,2,14634,4,0
2014-07-17 03,3,14022,4,0
2014-07-17 04,4,13921,4,0
2014-07-17 05,5,14287,4,0
2014-07-17 06,6,15102,4,0
2014-07-17 07,7,17934,4,0
2014-07-17 08,8,20906,4,0
2014-07-17 09,9,22363,4,0
2014-07-17 10,10,22538,4,0
2014-07-17 11,11,22639,4,0
2014-07-17 12,12,22649,4,0
2014-07-17 13,13,23037,4,0
2014-07-17 14,14,22955,4,0
2014-07-17 15,15,23118,4,0
2014-07-17 16,16,23239,4,0
2014-07-17 17,17,22257,4,0
2014-07-17 18,18,21294,4,0
2014-07-17 19,19,21545,4,0
2014-07-17 20,20,21418,4,0
2014-07-17 21,21,20797,4,0
2014-07-17 22,22,19797,4,0
2014-07-17 23,23,18432,4,0
2014-07-18 00,0,16818,5,0
2014-07-18 01,1,15784,5,0
2014-07-18 02,2,14992,5,0
2014-07-18 03,3,14622,5,0
2014-07-18 04,4,14582,5,0
2014-07-18 05,5,14845,5,0
2014-07-18 06,6,15683,5,0
2014-07-18 07,7,18239,5,0
2014-07-18 08,8,21275,5,0
2014-07-18 09,9,22818,5,0
2014-07-18 10,10,23363,5,0
2014-07-18 11,11,23279,5,0
2014-07-18 12,12,23131,5,0
2014-07-18 13,13,23371,5,0
2014-07-18 14,14,23185,5,0
2014-07-18 15,15,23117,5,0
2014-07-18 16,16,22981,5,0
2014-07-18 17,17,21923,5,0
2014-07-18 18,18,20968,5,0
2014-07-18 19,19,21236,5,0
2014-07-18 20,20,21112,5,0
2014-07-18 21,21,20698,5,0
2014-07-18 22,22,19858,5,0
2014-07-18 23,23,18679,5,0
2014-07-19 00,0,17257,6,1
2014-07-19 01,1,16067,6,1
2014-07-19 02,2,15415,6,1
2014-07-19 03,3,14968,6,1
2014-07-19 04,4,14766,6,1
2014-07-19 05,5,14880,6,1
2014-07-19 06,6,15086,6,1
2014-07-19 07,7,16750,6,1
2014-07-19 08,8,18787,6,1
2014-07-19 09,9,20430,6,1
2014-07-19 10,10,20920,6,1
2014-07-19 11,11,21028,6,1
2014-07-19 12,12,21460,6,1
2014-07-19 13,13,21442,6,1
2014-07-19 14,14,21303,6,1
2014-07-19 15,15,21329,6,1
2014-07-19 16,16,21227,6,1
2014-07-19 17,17,20446,6,1
2014-07-19 18,18,19881,6,1
2014-07-19 19,19,20183,6,1
2014-07-19 20,20,20178,6,1
2014-07-19 21,21,19483,6,1
2014-07-19 22,22,18495,6,1
2014-07-19 23,23,17488,6,1
2014-07-20 00,0,16264,7,1
2014-07-20 01,1,15434,7,1
2014-07-20 02,2,14933,7,1
2014-07-20 03,3,14607,7,1
2014-07-20 04,4,14441,7,1
2014-07-20 05,5,14541,7,1
2014-07-20 06,6,14690,7,1
2014-07-20 07,7,16394,7,1
2014-07-20 08,8,19226,7,1
2014-07-20 09,9,20498,7,1
2014-07-20 10,10,20757,7,1
2014-07-20 11,11,20718,7,1
2014-07-20 12,12,21157,7,1
2014-07-20 13,13,21181,7,1
2014-07-20 14,14,21209,7,1
2014-07-20 15,15,21041,7,1
2014-07-20 16,16,20992,7,1
2014-07-20 17,17,20656,7,1
2014-07-20 18,18,19932,7,1
2014-07-20 19,19,20622,7,1
2014-07-20 20,20,20763,7,1
2014-07-20 21,21,20495,7,1
2014-07-20 22,22,19726,7,1
2014-07-20 23,23,18430,7,1
2014-07-21 00,0,16695,1,0
2014-07-21 01,1,15751,1,0
2014-07-21 02,2,15165,1,0
2014-07-21 03,3,14719,1,0
2014-07-21 04,4,14642,1,0
2014-07-21 05,5,14764,1,0
2014-07-21 06,6,15048,1,0
2014-07-21 07,7,18352,1,0
2014-07-21 08,8,22019,1,0
2014-07-21 09,9,24466,1,0
2014-07-21 10,10,25000,1,0
2014-07-21 11,11,24915,1,0
2014-07-21 12,12,25050,1,0
2014-07-21 13,13,25401,1,0
2014-07-21 14,14,25325,1,0
2014-07-21 15,15,25096,1,0
2014-07-21 16,16,24812,1,0
2014-07-21 17,17,23264,1,0
2014-07-21 18,18,21816,1,0
2014-07-21 19,19,21993,1,0
2014-07-21 20,20,21991,1,0
2014-07-21 21,21,21394,1,0
2014-07-21 22,22,20207,1,0
2014-07-21 23,23,18614,1,0
2014-07-22 00,0,17138,2,0
2014-07-22 01,1,16460,2,0
2014-07-22 02,2,15860,2,0
2014-07-22 03,3,15421,2,0
2014-07-22 04,4,15274,2,0
2014-07-22 05,5,15650,2,0
2014-07-22 06,6,16323,2,0
2014-07-22 07,7,19392,2,0
2014-07-22 08,8,23296,2,0
2014-07-22 09,9,24932,2,0
2014-07-22 10,10,25444,2,0
2014-07-22 11,11,25326,2,0
2014-07-22 12,12,25663,2,0
2014-07-22 13,13,25687,2,0
2014-07-22 14,14,25704,2,0
2014-07-22 15,15,25567,2,0
2014-07-22 16,16,25528,2,0
2014-07-22 17,17,24066,2,0
2014-07-22 18,18,22579,2,0
2014-07-22 19,19,22590,2,0
2014-07-22 20,20,22604,2,0
2014-07-22 21,21,21644,2,0
2014-07-22 22,22,20794,2,0
2014-07-22 23,23,19173,2,0
2014-07-23 00,0,17538,3,0
2014-07-23 01,1,17128,3,0
2014-07-23 02,2,16328,3,0
2014-07-23 03,3,15897,3,0
2014-07-23 04,4,15779,3,0
2014-07-23 05,5,16048,3,0
2014-07-23 06,6,17019,3,0
2014-07-23 07,7,20219,3,0
2014-07-23 08,8,23814,3,0
2014-07-23 09,9,25362,3,0
2014-07-23 10,10,25906,3,0
2014-07-23 11,11,25805,3,0
2014-07-23 12,12,25963,3,0
2014-07-23 13,13,26306,3,0
2014-07-23 14,14,26195,3,0
2014-07-23 15,15,26060,3,0
2014-07-23 16,16,25902,3,0
2014-07-23 17,17,24286,3,0
2014-07-23 18,18,23059,3,0
2014-07-23 19,19,22961,3,0
2014-07-23 20,20,22827,3,0
2014-07-23 21,21,22453,3,0
2014-07-23 22,22,21381,3,0
2014-07-23 23,23,19959,3,0
2014-07-24 00,0,18278,4,0
2014-07-24 01,1,17397,4,0
2014-07-24 02,2,16602,4,0
2014-07-24 03,3,16180,4,0
2014-07-24 04,4,15942,4,0
2014-07-24 05,5,16219,4,0
2014-07-24 06,6,17061,4,0
2014-07-24 07,7,20324,4,0
2014-07-24 08,8,23591,4,0
2014-07-24 09,9,24922,4,0
2014-07-24 10,10,25360,4,0
2014-07-24 11,11,25327,4,0
2014-07-24 12,12,25517,4,0
2014-07-24 13,13,25713,4,0
2014-07-24 14,14,25225,4,0
2014-07-24 15,15,25045,4,0
2014-07-24 16,16,24635,4,0
2014-07-24 17,17,23470,4,0
2014-07-24 18,18,22131,4,0
2014-07-24 19,19,22450,4,0
2014-07-24 20,20,22404,4,0
2014-07-24 21,21,22224,4,0
2014-07-24 22,22,21223,4,0
2014-07-24 23,23,19878,4,0
2014-07-25 00,0,18356,5,0
2014-07-25 01,1,17475,5,0
2014-07-25 02,2,16823,5,0
2014-07-25 03,3,16173,5,0
2014-07-25 04,4,15957,5,0
2014-07-25 05,5,16165,5,0
2014-07-25 06,6,17169,5,0
2014-07-25 07,7,19930,5,0
2014-07-25 08,8,22367,5,0
2014-07-25 09,9,23392,5,0
2014-07-25 10,10,23775,5,0
2014-07-25 11,11,24420,5,0
2014-07-25 12,12,24454,5,0
2014-07-25 13,13,24026,5,0
2014-07-25 14,14,23997,5,0
2014-07-25 15,15,24357,5,0
2014-07-25 16,16,24360,5,0
2014-07-25 17,17,23478,5,0
2014-07-25 18,18,21858,5,0
2014-07-25 19,19,22118,5,0
2014-07-25 20,20,22153,5,0
2014-07-25 21,21,21882,5,0
2014-07-25 22,22,21028,5,0
2014-07-25 23,23,19631,5,0
2014-07-26 00,0,17861,6,1
2014-07-26 01,1,17030,6,1
2014-07-26 02,2,16289,6,1
2014-07-26 03,3,15840,6,1
2014-07-26 04,4,15473,6,1
2014-07-26 05,5,15578,6,1
2014-07-26 06,6,15757,6,1
2014-07-26 07,7,17091,6,1
2014-07-26 08,8,19321,6,1
2014-07-26 09,9,20616,6,1
2014-07-26 10,10,21373,6,1
2014-07-26 11,11,21404,6,1
2014-07-26 12,12,21547,6,1
2014-07-26 13,13,21783,6,1
2014-07-26 14,14,21633,6,1
2014-07-26 15,15,21506,6,1
2014-07-26 16,16,21113,6,1
2014-07-26 17,17,20318,6,1
2014-07-26 18,18,19667,6,1
2014-07-26 19,19,20129,6,1
2014-07-26 20,20,20167,6,1
2014-07-26 21,21,19901,6,1
2014-07-26 22,22,19083,6,1
2014-07-26 23,23,17935,6,1
2014-07-27 00,0,16901,7,1
2014-07-27 01,1,16461,7,1
2014-07-27 02,2,15788,7,1
2014-07-27 03,3,15326,7,1
2014-07-27 04,4,15129,7,1
2014-07-27 05,5,15294,7,1
2014-07-27 06,6,15466,7,1
2014-07-27 07,7,16472,7,1
2014-07-27 08,8,18024,7,1
2014-07-27 09,9,19581,7,1
2014-07-27 10,10,20328,7,1
2014-07-27 11,11,20438,7,1
2014-07-27 12,12,20643,7,1
2014-07-27 13,13,20741,7,1
2014-07-27 14,14,20690,7,1
2014-07-27 15,15,20489,7,1
2014-07-27 16,16,20397,7,1
2014-07-27 17,17,20145,7,1
2014-07-27 18,18,19435,7,1
2014-07-27 19,19,20156,7,1
2014-07-27 20,20,20444,7,1
2014-07-27 21,21,20194,7,1
2014-07-27 22,22,19324,7,1
2014-07-27 23,23,17994,7,1
2014-07-28 00,0,16886,1,0
2014-07-28 01,1,16130,1,0
2014-07-28 02,2,15320,1,0
2014-07-28 03,3,14876,1,0
2014-07-28 04,4,14527,1,0
2014-07-28 05,5,15034,1,0
2014-07-28 06,6,15734,1,0
2014-07-28 07,7,19035,1,0
2014-07-28 08,8,22281,1,0
2014-07-28 09,9,23427,1,0
2014-07-28 10,10,23922,1,0
2014-07-28 11,11,24327,1,0
2014-07-28 12,12,24357,1,0
2014-07-28 13,13,24105,1,0
2014-07-28 14,14,24014,1,0
2014-07-28 15,15,24706,1,0
2014-07-28 16,16,24744,1,0
2014-07-28 17,17,23420,1,0
2014-07-28 18,18,22288,1,0
2014-07-28 19,19,22506,1,0
2014-07-28 20,20,22411,1,0
2014-07-28 21,21,22050,1,0
2014-07-28 22,22,20967,1,0
2014-07-28 23,23,19571,1,0
2014-07-29 00,0,17927,2,0
2014-07-29 01,1,16186,2,0
2014-07-29 02,2,15691,2,0
2014-07-29 03,3,15263,2,0
2014-07-29 04,4,15029,2,0
2014-07-29 05,5,15313,2,0
2014-07-29 06,6,16453,2,0
2014-07-29 07,7,19566,2,0
2014-07-29 08,8,22444,2,0
2014-07-29 09,9,24105,2,0
2014-07-29 10,10,24680,2,0
2014-07-29 11,11,24615,2,0
2014-07-29 12,12,24908,2,0
2014-07-29 13,13,25097,2,0
2014-07-29 14,14,24970,2,0
2014-07-29 15,15,24887,2,0
2014-07-29 16,16,24750,2,0
2014-07-29 17,17,23779,2,0
2014-07-29 18,18,22389,2,0
2014-07-29 19,19,22506,2,0
2014-07-29 20,20,22409,2,0
2014-07-29 21,21,22257,2,0
2014-07-29 22,22,21206,2,0
2014-07-29 23,23,19878,2,0
2014-07-30 00,0,18356,3,0
2014-07-30 01,1,17192,3,0
2014-07-30 02,2,16501,3,0
2014-07-30 03,3,15926,3,0
2014-07-30 04,4,15772,3,0
2014-07-30 05,5,15932,3,0
2014-07-30 06,6,16862,3,0
2014-07-30 07,7,19893,3,0
2014-07-30 08,8,23329,3,0
2014-07-30 09,9,24728,3,0
2014-07-30 10,10,25042,3,0
2014-07-30 11,11,25174,3,0
2014-07-30 12,12,25599,3,0
2014-07-30 13,13,25765,3,0
2014-07-30 14,14,25644,3,0
2014-07-30 15,15,25453,3,0
2014-07-30 16,16,25025,3,0
2014-07-30 17,17,23654,3,0
2014-07-30 18,18,22024,3,0
2014-07-30 19,19,22126,3,0
2014-07-30 20,20,22183,3,0
2014-07-30 21,21,21925,3,0
2014-07-30 22,22,21060,3,0
2014-07-30 23,23,19942,3,0
2014-07-31 00,0,18563,4,0
2014-07-31 01,1,17146,4,0
2014-07-31 02,2,16582,4,0
2014-07-31 03,3,16123,4,0
2014-07-31 04,4,15731,4,0
2014-07-31 05,5,15934,4,0
2014-07-31 06,6,17070,4,0
2014-07-31 07,7,20147,4,0
2014-07-31 08,8,23124,4,0
2014-07-31 09,9,25047,4,0
2014-07-31 10,10,25449,4,0
2014-07-31 11,11,25320,4,0
2014-07-31 12,12,25412,4,0
2014-07-31 13,13,25304,4,0
2014-07-31 14,14,25243,4,0
2014-07-31 15,15,24928,4,0
2014-07-31 16,16,24403,4,0
2014-07-31 17,17,23115,4,0
2014-07-31 18,18,22021,4,0
2014-07-31 19,19,22086,4,0
2014-07-31 20,20,22109,4,0
2014-07-31 21,21,21808,4,0
2014-07-31 22,22,20837,4,0
2014-07-31 23,23,19499,4,0
2014-08-01 00,0,18010,5,0
2014-08-01 01,1,17030,5,0
2014-08-01 02,2,16496,5,0
2014-08-01 03,3,15938,5,0
2014-08-01 04,4,15659,5,0
2014-08-01 05,5,15831,5,0
2014-08-01 06,6,16525,5,0
2014-08-01 07,7,18809,5,0
2014-08-01 08,8,21462,5,0
2014-08-01 09,9,22386,5,0
2014-08-01 10,10,22675,5,0
2014-08-01 11,11,22492,5,0
2014-08-01 12,12,22507,5,0
2014-08-01 13,13,22712,5,0
2014-08-01 14,14,22731,5,0
2014-08-01 15,15,23156,5,0
2014-08-01 16,16,23076,5,0
2014-08-01 17,17,22384,5,0
2014-08-01 18,18,21632,5,0
2014-08-01 19,19,21751,5,0
2014-08-01 20,20,21792,5,0
2014-08-01 21,21,21405,5,0
2014-08-01 22,22,20456,5,0
2014-08-01 23,23,19084,5,0
2014-08-02 00,0,17629,6,1
2014-08-02 01,1,15581,6,1
2014-08-02 02,2,14795,6,1
2014-08-02 03,3,14218,6,1
2014-08-02 04,4,14073,6,1
2014-08-02 05,5,14480,6,1
2014-08-02 06,6,14553,6,1
2014-08-02 07,7,15836,6,1
2014-08-02 08,8,17580,6,1
2014-08-02 09,9,18869,6,1
2014-08-02 10,10,19612,6,1
2014-08-02 11,11,19816,6,1
2014-08-02 12,12,20003,6,1
2014-08-02 13,13,20192,6,1
2014-08-02 14,14,20174,6,1
2014-08-02 15,15,20093,6,1
2014-08-02 16,16,19731,6,1
2014-08-02 17,17,19074,6,1
2014-08-02 18,18,18480,6,1
2014-08-02 19,19,18509,6,1
2014-08-02 20,20,18448,6,1
2014-08-02 21,21,18153,6,1
2014-08-02 22,22,17553,6,1
2014-08-02 23,23,16679,6,1
2014-08-03 00,0,15509,7,1
2014-08-03 01,1,14965,7,1
2014-08-03 02,2,14270,7,1
2014-08-03 03,3,13922,7,1
2014-08-03 04,4,13720,7,1
2014-08-03 05,5,14149,7,1
2014-08-03 06,6,14301,7,1
2014-08-03 07,7,15604,7,1
2014-08-03 08,8,17215,7,1
2014-08-03 09,9,18759,7,1
2014-08-03 10,10,19681,7,1
2014-08-03 11,11,20081,7,1
2014-08-03 12,12,20201,7,1
2014-08-03 13,13,20489,7,1
2014-08-03 14,14,20527,7,1
2014-08-03 15,15,20564,7,1
2014-08-03 16,16,20571,7,1
2014-08-03 17,17,20265,7,1
2014-08-03 18,18,19395,7,1
2014-08-03 19,19,19559,7,1
2014-08-03 20,20,19412,7,1
2014-08-03 21,21,18819,7,1
2014-08-03 22,22,18345,7,1
2014-08-03 23,23,17882,7,1
2014-08-04 00,0,16638,1,0
2014-08-04 01,1,15556,1,0
2014-08-04 02,2,14777,1,0
2014-08-04 03,3,14635,1,0
2014-08-04 04,4,14563,1,0
2014-08-04 05,5,14848,1,0
2014-08-04 06,6,16169,1,0
2014-08-04 07,7,19240,1,0
2014-08-04 08,8,23404,1,0
2014-08-04 09,9,25111,1,0
2014-08-04 10,10,25825,1,0
2014-08-04 11,11,25598,1,0
2014-08-04 12,12,25972,1,0
2014-08-04 13,13,26209,1,0
2014-08-04 14,14,26132,1,0
2014-08-04 15,15,25862,1,0
2014-08-04 16,16,25419,1,0
2014-08-04 17,17,24692,1,0
2014-08-04 18,18,22951,1,0
2014-08-04 19,19,23187,1,0
2014-08-04 20,20,23179,1,0
2014-08-04 21,21,22567,1,0
2014-08-04 22,22,21170,1,0
2014-08-04 23,23,19781,1,0
2014-08-05 00,0,18135,2,0
2014-08-05 01,1,16624,2,0
2014-08-05 02,2,15987,2,0
2014-08-05 03,3,15460,2,0
2014-08-05 04,4,15316,2,0
2014-08-05 05,5,15579,2,0
2014-08-05 06,6,16908,2,0
2014-08-05 07,7,19843,2,0
2014-08-05 08,8,23759,2,0
2014-08-05 09,9,25439,2,0
2014-08-05 10,10,26146,2,0
2014-08-05 11,11,26055,2,0
2014-08-05 12,12,26529,2,0
2014-08-05 13,13,26690,2,0
2014-08-05 14,14,26775,2,0
2014-08-05 15,15,26542,2,0
2014-08-05 16,16,26234,2,0
2014-08-05 17,17,24885,2,0
2014-08-05 18,18,23065,2,0
2014-08-05 19,19,22712,2,0
2014-08-05 20,20,22749,2,0
2014-08-05 21,21,22240,2,0
2014-08-05 22,22,21070,2,0
2014-08-05 23,23,19860,2,0
2014-08-06 00,0,18538,3,0
2014-08-06 01,1,17819,3,0
2014-08-06 02,2,17035,3,0
2014-08-06 03,3,16541,3,0
2014-08-06 04,4,16257,3,0
2014-08-06 05,5,16388,3,0
2014-08-06 06,6,17463,3,0
2014-08-06 07,7,20624,3,0
2014-08-06 08,8,24120,3,0
2014-08-06 09,9,25913,3,0
2014-08-06 10,10,26513,3,0
2014-08-06 11,11,26544,3,0
2014-08-06 12,12,26838,3,0
2014-08-06 13,13,26786,3,0
2014-08-06 14,14,26025,3,0
2014-08-06 15,15,25995,3,0
2014-08-06 16,16,25899,3,0
2014-08-06 17,17,24476,3,0
2014-08-06 18,18,23605,3,0
2014-08-06 19,19,23927,3,0
2014-08-06 20,20,23764,3,0
2014-08-06 21,21,23233,3,0
2014-08-06 22,22,22209,3,0
2014-08-06 23,23,20687,3,0
2014-08-07 00,0,19030,4,0
2014-08-07 01,1,17859,4,0
2014-08-07 02,2,17065,4,0
2014-08-07 03,3,16534,4,0
2014-08-07 04,4,16261,4,0
2014-08-07 05,5,16432,4,0
2014-08-07 06,6,17498,4,0
2014-08-07 07,7,20386,4,0
2014-08-07 08,8,23605,4,0
2014-08-07 09,9,25151,4,0
2014-08-07 10,10,25673,4,0
2014-08-07 11,11,25562,4,0
2014-08-07 12,12,25891,4,0
2014-08-07 13,13,26008,4,0
2014-08-07 14,14,25858,4,0
2014-08-07 15,15,25499,4,0
2014-08-07 16,16,25387,4,0
2014-08-07 17,17,24613,4,0
2014-08-07 18,18,23157,4,0
2014-08-07 19,19,23875,4,0
2014-08-07 20,20,23768,4,0
2014-08-07 21,21,23399,4,0
2014-08-07 22,22,22262,4,0
2014-08-07 23,23,20608,4,0
2014-08-08 00,0,18939,5,0
2014-08-08 01,1,17356,5,0
2014-08-08 02,2,16844,5,0
2014-08-08 03,3,16327,5,0
2014-08-08 04,4,15978,5,0
2014-08-08 05,5,16280,5,0
2014-08-08 06,6,16931,5,0
2014-08-08 07,7,19830,5,0
2014-08-08 08,8,22623,5,0
2014-08-08 09,9,23833,5,0
2014-08-08 10,10,24441,5,0
2014-08-08 11,11,25245,5,0
2014-08-08 12,12,25275,5,0
2014-08-08 13,13,24825,5,0
2014-08-08 14,14,24846,5,0
2014-08-08 15,15,25075,5,0
2014-08-08 16,16,25165,5,0
2014-08-08 17,17,24217,5,0
2014-08-08 18,18,22684,5,0
2014-08-08 19,19,23548,5,0
2014-08-08 20,20,23461,5,0
2014-08-08 21,21,23105,5,0
2014-08-08 22,22,21929,5,0
2014-08-08 23,23,20287,5,0
2014-08-09 00,0,18642,6,1
2014-08-09 01,1,16412,6,1
2014-08-09 02,2,15652,6,1
2014-08-09 03,3,15216,6,1
2014-08-09 04,4,14999,6,1
2014-08-09 05,5,15000,6,1
2014-08-09 06,6,15254,6,1
2014-08-09 07,7,16617,6,1
2014-08-09 08,8,18487,6,1
2014-08-09 09,9,19688,6,1
2014-08-09 10,10,20277,6,1
2014-08-09 11,11,20262,6,1
2014-08-09 12,12,20692,6,1
2014-08-09 13,13,20736,6,1
2014-08-09 14,14,20607,6,1
2014-08-09 15,15,20636,6,1
2014-08-09 16,16,20532,6,1
2014-08-09 17,17,19938,6,1
2014-08-09 18,18,19386,6,1
2014-08-09 19,19,19734,6,1
2014-08-09 20,20,19783,6,1
2014-08-09 21,21,19646,6,1
2014-08-09 22,22,18840,6,1
2014-08-09 23,23,17843,6,1
2014-08-10 00,0,16564,7,1
2014-08-10 01,1,15413,7,1
2014-08-10 02,2,14707,7,1
2014-08-10 03,3,14318,7,1
2014-08-10 04,4,14064,7,1
2014-08-10 05,5,14126,7,1
2014-08-10 06,6,14387,7,1
2014-08-10 07,7,15726,7,1
2014-08-10 08,8,17551,7,1
2014-08-10 09,9,18661,7,1
2014-08-10 10,10,19359,7,1
2014-08-10 11,11,19476,7,1
2014-08-10 12,12,19609,7,1
2014-08-10 13,13,19688,7,1
2014-08-10 14,14,19671,7,1
2014-08-10 15,15,19517,7,1
2014-08-10 16,16,19406,7,1
2014-08-10 17,17,19082,7,1
2014-08-10 18,18,18601,7,1
2014-08-10 19,19,19141,7,1
2014-08-10 20,20,19297,7,1
2014-08-10 21,21,19122,7,1
2014-08-10 22,22,18337,7,1
2014-08-10 23,23,17249,7,1
2014-08-11 00,0,15814,1,0
2014-08-11 01,1,14793,1,0
2014-08-11 02,2,13582,1,0
2014-08-11 03,3,13169,1,0
2014-08-11 04,4,13008,1,0
2014-08-11 05,5,13517,1,0
2014-08-11 06,6,15291,1,0
2014-08-11 07,7,18236,1,0
2014-08-11 08,8,21021,1,0
2014-08-11 09,9,22319,1,0
2014-08-11 10,10,22759,1,0
2014-08-11 11,11,23373,1,0
2014-08-11 12,12,23162,1,0
2014-08-11 13,13,23194,1,0
2014-08-11 14,14,23186,1,0
2014-08-11 15,15,23373,1,0
2014-08-11 16,16,23295,1,0
2014-08-11 17,17,22366,1,0
2014-08-11 18,18,21420,1,0
2014-08-11 19,19,21894,1,0
2014-08-11 20,20,21813,1,0
2014-08-11 21,21,21428,1,0
2014-08-11 22,22,20380,1,0
2014-08-11 23,23,18977,1,0
2014-08-12 00,0,17359,2,0
2014-08-12 01,1,14521,2,0
2014-08-12 02,2,13952,2,0
2014-08-12 03,3,13622,2,0
2014-08-12 04,4,13611,2,0
2014-08-12 05,5,14040,2,0
2014-08-12 06,6,14800,2,0
2014-08-12 07,7,17276,2,0
2014-08-12 08,8,19734,2,0
2014-08-12 09,9,20512,2,0
2014-08-12 10,10,20551,2,0
2014-08-12 11,11,20529,2,0
2014-08-12 12,12,20558,2,0
2014-08-12 13,13,20353,2,0
2014-08-12 14,14,20315,2,0
2014-08-12 15,15,20530,2,0
2014-08-12 16,16,20570,2,0
2014-08-12 17,17,20085,2,0
2014-08-12 18,18,19464,2,0
2014-08-12 19,19,19642,2,0
2014-08-12 20,20,19535,2,0
2014-08-12 21,21,19275,2,0
2014-08-12 22,22,18298,2,0
2014-08-12 23,23,17185,2,0
2014-08-13 00,0,15890,3,0
2014-08-13 01,1,14581,3,0
2014-08-13 02,2,13736,3,0
2014-08-13 03,3,13282,3,0
2014-08-13 04,4,13318,3,0
2014-08-13 05,5,13859,3,0
2014-08-13 06,6,14742,3,0
2014-08-13 07,7,16983,3,0
2014-08-13 08,8,19672,3,0
2014-08-13 09,9,20808,3,0
2014-08-13 10,10,21275,3,0
2014-08-13 11,11,21163,3,0
2014-08-13 12,12,21406,3,0
2014-08-13 13,13,21651,3,0
2014-08-13 14,14,21623,3,0
2014-08-13 15,15,21623,3,0
2014-08-13 16,16,21104,3,0
2014-08-13 17,17,20190,3,0
2014-08-13 18,18,19312,3,0
2014-08-13 19,19,19450,3,0
2014-08-13 20,20,19318,3,0
2014-08-13 21,21,18975,3,0
2014-08-13 22,22,18088,3,0
2014-08-13 23,23,16904,3,0
2014-08-14 00,0,15599,4,0
2014-08-14 01,1,14155,4,0
2014-08-14 02,2,13707,4,0
2014-08-14 03,3,13495,4,0
2014-08-14 04,4,13415,4,0
2014-08-14 05,5,13822,4,0
2014-08-14 06,6,14792,4,0
2014-08-14 07,7,17495,4,0
2014-08-14 08,8,20226,4,0
2014-08-14 09,9,21365,4,0
2014-08-14 10,10,21393,4,0
2014-08-14 11,11,20846,4,0
2014-08-14 12,12,20105,4,0
2014-08-14 13,13,20608,4,0
2014-08-14 14,14,20571,4,0
2014-08-14 15,15,20122,4,0
2014-08-14 16,16,20021,4,0
2014-08-14 17,17,18865,4,0
2014-08-14 18,18,18019,4,0
2014-08-14 19,19,18203,4,0
2014-08-14 20,20,17856,4,0
2014-08-14 21,21,17301,4,0
2014-08-14 22,22,16459,4,0
2014-08-14 23,23,15588,4,0
2014-08-15 00,0,15212,5,0
2014-08-15 01,1,14651,5,0
2014-08-15 02,2,14108,5,0
2014-08-15 03,3,13836,5,0
2014-08-15 04,4,13768,5,0
2014-08-15 05,5,14136,5,0
2014-08-15 06,6,15291,5,0
2014-08-15 07,7,17689,5,0
2014-08-15 08,8,19835,5,0
2014-08-15 09,9,20502,5,0
2014-08-15 10,10,20494,5,0
2014-08-15 11,11,20141,5,0
2014-08-15 12,12,20141,5,0
2014-08-15 13,13,19915,5,0
2014-08-15 14,14,19891,5,0
2014-08-15 15,15,20115,5,0
2014-08-15 16,16,20219,5,0
2014-08-15 17,17,19923,5,0
2014-08-15 18,18,19305,5,0
2014-08-15 19,19,19351,5,0
2014-08-15 20,20,18901,5,0
2014-08-15 21,21,18374,5,0
2014-08-15 22,22,17564,5,0
2014-08-15 23,23,16676,5,0
2014-08-16 00,0,15694,6,1
2014-08-16 01,1,13889,6,1
2014-08-16 02,2,13405,6,1
2014-08-16 03,3,13131,6,1
2014-08-16 04,4,13130,6,1
2014-08-16 05,5,13425,6,1
2014-08-16 06,6,14451,6,1
2014-08-16 07,7,16325,6,1
2014-08-16 08,8,18104,6,1
2014-08-16 09,9,18891,6,1
2014-08-16 10,10,19096,6,1
2014-08-16 11,11,18884,6,1
2014-08-16 12,12,18466,6,1
2014-08-16 13,13,18445,6,1
2014-08-16 14,14,18447,6,1
2014-08-16 15,15,18464,6,1
2014-08-16 16,16,18523,6,1
2014-08-16 17,17,18107,6,1
2014-08-16 18,18,18440,6,1
2014-08-16 19,19,18492,6,1
2014-08-16 20,20,18411,6,1
2014-08-16 21,21,18010,6,1
2014-08-16 22,22,17208,6,1
2014-08-16 23,23,16201,6,1
2014-08-17 00,0,15361,7,1
2014-08-17 01,1,13440,7,1
2014-08-17 02,2,12957,7,1
2014-08-17 03,3,12689,7,1
2014-08-17 04,4,12844,7,1
2014-08-17 05,5,13413,7,1
2014-08-17 06,6,13908,7,1
2014-08-17 07,7,14775,7,1
2014-08-17 08,8,15837,7,1
2014-08-17 09,9,16812,7,1
2014-08-17 10,10,17273,7,1
2014-08-17 11,11,17276,7,1
2014-08-17 12,12,16833,7,1
2014-08-17 13,13,16831,7,1
2014-08-17 14,14,16974,7,1
2014-08-17 15,15,16931,7,1
2014-08-17 16,16,17049,7,1
2014-08-17 17,17,16957,7,1
2014-08-17 18,18,17092,7,1
2014-08-17 19,19,17546,7,1
2014-08-17 20,20,17543,7,1
2014-08-17 21,21,16725,7,1
2014-08-17 22,22,15939,7,1
2014-08-17 23,23,15056,7,1
2014-08-18 00,0,14094,1,0
2014-08-18 01,1,13156,1,0
2014-08-18 02,2,12181,1,0
2014-08-18 03,3,11758,1,0
2014-08-18 04,4,11914,1,0
2014-08-18 05,5,12720,1,0
2014-08-18 06,6,14425,1,0
2014-08-18 07,7,16987,1,0
2014-08-18 08,8,19019,1,0
2014-08-18 09,9,19822,1,0
2014-08-18 10,10,20083,1,0
2014-08-18 11,11,19769,1,0
2014-08-18 12,12,19703,1,0
2014-08-18 13,13,19717,1,0
2014-08-18 14,14,19475,1,0
2014-08-18 15,15,19926,1,0
2014-08-18 16,16,19945,1,0
2014-08-18 17,17,19298,1,0
2014-08-18 18,18,18320,1,0
2014-08-18 19,19,18698,1,0
2014-08-18 20,20,18602,1,0
2014-08-18 21,21,18096,1,0
2014-08-18 22,22,17271,1,0
2014-08-18 23,23,16162,1,0
2014-08-19 00,0,14939,2,0
2014-08-19 01,1,13295,2,0
2014-08-19 02,2,12752,2,0
2014-08-19 03,3,12449,2,0
2014-08-19 04,4,12509,2,0
2014-08-19 05,5,12840,2,0
2014-08-19 06,6,13797,2,0
2014-08-19 07,7,16047,2,0
2014-08-19 08,8,18126,2,0
2014-08-19 09,9,18686,2,0
2014-08-19 10,10,18635,2,0
2014-08-19 11,11,18138,2,0
2014-08-19 12,12,17799,2,0
2014-08-19 13,13,18147,2,0
2014-08-19 14,14,18045,2,0
2014-08-19 15,15,18040,2,0
2014-08-19 16,16,18219,2,0
2014-08-19 17,17,18083,2,0
2014-08-19 18,18,17467,2,0
2014-08-19 19,19,17633,2,0
2014-08-19 20,20,17330,2,0
2014-08-19 21,21,16580,2,0
2014-08-19 22,22,15817,2,0
2014-08-19 23,23,14970,2,0
2014-08-20 00,0,14010,3,0
2014-08-20 01,1,13202,3,0
2014-08-20 02,2,12619,3,0
2014-08-20 03,3,12290,3,0
2014-08-20 04,4,12365,3,0
2014-08-20 05,5,12871,3,0
2014-08-20 06,6,13689,3,0
2014-08-20 07,7,16147,3,0
2014-08-20 08,8,18090,3,0
2014-08-20 09,9,18622,3,0
2014-08-20 10,10,18658,3,0
2014-08-20 11,11,18248,3,0
2014-08-20 12,12,18068,3,0
2014-08-20 13,13,17937,3,0
2014-08-20 14,14,17925,3,0
2014-08-20 15,15,18353,3,0
2014-08-20 16,16,18441,3,0
2014-08-20 17,17,18161,3,0
2014-08-20 18,18,17490,3,0
2014-08-20 19,19,17561,3,0
2014-08-20 20,20,17170,3,0
2014-08-20 21,21,16395,3,0
2014-08-20 22,22,15606,3,0
2014-08-20 23,23,14676,3,0
2014-08-21 00,0,13779,4,0
2014-08-21 01,1,12886,4,0
2014-08-21 02,2,12391,4,0
2014-08-21 03,3,12267,4,0
2014-08-21 04,4,12308,4,0
2014-08-21 05,5,12801,4,0
2014-08-21 06,6,13513,4,0
2014-08-21 07,7,15802,4,0
2014-08-21 08,8,17963,4,0
2014-08-21 09,9,19267,4,0
2014-08-21 10,10,19457,4,0
2014-08-21 11,11,19351,4,0
2014-08-21 12,12,18906,4,0
2014-08-21 13,13,19341,4,0
2014-08-21 14,14,19336,4,0
2014-08-21 15,15,19130,4,0
2014-08-21 16,16,18949,4,0
2014-08-21 17,17,18127,4,0
2014-08-21 18,18,17838,4,0
2014-08-21 19,19,17821,4,0
2014-08-21 20,20,17283,4,0
2014-08-21 21,21,16770,4,0
2014-08-21 22,22,15900,4,0
2014-08-21 23,23,15010,4,0
2014-08-22 00,0,13566,5,0
2014-08-22 01,1,13259,5,0
2014-08-22 02,2,12752,5,0
2014-08-22 03,3,12504,5,0
2014-08-22 04,4,12516,5,0
2014-08-22 05,5,12832,5,0
2014-08-22 06,6,14089,5,0
2014-08-22 07,7,16181,5,0
2014-08-22 08,8,18928,5,0
2014-08-22 09,9,20374,5,0
2014-08-22 10,10,20478,5,0
2014-08-22 11,11,20197,5,0
2014-08-22 12,12,19522,5,0
2014-08-22 13,13,19742,5,0
2014-08-22 14,14,19742,5,0
2014-08-22 15,15,19615,5,0
2014-08-22 16,16,19215,5,0
2014-08-22 17,17,18643,5,0
2014-08-22 18,18,18232,5,0
2014-08-22 19,19,18083,5,0
2014-08-22 20,20,17768,5,0
2014-08-22 21,21,17238,5,0
2014-08-22 22,22,16247,5,0
2014-08-22 23,23,14799,5,0
2014-08-23 00,0,13534,6,1
2014-08-23 01,1,13026,6,1
2014-08-23 02,2,12817,6,1
2014-08-23 03,3,12598,6,1
2014-08-23 04,4,12632,6,1
2014-08-23 05,5,13205,6,1
2014-08-23 06,6,13853,6,1
2014-08-23 07,7,15507,6,1
2014-08-23 08,8,17459,6,1
2014-08-23 09,9,18768,6,1
2014-08-23 10,10,18991,6,1
2014-08-23 11,11,18856,6,1
2014-08-23 12,12,18720,6,1
2014-08-23 13,13,19211,6,1
2014-08-23 14,14,19229,6,1
2014-08-23 15,15,19173,6,1
2014-08-23 16,16,19035,6,1
2014-08-23 17,17,18363,6,1
2014-08-23 18,18,17815,6,1
2014-08-23 19,19,17886,6,1
2014-08-23 20,20,17497,6,1
2014-08-23 21,21,16850,6,1
2014-08-23 22,22,15818,6,1
2014-08-23 23,23,14814,6,1
2014-08-24 00,0,13687,7,1
2014-08-24 01,1,13139,7,1
2014-08-24 02,2,12580,7,1
2014-08-24 03,3,12240,7,1
2014-08-24 04,4,12220,7,1
2014-08-24 05,5,12640,7,1
2014-08-24 06,6,13380,7,1
2014-08-24 07,7,15343,7,1
2014-08-24 08,8,17127,7,1
2014-08-24 09,9,18283,7,1
2014-08-24 10,10,18500,7,1
2014-08-24 11,11,18347,7,1
2014-08-24 12,12,18174,7,1
2014-08-24 13,13,18201,7,1
2014-08-24 14,14,18160,7,1
2014-08-24 15,15,17992,7,1
2014-08-24 16,16,18024,7,1
2014-08-24 17,17,17486,7,1
2014-08-24 18,18,17440,7,1
2014-08-24 19,19,17668,7,1
2014-08-24 20,20,17465,7,1
2014-08-24 21,21,16944,7,1
2014-08-24 22,22,16283,7,1
2014-08-24 23,23,15372,7,1
2014-08-25 00,0,14288,1,0
2014-08-25 01,1,13157,1,0
2014-08-25 02,2,13156,1,0
2014-08-25 03,3,12632,1,0
2014-08-25 04,4,12792,1,0
2014-08-25 05,5,13187,1,0
2014-08-25 06,6,13804,1,0
2014-08-25 07,7,15826,1,0
2014-08-25 08,8,18526,1,0
2014-08-25 09,9,20126,1,0
2014-08-25 10,10,20713,1,0
2014-08-25 11,11,20216,1,0
2014-08-25 12,12,20116,1,0
2014-08-25 13,13,20524,1,0
2014-08-25 14,14,20320,1,0
2014-08-25 15,15,20219,1,0
2014-08-25 16,16,19787,1,0
2014-08-25 17,17,18270,1,0
2014-08-25 18,18,17262,1,0
2014-08-25 19,19,17454,1,0
2014-08-25 20,20,17148,1,0
2014-08-25 21,21,16609,1,0
2014-08-25 22,22,15785,1,0
2014-08-25 23,23,14660,1,0
2014-08-26 00,0,14652,2,0
2014-08-26 01,1,14105,2,0
2014-08-26 02,2,13749,2,0
2014-08-26 03,3,13537,2,0
2014-08-26 04,4,13592,2,0
2014-08-26 05,5,14031,2,0
2014-08-26 06,6,14850,2,0
2014-08-26 07,7,17485,2,0
2014-08-26 08,8,19861,2,0
2014-08-26 09,9,21089,2,0
2014-08-26 10,10,21383,2,0
2014-08-26 11,11,21187,2,0
2014-08-26 12,12,20980,2,0
2014-08-26 13,13,20992,2,0
2014-08-26 14,14,20685,2,0
2014-08-26 15,15,20643,2,0
2014-08-26 16,16,20773,2,0
2014-08-26 17,17,20348,2,0
2014-08-26 18,18,19971,2,0
2014-08-26 19,19,19956,2,0
2014-08-26 20,20,19810,2,0
2014-08-26 21,21,18819,2,0
2014-08-26 22,22,17942,2,0
2014-08-26 23,23,16929,2,0
2014-08-27 00,0,15487,3,0
2014-08-27 01,1,14147,3,0
2014-08-27 02,2,13376,3,0
2014-08-27 03,3,13126,3,0
2014-08-27 04,4,13169,3,0
2014-08-27 05,5,13467,3,0
2014-08-27 06,6,14262,3,0
2014-08-27 07,7,16548,3,0
2014-08-27 08,8,18550,3,0
2014-08-27 09,9,19655,3,0
2014-08-27 10,10,20025,3,0
2014-08-27 11,11,19898,3,0
2014-08-27 12,12,19575,3,0
2014-08-27 13,13,19795,3,0
2014-08-27 14,14,19815,3,0
2014-08-27 15,15,20234,3,0
2014-08-27 16,16,20304,3,0
2014-08-27 17,17,19690,3,0
2014-08-27 18,18,18955,3,0
2014-08-27 19,19,18957,3,0
2014-08-27 20,20,18618,3,0
2014-08-27 21,21,18148,3,0
2014-08-27 22,22,17270,3,0
2014-08-27 23,23,16404,3,0
2014-08-28 00,0,15030,4,0
2014-08-28 01,1,13736,4,0
2014-08-28 02,2,13094,4,0
2014-08-28 03,3,12735,4,0
2014-08-28 04,4,12783,4,0
2014-08-28 05,5,13257,4,0
2014-08-28 06,6,14038,4,0
2014-08-28 07,7,16518,4,0
2014-08-28 08,8,18761,4,0
2014-08-28 09,9,19756,4,0
2014-08-28 10,10,20080,4,0
2014-08-28 11,11,19916,4,0
2014-08-28 12,12,20314,4,0
2014-08-28 13,13,20649,4,0
2014-08-28 14,14,20354,4,0
2014-08-28 15,15,20140,4,0
2014-08-28 16,16,19789,4,0
2014-08-28 17,17,18580,4,0
2014-08-28 18,18,18764,4,0
2014-08-28 19,19,18819,4,0
2014-08-28 20,20,18427,4,0
2014-08-28 21,21,17739,4,0
2014-08-28 22,22,16775,4,0
2014-08-28 23,23,15872,4,0
2014-08-29 00,0,14570,5,0
2014-08-29 01,1,13492,5,0
2014-08-29 02,2,12967,5,0
2014-08-29 03,3,12727,5,0
2014-08-29 04,4,13150,5,0
2014-08-29 05,5,13769,5,0
2014-08-29 06,6,14352,5,0
2014-08-29 07,7,16511,5,0
2014-08-29 08,8,18775,5,0
2014-08-29 09,9,19569,5,0
2014-08-29 10,10,19615,5,0
2014-08-29 11,11,19256,5,0
2014-08-29 12,12,18580,5,0
2014-08-29 13,13,18713,5,0
2014-08-29 14,14,18720,5,0
2014-08-29 15,15,18714,5,0
2014-08-29 16,16,18728,5,0
2014-08-29 17,17,18269,5,0
2014-08-29 18,18,17806,5,0
2014-08-29 19,19,17782,5,0
2014-08-29 20,20,17525,5,0
2014-08-29 21,21,16946,5,0
2014-08-29 22,22,16235,5,0
2014-08-29 23,23,15413,5,0
2014-08-30 00,0,14237,6,1
2014-08-30 01,1,13527,6,1
2014-08-30 02,2,13009,6,1
2014-08-30 03,3,12742,6,1
2014-08-30 04,4,12696,6,1
2014-08-30 05,5,13252,6,1
2014-08-30 06,6,13300,6,1
2014-08-30 07,7,14891,6,1
2014-08-30 08,8,16501,6,1
2014-08-30 09,9,18113,6,1
2014-08-30 10,10,18601,6,1
2014-08-30 11,11,18604,6,1
2014-08-30 12,12,18358,6,1
2014-08-30 13,13,18558,6,1
2014-08-30 14,14,18513,6,1
2014-08-30 15,15,18452,6,1
2014-08-30 16,16,18274,6,1
2014-08-30 17,17,17732,6,1
2014-08-30 18,18,18071,6,1
2014-08-30 19,19,18161,6,1
2014-08-30 20,20,18150,6,1
2014-08-30 21,21,17663,6,1
2014-08-30 22,22,16960,6,1
2014-08-30 23,23,15268,6,1
2014-08-31 00,0,14772,7,1
2014-08-31 01,1,13631,7,1
2014-08-31 02,2,13070,7,1
2014-08-31 03,3,12692,7,1
2014-08-31 04,4,12476,7,1
2014-08-31 05,5,12650,7,1
2014-08-31 06,6,12720,7,1
2014-08-31 07,7,14931,7,1
2014-08-31 08,8,16759,7,1
2014-08-31 09,9,18398,7,1
2014-08-31 10,10,18920,7,1
2014-08-31 11,11,18899,7,1
2014-08-31 12,12,18658,7,1
2014-08-31 13,13,18861,7,1
2014-08-31 14,14,18815,7,1
2014-08-31 15,15,18748,7,1
2014-08-31 16,16,18561,7,1
2014-08-31 17,17,18101,7,1
2014-08-31 18,18,18497,7,1
2014-08-31 19,19,18609,7,1
2014-08-31 20,20,18538,7,1
2014-08-31 21,21,17933,7,1
2014-08-31 22,22,17255,7,1
2014-08-31 23,23,15347,7,1
2014-09-01 00,0,14873,1,0
2014-09-01 01,1,12999,1,0
2014-09-01 02,2,12469,1,0
2014-09-01 03,3,12233,1,0
2014-09-01 04,4,12394,1,0
2014-09-01 05,5,12949,1,0
2014-09-01 06,6,13966,1,0
2014-09-01 07,7,16116,1,0
2014-09-01 08,8,18723,1,0
2014-09-01 09,9,19942,1,0
2014-09-01 10,10,20199,1,0
2014-09-01 11,11,20134,1,0
2014-09-01 12,12,20326,1,0
2014-09-01 13,13,20410,1,0
2014-09-01 14,14,20430,1,0
2014-09-01 15,15,20450,1,0
2014-09-01 16,16,20242,1,0
2014-09-01 17,17,19671,1,0
2014-09-01 18,18,18989,1,0
2014-09-01 19,19,19023,1,0
2014-09-01 20,20,18671,1,0
2014-09-01 21,21,18091,1,0
2014-09-01 22,22,17130,1,0
2014-09-01 23,23,15945,1,0
2014-09-02 00,0,14843,2,0
2014-09-02 01,1,13928,2,0
2014-09-02 02,2,13277,2,0
2014-09-02 03,3,12879,2,0
2014-09-02 04,4,13286,2,0
2014-09-02 05,5,13760,2,0
2014-09-02 06,6,14518,2,0
2014-09-02 07,7,16875,2,0
2014-09-02 08,8,19252,2,0
2014-09-02 09,9,20576,2,0
2014-09-02 10,10,20872,2,0
2014-09-02 11,11,20743,2,0
2014-09-02 12,12,20365,2,0
2014-09-02 13,13,20493,2,0
2014-09-02 14,14,20139,2,0
2014-09-02 15,15,20051,2,0
2014-09-02 16,16,20026,2,0
2014-09-02 17,17,19196,2,0
2014-09-02 18,18,18467,2,0
2014-09-02 19,19,18504,2,0
2014-09-02 20,20,18108,2,0
2014-09-02 21,21,17446,2,0
2014-09-02 22,22,16480,2,0
2014-09-02 23,23,15630,2,0
2014-09-03 00,0,14091,3,0
2014-09-03 01,1,13768,3,0
2014-09-03 02,2,13396,3,0
2014-09-03 03,3,13217,3,0
2014-09-03 04,4,13411,3,0
2014-09-03 05,5,13808,3,0
2014-09-03 06,6,14440,3,0
2014-09-03 07,7,16298,3,0
2014-09-03 08,8,18855,3,0
2014-09-03 09,9,19919,3,0
2014-09-03 10,10,20284,3,0
2014-09-03 11,11,20141,3,0
2014-09-03 12,12,19734,3,0
2014-09-03 13,13,19829,3,0
2014-09-03 14,14,19660,3,0
2014-09-03 15,15,19667,3,0
2014-09-03 16,16,19604,3,0
2014-09-03 17,17,19065,3,0
2014-09-03 18,18,18537,3,0
2014-09-03 19,19,18558,3,0
2014-09-03 20,20,18055,3,0
2014-09-03 21,21,17181,3,0
2014-09-03 22,22,16216,3,0
2014-09-03 23,23,15165,3,0
2014-09-04 00,0,14083,4,0
2014-09-04 01,1,13389,4,0
2014-09-04 02,2,12841,4,0
2014-09-04 03,3,12701,4,0
2014-09-04 04,4,12723,4,0
2014-09-04 05,5,13192,4,0
2014-09-04 06,6,14015,4,0
2014-09-04 07,7,16113,4,0
2014-09-04 08,8,18555,4,0
2014-09-04 09,9,19429,4,0
2014-09-04 10,10,19592,4,0
2014-09-04 11,11,19583,4,0
2014-09-04 12,12,19353,4,0
2014-09-04 13,13,19490,4,0
2014-09-04 14,14,19534,4,0
2014-09-04 15,15,19460,4,0
2014-09-04 16,16,19430,4,0
2014-09-04 17,17,18789,4,0
2014-09-04 18,18,18245,4,0
2014-09-04 19,19,18241,4,0
2014-09-04 20,20,17862,4,0
2014-09-04 21,21,17196,4,0
2014-09-04 22,22,16149,4,0
2014-09-04 23,23,15106,4,0
2014-09-05 00,0,14251,5,0
2014-09-05 01,1,13387,5,0
2014-09-05 02,2,13070,5,0
2014-09-05 03,3,12735,5,0
2014-09-05 04,4,12857,5,0
2014-09-05 05,5,13245,5,0
2014-09-05 06,6,14049,5,0
2014-09-05 07,7,16653,5,0
2014-09-05 08,8,19073,5,0
2014-09-05 09,9,20032,5,0
2014-09-05 10,10,20234,5,0
2014-09-05 11,11,20158,5,0
2014-09-05 12,12,19645,5,0
2014-09-05 13,13,19588,5,0
2014-09-05 14,14,19598,5,0
2014-09-05 15,15,19429,5,0
2014-09-05 16,16,19350,5,0
2014-09-05 17,17,18927,5,0
2014-09-05 18,18,18426,5,0
2014-09-05 19,19,18336,5,0
2014-09-05 20,20,17769,5,0
2014-09-05 21,21,17187,5,0
2014-09-05 22,22,16330,5,0
2014-09-05 23,23,15419,5,0
2014-09-06 00,0,14438,6,1
2014-09-06 01,1,12661,6,1
2014-09-06 02,2,12196,6,1
2014-09-06 03,3,11934,6,1
2014-09-06 04,4,12424,6,1
2014-09-06 05,5,13354,6,1
2014-09-06 06,6,13552,6,1
2014-09-06 07,7,13871,6,1
2014-09-06 08,8,14527,6,1
2014-09-06 09,9,15596,6,1
2014-09-06 10,10,15774,6,1
2014-09-06 11,11,15617,6,1
2014-09-06 12,12,15445,6,1
2014-09-06 13,13,15691,6,1
2014-09-06 14,14,15689,6,1
2014-09-06 15,15,15597,6,1
2014-09-06 16,16,16062,6,1
2014-09-06 17,17,16125,6,1
2014-09-06 18,18,16325,6,1
2014-09-06 19,19,16339,6,1
2014-09-06 20,20,16258,6,1
2014-09-06 21,21,15784,6,1
2014-09-06 22,22,15563,6,1
2014-09-06 23,23,14833,6,1
2014-09-07 00,0,13242,7,1
2014-09-07 01,1,11919,7,1
2014-09-07 02,2,11703,7,1
2014-09-07 03,3,11383,7,1
2014-09-07 04,4,11777,7,1
2014-09-07 05,5,12429,7,1
2014-09-07 06,6,12549,7,1
2014-09-07 07,7,12440,7,1
2014-09-07 08,8,13594,7,1
2014-09-07 09,9,14484,7,1
2014-09-07 10,10,14678,7,1
2014-09-07 11,11,14728,7,1
2014-09-07 12,12,14813,7,1
2014-09-07 13,13,14918,7,1
2014-09-07 14,14,14772,7,1
2014-09-07 15,15,14830,7,1
2014-09-07 16,16,14793,7,1
2014-09-07 17,17,14620,7,1
2014-09-07 18,18,14942,7,1
2014-09-07 19,19,14879,7,1
2014-09-07 20,20,14875,7,1
2014-09-07 21,21,14883,7,1
2014-09-07 22,22,14437,7,1
2014-09-07 23,23,13872,7,1
2014-09-08 00,0,12582,1,-1
2014-09-08 01,1,12027,1,-1
2014-09-08 02,2,11527,1,-1
2014-09-08 03,3,11190,1,-1
2014-09-08 04,4,11566,1,-1
2014-09-08 05,5,11806,1,-1
2014-09-08 06,6,11756,1,-1
2014-09-08 07,7,12182,1,-1
2014-09-08 08,8,12918,1,-1
2014-09-08 09,9,13773,1,-1
2014-09-08 10,10,13976,1,-1
2014-09-08 11,11,14145,1,-1
2014-09-08 12,12,14329,1,-1
2014-09-08 13,13,14388,1,-1
2014-09-08 14,14,14219,1,-1
2014-09-08 15,15,14118,1,-1
2014-09-08 16,16,14217,1,-1
2014-09-08 17,17,14180,1,-1
2014-09-08 18,18,14241,1,-1
2014-09-08 19,19,14168,1,-1
2014-09-08 20,20,14168,1,-1
2014-09-08 21,21,14158,1,-1
2014-09-08 22,22,14019,1,-1
2014-09-08 23,23,13193,1,-1
2014-09-09 00,0,12384,2,0
2014-09-09 01,1,11708,2,0
2014-09-09 02,2,11184,2,0
2014-09-09 03,3,10855,2,0
2014-09-09 04,4,11217,2,0
2014-09-09 05,5,11870,2,0
2014-09-09 06,6,13025,2,0
2014-09-09 07,7,17282,2,0
2014-09-09 08,8,18592,2,0
2014-09-09 09,9,19563,2,0
2014-09-09 10,10,19767,2,0
2014-09-09 11,11,19814,2,0
2014-09-09 12,12,19899,2,0
2014-09-09 13,13,19894,2,0
2014-09-09 14,14,19177,2,0
2014-09-09 15,15,19203,2,0
2014-09-09 16,16,19158,2,0
2014-09-09 17,17,18759,2,0
2014-09-09 18,18,18672,2,0
2014-09-09 19,19,18571,2,0
2014-09-09 20,20,18000,2,0
2014-09-09 21,21,16640,2,0
2014-09-09 22,22,16021,2,0
2014-09-09 23,23,15298,2,0
2014-09-10 00,0,14244,3,0
2014-09-10 01,1,13653,3,0
2014-09-10 02,2,13240,3,0
2014-09-10 03,3,12770,3,0
2014-09-10 04,4,12966,3,0
2014-09-10 05,5,13702,3,0
2014-09-10 06,6,14225,3,0
2014-09-10 07,7,16679,3,0
2014-09-10 08,8,18904,3,0
2014-09-10 09,9,19799,3,0
2014-09-10 10,10,19865,3,0
2014-09-10 11,11,19554,3,0
2014-09-10 12,12,18915,3,0
2014-09-10 13,13,19022,3,0
2014-09-10 14,14,19040,3,0
2014-09-10 15,15,19153,3,0
2014-09-10 16,16,19122,3,0
2014-09-10 17,17,18681,3,0
2014-09-10 18,18,18261,3,0
2014-09-10 19,19,18205,3,0
2014-09-10 20,20,17586,3,0
2014-09-10 21,21,17109,3,0
2014-09-10 22,22,16087,3,0
2014-09-10 23,23,14948,3,0
2014-09-11 00,0,13998,4,0
2014-09-11 01,1,13686,4,0
2014-09-11 02,2,13214,4,0
2014-09-11 03,3,12653,4,0
2014-09-11 04,4,12608,4,0
2014-09-11 05,5,13314,4,0
2014-09-11 06,6,13857,4,0
2014-09-11 07,7,16142,4,0
2014-09-11 08,8,18330,4,0
2014-09-11 09,9,19274,4,0
2014-09-11 10,10,19576,4,0
2014-09-11 11,11,19448,4,0
2014-09-11 12,12,19061,4,0
2014-09-11 13,13,19103,4,0
2014-09-11 14,14,19110,4,0
2014-09-11 15,15,19053,4,0
2014-09-11 16,16,19052,4,0
2014-09-11 17,17,18301,4,0
2014-09-11 18,18,17835,4,0
2014-09-11 19,19,17844,4,0
2014-09-11 20,20,17365,4,0
2014-09-11 21,21,16809,4,0
2014-09-11 22,22,15899,4,0
2014-09-11 23,23,14783,4,0
2014-09-12 00,0,13854,5,0
2014-09-12 01,1,12976,5,0
2014-09-12 02,2,12504,5,0
2014-09-12 03,3,12248,5,0
2014-09-12 04,4,12663,5,0
2014-09-12 05,5,13268,5,0
2014-09-12 06,6,13877,5,0
2014-09-12 07,7,16074,5,0
2014-09-12 08,8,18248,5,0
2014-09-12 09,9,19125,5,0
2014-09-12 10,10,19266,5,0
2014-09-12 11,11,18990,5,0
2014-09-12 12,12,18434,5,0
2014-09-12 13,13,18577,5,0
2014-09-12 14,14,18656,5,0
2014-09-12 15,15,18520,5,0
2014-09-12 16,16,18321,5,0
2014-09-12 17,17,17882,5,0
2014-09-12 18,18,17697,5,0
2014-09-12 19,19,17650,5,0
2014-09-12 20,20,17017,5,0
2014-09-12 21,21,16464,5,0
2014-09-12 22,22,15793,5,0
2014-09-12 23,23,15116,5,0
2014-09-13 00,0,13535,6,1
2014-09-13 01,1,13329,6,1
2014-09-13 02,2,12761,6,1
2014-09-13 03,3,12297,6,1
2014-09-13 04,4,12609,6,1
2014-09-13 05,5,12859,6,1
2014-09-13 06,6,13105,6,1
2014-09-13 07,7,14637,6,1
2014-09-13 08,8,16153,6,1
2014-09-13 09,9,17131,6,1
2014-09-13 10,10,17501,6,1
2014-09-13 11,11,17450,6,1
2014-09-13 12,12,17138,6,1
2014-09-13 13,13,17284,6,1
2014-09-13 14,14,17302,6,1
2014-09-13 15,15,17303,6,1
2014-09-13 16,16,17218,6,1
2014-09-13 17,17,16857,6,1
2014-09-13 18,18,16973,6,1
2014-09-13 19,19,16980,6,1
2014-09-13 20,20,16660,6,1
2014-09-13 21,21,15848,6,1
2014-09-13 22,22,15088,6,1
2014-09-13 23,23,14071,6,1
2014-09-14 00,0,13262,7,1
2014-09-14 01,1,12849,7,1
2014-09-14 02,2,12339,7,1
2014-09-14 03,3,12204,7,1
2014-09-14 04,4,12078,7,1
2014-09-14 05,5,12433,7,1
2014-09-14 06,6,12478,7,1
2014-09-14 07,7,13810,7,1
2014-09-14 08,8,15111,7,1
2014-09-14 09,9,15998,7,1
2014-09-14 10,10,16479,7,1
2014-09-14 11,11,16480,7,1
2014-09-14 12,12,16254,7,1
2014-09-14 13,13,16330,7,1
2014-09-14 14,14,16187,7,1
2014-09-14 15,15,16198,7,1
2014-09-14 16,16,16238,7,1
2014-09-14 17,17,16074,7,1
2014-09-14 18,18,16069,7,1
2014-09-14 19,19,16101,7,1
2014-09-14 20,20,15906,7,1
2014-09-14 21,21,15628,7,1
2014-09-14 22,22,14923,7,1
2014-09-14 23,23,13537,7,1
2014-09-15 00,0,13050,1,0
2014-09-15 01,1,12235,1,0
2014-09-15 02,2,11860,1,0
2014-09-15 03,3,11661,1,0
2014-09-15 04,4,11814,1,0
2014-09-15 05,5,12521,1,0
2014-09-15 06,6,13274,1,0
2014-09-15 07,7,15412,1,0
2014-09-15 08,8,17617,1,0
2014-09-15 09,9,18616,1,0
2014-09-15 10,10,19089,1,0
2014-09-15 11,11,18751,1,0
2014-09-15 12,12,18575,1,0
2014-09-15 13,13,18822,1,0
2014-09-15 14,14,18796,1,0
2014-09-15 15,15,18694,1,0
2014-09-15 16,16,18669,1,0
2014-09-15 17,17,17988,1,0
2014-09-15 18,18,17565,1,0
2014-09-15 19,19,17567,1,0
2014-09-15 20,20,17080,1,0
2014-09-15 21,21,16257,1,0
2014-09-15 22,22,15387,1,0
2014-09-15 23,23,14278,1,0
2014-09-16 00,0,13807,2,0
2014-09-16 01,1,13258,2,0
2014-09-16 02,2,12598,2,0
2014-09-16 03,3,12161,2,0
2014-09-16 04,4,12369,2,0
2014-09-16 05,5,12932,2,0
2014-09-16 06,6,13506,2,0
2014-09-16 07,7,15715,2,0
2014-09-16 08,8,17869,2,0
2014-09-16 09,9,18598,2,0
2014-09-16 10,10,18935,2,0
2014-09-16 11,11,18448,2,0
2014-09-16 12,12,18439,2,0
2014-09-16 13,13,18633,2,0
2014-09-16 14,14,18599,2,0
2014-09-16 15,15,18633,2,0
2014-09-16 16,16,18513,2,0
2014-09-16 17,17,18074,2,0
2014-09-16 18,18,17752,2,0
2014-09-16 19,19,17680,2,0
2014-09-16 20,20,17474,2,0
2014-09-16 21,21,16881,2,0
2014-09-16 22,22,15756,2,0
2014-09-16 23,23,14419,2,0
2014-09-17 00,0,13595,3,0
2014-09-17 01,1,12916,3,0
2014-09-17 02,2,12376,3,0
2014-09-17 03,3,12249,3,0
2014-09-17 04,4,12422,3,0
2014-09-17 05,5,12921,3,0
2014-09-17 06,6,13594,3,0
2014-09-17 07,7,15772,3,0
2014-09-17 08,8,17840,3,0
2014-09-17 09,9,18678,3,0
2014-09-17 10,10,18894,3,0
2014-09-17 11,11,18747,3,0
2014-09-17 12,12,18135,3,0
2014-09-17 13,13,18310,3,0
2014-09-17 14,14,18242,3,0
2014-09-17 15,15,18193,3,0
2014-09-17 16,16,18065,3,0
2014-09-17 17,17,17445,3,0
2014-09-17 18,18,17189,3,0
2014-09-17 19,19,17198,3,0
2014-09-17 20,20,16730,3,0
2014-09-17 21,21,16264,3,0
2014-09-17 22,22,15334,3,0
2014-09-17 23,23,14417,3,0
2014-09-18 00,0,13279,4,0
2014-09-18 01,1,12641,4,0
2014-09-18 02,2,12321,4,0
2014-09-18 03,3,12180,4,0
2014-09-18 04,4,12263,4,0
2014-09-18 05,5,12780,4,0
2014-09-18 06,6,13480,4,0
2014-09-18 07,7,15329,4,0
2014-09-18 08,8,17235,4,0
2014-09-18 09,9,18088,4,0
2014-09-18 10,10,18239,4,0
2014-09-18 11,11,17897,4,0
2014-09-18 12,12,17792,4,0
2014-09-18 13,13,18096,4,0
2014-09-18 14,14,17598,4,0
2014-09-18 15,15,17643,4,0
2014-09-18 16,16,17412,4,0
2014-09-18 17,17,17044,4,0
2014-09-18 18,18,17118,4,0
2014-09-18 19,19,16982,4,0
2014-09-18 20,20,16459,4,0
2014-09-18 21,21,15809,4,0
2014-09-18 22,22,14804,4,0
2014-09-18 23,23,13669,4,0
2014-09-19 00,0,12921,5,0
2014-09-19 01,1,12317,5,0
2014-09-19 02,2,12002,5,0
2014-09-19 03,3,11779,5,0
2014-09-19 04,4,11950,5,0
2014-09-19 05,5,12470,5,0
2014-09-19 06,6,13012,5,0
2014-09-19 07,7,14849,5,0
2014-09-19 08,8,16912,5,0
2014-09-19 09,9,17729,5,0
2014-09-19 10,10,17835,5,0
2014-09-19 11,11,17512,5,0
2014-09-19 12,12,17419,5,0
2014-09-19 13,13,17524,5,0
2014-09-19 14,14,17053,5,0
2014-09-19 15,15,17014,5,0
2014-09-19 16,16,16894,5,0
2014-09-19 17,17,16849,5,0
2014-09-19 18,18,16823,5,0
2014-09-19 19,19,16691,5,0
2014-09-19 20,20,16044,5,0
2014-09-19 21,21,15707,5,0
2014-09-19 22,22,14769,5,0
2014-09-19 23,23,13605,5,0
2014-09-20 00,0,12864,6,1
2014-09-20 01,1,12214,6,1
2014-09-20 02,2,11837,6,1
2014-09-20 03,3,11541,6,1
2014-09-20 04,4,11597,6,1
2014-09-20 05,5,12072,6,1
2014-09-20 06,6,12406,6,1
2014-09-20 07,7,14160,6,1
2014-09-20 08,8,15730,6,1
2014-09-20 09,9,16566,6,1
2014-09-20 10,10,16725,6,1
2014-09-20 11,11,16471,6,1
2014-09-20 12,12,16166,6,1
2014-09-20 13,13,16236,6,1
2014-09-20 14,14,16255,6,1
2014-09-20 15,15,16246,6,1
2014-09-20 16,16,16361,6,1
2014-09-20 17,17,16133,6,1
2014-09-20 18,18,16187,6,1
2014-09-20 19,19,16173,6,1
2014-09-20 20,20,15651,6,1
2014-09-20 21,21,15242,6,1
2014-09-20 22,22,14531,6,1
2014-09-20 23,23,13379,6,1
2014-09-21 00,0,12532,7,1
2014-09-21 01,1,12081,7,1
2014-09-21 02,2,11751,7,1
2014-09-21 03,3,11447,7,1
2014-09-21 04,4,11483,7,1
2014-09-21 05,5,11904,7,1
2014-09-21 06,6,11804,7,1
2014-09-21 07,7,13917,7,1
2014-09-21 08,8,15326,7,1
2014-09-21 09,9,15950,7,1
2014-09-21 10,10,16292,7,1
2014-09-21 11,11,16195,7,1
2014-09-21 12,12,15843,7,1
2014-09-21 13,13,16015,7,1
2014-09-21 14,14,15542,7,1
2014-09-21 15,15,15410,7,1
2014-09-21 16,16,15548,7,1
2014-09-21 17,17,15546,7,1
2014-09-21 18,18,16050,7,1
2014-09-21 19,19,15979,7,1
2014-09-21 20,20,15925,7,1
2014-09-21 21,21,15454,7,1
2014-09-21 22,22,14688,7,1
2014-09-21 23,23,13268,7,1
2014-09-22 00,0,12455,1,0
2014-09-22 01,1,11881,1,0
2014-09-22 02,2,11312,1,0
2014-09-22 03,3,11424,1,0
2014-09-22 04,4,11270,1,0
2014-09-22 05,5,11766,1,0
2014-09-22 06,6,12590,1,0
2014-09-22 07,7,15147,1,0
2014-09-22 08,8,17478,1,0
2014-09-22 09,9,18417,1,0
2014-09-22 10,10,18565,1,0
2014-09-22 11,11,17923,1,0
2014-09-22 12,12,17815,1,0
2014-09-22 13,13,18154,1,0
2014-09-22 14,14,18109,1,0
2014-09-22 15,15,17654,1,0
2014-09-22 16,16,17599,1,0
2014-09-22 17,17,16974,1,0
2014-09-22 18,18,17311,1,0
2014-09-22 19,19,17209,1,0
2014-09-22 20,20,16598,1,0
2014-09-22 21,21,16069,1,0
2014-09-22 22,22,15082,1,0
2014-09-22 23,23,13633,1,0
2014-09-23 00,0,13061,2,0
2014-09-23 01,1,11909,2,0
2014-09-23 02,2,11755,2,0
2014-09-23 03,3,11470,2,0
2014-09-23 04,4,11909,2,0
2014-09-23 05,5,12560,2,0
2014-09-23 06,6,13394,2,0
2014-09-23 07,7,14606,2,0
2014-09-23 08,8,16570,2,0
2014-09-23 09,9,17619,2,0
2014-09-23 10,10,17770,2,0
2014-09-23 11,11,17405,2,0
2014-09-23 12,12,17307,2,0
2014-09-23 13,13,17557,2,0
2014-09-23 14,14,17573,2,0
2014-09-23 15,15,17493,2,0
2014-09-23 16,16,17369,2,0
2014-09-23 17,17,17145,2,0
2014-09-23 18,18,17248,2,0
2014-09-23 19,19,17149,2,0
2014-09-23 20,20,16580,2,0
2014-09-23 21,21,15772,2,0
2014-09-23 22,22,14882,2,0
2014-09-23 23,23,13982,2,0
2014-09-24 00,0,12898,3,0
2014-09-24 01,1,12517,3,0
2014-09-24 02,2,12052,3,0
2014-09-24 03,3,11982,3,0
2014-09-24 04,4,12049,3,0
2014-09-24 05,5,12600,3,0
2014-09-24 06,6,13158,3,0
2014-09-24 07,7,15194,3,0
2014-09-24 08,8,17174,3,0
2014-09-24 09,9,18162,3,0
2014-09-24 10,10,18321,3,0
2014-09-24 11,11,17988,3,0
2014-09-24 12,12,17771,3,0
2014-09-24 13,13,17923,3,0
2014-09-24 14,14,17834,3,0
2014-09-24 15,15,17871,3,0
2014-09-24 16,16,17772,3,0
2014-09-24 17,17,17714,3,0
2014-09-24 18,18,17682,3,0
2014-09-24 19,19,17156,3,0
2014-09-24 20,20,16494,3,0
2014-09-24 21,21,15900,3,0
2014-09-24 22,22,14937,3,0
2014-09-24 23,23,13973,3,0
2014-09-25 00,0,12889,4,0
2014-09-25 01,1,12464,4,0
2014-09-25 02,2,12078,4,0
2014-09-25 03,3,11860,4,0
2014-09-25 04,4,11969,4,0
2014-09-25 05,5,12545,4,0
2014-09-25 06,6,13222,4,0
2014-09-25 07,7,15160,4,0
2014-09-25 08,8,17374,4,0
2014-09-25 09,9,18093,4,0
2014-09-25 10,10,18302,4,0
2014-09-25 11,11,17983,4,0
2014-09-25 12,12,17713,4,0
2014-09-25 13,13,17943,4,0
2014-09-25 14,14,17901,4,0
2014-09-25 15,15,17883,4,0
2014-09-25 16,16,17961,4,0
2014-09-25 17,17,17367,4,0
2014-09-25 18,18,17265,4,0
2014-09-25 19,19,17000,4,0
2014-09-25 20,20,16418,4,0
2014-09-25 21,21,15875,4,0
2014-09-25 22,22,15040,4,0
2014-09-25 23,23,14063,4,0
2014-09-26 00,0,12947,5,0
2014-09-26 01,1,12394,5,0
2014-09-26 02,2,12026,5,0
2014-09-26 03,3,11864,5,0
2014-09-26 04,4,12040,5,0
2014-09-26 05,5,12589,5,0
2014-09-26 06,6,13332,5,0
2014-09-26 07,7,15444,5,0
2014-09-26 08,8,17461,5,0
2014-09-26 09,9,18340,5,0
2014-09-26 10,10,18456,5,0
2014-09-26 11,11,18170,5,0
2014-09-26 12,12,17608,5,0
2014-09-26 13,13,17925,5,0
2014-09-26 14,14,17967,5,0
2014-09-26 15,15,18041,5,0
2014-09-26 16,16,17997,5,0
2014-09-26 17,17,17470,5,0
2014-09-26 18,18,17385,5,0
2014-09-26 19,19,17138,5,0
2014-09-26 20,20,16589,5,0
2014-09-26 21,21,15957,5,0
2014-09-26 22,22,15183,5,0
2014-09-26 23,23,14260,5,0
2014-09-27 00,0,13136,6,1
2014-09-27 01,1,12187,6,1
2014-09-27 02,2,11948,6,1
2014-09-27 03,3,11581,6,1
2014-09-27 04,4,11984,6,1
2014-09-27 05,5,12500,6,1
2014-09-27 06,6,12569,6,1
2014-09-27 07,7,14115,6,1
2014-09-27 08,8,15819,6,1
2014-09-27 09,9,16626,6,1
2014-09-27 10,10,17129,6,1
2014-09-27 11,11,16895,6,1
2014-09-27 12,12,16702,6,1
2014-09-27 13,13,16897,6,1
2014-09-27 14,14,16906,6,1
2014-09-27 15,15,16872,6,1
2014-09-27 16,16,16809,6,1
2014-09-27 17,17,16641,6,1
2014-09-27 18,18,16574,6,1
2014-09-27 19,19,16389,6,1
2014-09-27 20,20,15896,6,1
2014-09-27 21,21,15361,6,1
2014-09-27 22,22,14759,6,1
2014-09-27 23,23,13778,6,1
2014-09-28 00,0,12369,7,0
2014-09-28 01,1,11961,7,0
2014-09-28 02,2,11735,7,0
2014-09-28 03,3,11376,7,0
2014-09-28 04,4,11967,7,0
2014-09-28 05,5,12491,7,0
2014-09-28 06,6,13163,7,0
2014-09-28 07,7,14996,7,0
2014-09-28 08,8,16992,7,0
2014-09-28 09,9,17756,7,0
2014-09-28 10,10,17996,7,0
2014-09-28 11,11,17636,7,0
2014-09-28 12,12,17389,7,0
2014-09-28 13,13,17606,7,0
2014-09-28 14,14,17618,7,0
2014-09-28 15,15,17573,7,0
2014-09-28 16,16,17609,7,0
2014-09-28 17,17,17437,7,0
2014-09-28 18,18,17165,7,0
2014-09-28 19,19,16908,7,0
2014-09-28 20,20,16365,7,0
2014-09-28 21,21,15784,7,0
2014-09-28 22,22,14963,7,0
2014-09-28 23,23,13903,7,0
2014-09-29 00,0,12956,1,0
2014-09-29 01,1,12410,1,0
2014-09-29 02,2,12023,1,0
2014-09-29 03,3,11840,1,0
2014-09-29 04,4,12060,1,0
2014-09-29 05,5,12675,1,0
2014-09-29 06,6,13349,1,0
2014-09-29 07,7,15187,1,0
2014-09-29 08,8,17039,1,0
2014-09-29 09,9,17951,1,0
2014-09-29 10,10,18049,1,0
2014-09-29 11,11,17756,1,0
2014-09-29 12,12,17353,1,0
2014-09-29 13,13,17613,1,0
2014-09-29 14,14,17628,1,0
2014-09-29 15,15,17493,1,0
2014-09-29 16,16,17538,1,0
2014-09-29 17,17,17327,1,0
2014-09-29 18,18,17406,1,0
2014-09-29 19,19,17083,1,0
2014-09-29 20,20,16221,1,0
2014-09-29 21,21,15554,1,0
2014-09-29 22,22,15110,1,0
2014-09-29 23,23,14023,1,0
2014-09-30 00,0,13026,2,0
2014-09-30 01,1,12372,2,0
2014-09-30 02,2,12022,2,0
2014-09-30 03,3,11734,2,0
2014-09-30 04,4,11851,2,0
2014-09-30 05,5,12314,2,0
2014-09-30 06,6,12829,2,0
2014-09-30 07,7,14430,2,0
2014-09-30 08,8,16166,2,0
2014-09-30 09,9,16825,2,0
2014-09-30 10,10,16985,2,0
2014-09-30 11,11,16552,2,0
2014-09-30 12,12,16128,2,0
2014-09-30 13,13,16266,2,0
2014-09-30 14,14,15979,2,0
2014-09-30 15,15,15722,2,0
2014-09-30 16,16,15652,2,0
2014-09-30 17,17,15230,2,0
2014-09-30 18,18,15176,2,0
2014-09-30 19,19,14822,2,0
2014-09-30 20,20,14450,2,0
2014-09-30 21,21,14114,2,0
2014-09-30 22,22,13257,2,0
2014-09-30 23,23,11953,2,0
2014-10-01 00,0,11594,3,-1
2014-10-01 01,1,10236,3,-1
2014-10-01 02,2,9437,3,-1
2014-10-01 03,3,9231,3,-1
2014-10-01 04,4,9617,3,-1
2014-10-01 05,5,10157,3,-1
2014-10-01 06,6,10001,3,-1
2014-10-01 07,7,10341,3,-1
2014-10-01 08,8,10925,3,-1
2014-10-01 09,9,11404,3,-1
2014-10-01 10,10,11733,3,-1
2014-10-01 11,11,11628,3,-1
2014-10-01 12,12,11407,3,-1
2014-10-01 13,13,11310,3,-1
2014-10-01 14,14,11179,3,-1
2014-10-01 15,15,11280,3,-1
2014-10-01 16,16,11701,3,-1
2014-10-01 17,17,12169,3,-1
2014-10-01 18,18,12460,3,-1
2014-10-01 19,19,12172,3,-1
2014-10-01 20,20,12118,3,-1
2014-10-01 21,21,11776,3,-1
2014-10-01 22,22,11223,3,-1
2014-10-01 23,23,10599,3,-1
2014-10-02 00,0,9662,4,-1
2014-10-02 01,1,9299,4,-1
2014-10-02 02,2,8921,4,-1
2014-10-02 03,3,8920,4,-1
2014-10-02 04,4,9109,4,-1
2014-10-02 05,5,9681,4,-1
2014-10-02 06,6,9898,4,-1
2014-10-02 07,7,10258,4,-1
2014-10-02 08,8,11006,4,-1
2014-10-02 09,9,11684,4,-1
2014-10-02 10,10,12052,4,-1
2014-10-02 11,11,11947,4,-1
2014-10-02 12,12,11723,4,-1
2014-10-02 13,13,11718,4,-1
2014-10-02 14,14,11622,4,-1
2014-10-02 15,15,11680,4,-1
2014-10-02 16,16,12021,4,-1
2014-10-02 17,17,12090,4,-1
2014-10-02 18,18,12241,4,-1
2014-10-02 19,19,12235,4,-1
2014-10-02 20,20,11991,4,-1
2014-10-02 21,21,11634,4,-1
2014-10-02 22,22,11163,4,-1
2014-10-02 23,23,10579,4,-1
2014-10-03 00,0,9590,5,-1
2014-10-03 01,1,9183,5,-1
2014-10-03 02,2,8937,5,-1
2014-10-03 03,3,8758,5,-1
2014-10-03 04,4,9303,5,-1
2014-10-03 05,5,9864,5,-1
2014-10-03 06,6,10080,5,-1
2014-10-03 07,7,10507,5,-1
2014-10-03 08,8,11328,5,-1
2014-10-03 09,9,11823,5,-1
2014-10-03 10,10,12086,5,-1
2014-10-03 11,11,11946,5,-1
2014-10-03 12,12,11655,5,-1
2014-10-03 13,13,11612,5,-1
2014-10-03 14,14,11585,5,-1
2014-10-03 15,15,11828,5,-1
2014-10-03 16,16,12175,5,-1
2014-10-03 17,17,12514,5,-1
2014-10-03 18,18,12635,5,-1
2014-10-03 19,19,12510,5,-1
2014-10-03 20,20,12329,5,-1
2014-10-03 21,21,12019,5,-1
2014-10-03 22,22,11494,5,-1
2014-10-03 23,23,10720,5,-1
2014-10-04 00,0,9930,6,1
2014-10-04 01,1,9615,6,1
2014-10-04 02,2,9378,6,1
2014-10-04 03,3,9273,6,1
2014-10-04 04,4,9507,6,1
2014-10-04 05,5,9904,6,1
2014-10-04 06,6,10164,6,1
2014-10-04 07,7,11204,6,1
2014-10-04 08,8,12279,6,1
2014-10-04 09,9,13088,6,1
2014-10-04 10,10,13362,6,1
2014-10-04 11,11,13158,6,1
2014-10-04 12,12,12917,6,1
2014-10-04 13,13,12973,6,1
2014-10-04 14,14,12919,6,1
2014-10-04 15,15,13110,6,1
2014-10-04 16,16,13261,6,1
2014-10-04 17,17,13542,6,1
2014-10-04 18,18,13662,6,1
2014-10-04 19,19,13518,6,1
2014-10-04 20,20,13252,6,1
2014-10-04 21,21,12813,6,1
2014-10-04 22,22,12302,6,1
2014-10-04 23,23,11616,6,1
2014-10-05 00,0,10645,7,1
2014-10-05 01,1,10178,7,1
2014-10-05 02,2,9985,7,1
2014-10-05 03,3,9897,7,1
2014-10-05 04,4,9907,7,1
2014-10-05 05,5,10321,7,1
2014-10-05 06,6,10523,7,1
2014-10-05 07,7,11670,7,1
2014-10-05 08,8,13017,7,1
2014-10-05 09,9,13542,7,1
2014-10-05 10,10,13859,7,1
2014-10-05 11,11,13779,7,1
2014-10-05 12,12,13551,7,1
2014-10-05 13,13,13612,7,1
2014-10-05 14,14,13502,7,1
2014-10-05 15,15,13632,7,1
2014-10-05 16,16,13857,7,1
2014-10-05 17,17,13963,7,1
2014-10-05 18,18,14113,7,1
2014-10-05 19,19,13865,7,1
2014-10-05 20,20,13617,7,1
2014-10-05 21,21,13277,7,1
2014-10-05 22,22,12661,7,1
2014-10-05 23,23,11793,7,1
2014-10-06 00,0,11082,1,1
2014-10-06 01,1,10646,1,1
2014-10-06 02,2,10430,1,1
2014-10-06 03,3,10250,1,1
2014-10-06 04,4,10346,1,1
2014-10-06 05,5,10775,1,1
2014-10-06 06,6,11186,1,1
2014-10-06 07,7,12360,1,1
2014-10-06 08,8,13739,1,1
2014-10-06 09,9,14349,1,1
2014-10-06 10,10,14659,1,1
2014-10-06 11,11,14375,1,1
2014-10-06 12,12,13965,1,1
2014-10-06 13,13,14265,1,1
2014-10-06 14,14,14154,1,1
2014-10-06 15,15,14228,1,1
2014-10-06 16,16,14490,1,1
2014-10-06 17,17,14597,1,1
2014-10-06 18,18,14662,1,1
2014-10-06 19,19,14536,1,1
2014-10-06 20,20,14109,1,1
2014-10-06 21,21,13809,1,1
2014-10-06 22,22,13166,1,1
2014-10-06 23,23,12285,1,1
2014-10-07 00,0,11468,2,1
2014-10-07 01,1,10990,2,1
2014-10-07 02,2,10687,2,1
2014-10-07 03,3,10510,2,1
2014-10-07 04,4,10692,2,1
2014-10-07 05,5,11015,2,1
2014-10-07 06,6,11373,2,1
2014-10-07 07,7,12689,2,1
2014-10-07 08,8,14189,2,1
2014-10-07 09,9,15133,2,1
2014-10-07 10,10,15326,2,1
2014-10-07 11,11,14945,2,1
2014-10-07 12,12,14756,2,1
2014-10-07 13,13,14852,2,1
2014-10-07 14,14,14801,2,1
2014-10-07 15,15,15019,2,1
2014-10-07 16,16,15254,2,1
2014-10-07 17,17,15261,2,1
2014-10-07 18,18,15294,2,1
2014-10-07 19,19,15060,2,1
2014-10-07 20,20,14622,2,1
2014-10-07 21,21,14166,2,1
2014-10-07 22,22,13190,2,1
2014-10-07 23,23,12440,2,1
2014-10-08 00,0,11653,3,0
2014-10-08 01,1,11166,3,0
2014-10-08 02,2,10913,3,0
2014-10-08 03,3,10792,3,0
2014-10-08 04,4,10885,3,0
2014-10-08 05,5,11569,3,0
2014-10-08 06,6,12486,3,0
2014-10-08 07,7,13888,3,0
2014-10-08 08,8,15861,3,0
2014-10-08 09,9,16629,3,0
2014-10-08 10,10,16726,3,0
2014-10-08 11,11,16428,3,0
2014-10-08 12,12,15978,3,0
2014-10-08 13,13,15995,3,0
2014-10-08 14,14,15945,3,0
2014-10-08 15,15,15973,3,0
2014-10-08 16,16,16200,3,0
2014-10-08 17,17,16054,3,0
2014-10-08 18,18,16022,3,0
2014-10-08 19,19,15697,3,0
2014-10-08 20,20,15089,3,0
2014-10-08 21,21,14804,3,0
2014-10-08 22,22,13985,3,0
2014-10-08 23,23,13023,3,0
2014-10-09 00,0,12048,4,0
2014-10-09 01,1,11625,4,0
2014-10-09 02,2,11226,4,0
2014-10-09 03,3,11085,4,0
2014-10-09 04,4,11377,4,0
2014-10-09 05,5,11743,4,0
2014-10-09 06,6,12260,4,0
2014-10-09 07,7,14103,4,0
2014-10-09 08,8,16222,4,0
2014-10-09 09,9,16826,4,0
2014-10-09 10,10,17048,4,0
2014-10-09 11,11,16661,4,0
2014-10-09 12,12,16290,4,0
2014-10-09 13,13,16400,4,0
2014-10-09 14,14,16397,4,0
2014-10-09 15,15,16445,4,0
2014-10-09 16,16,16454,4,0
2014-10-09 17,17,15928,4,0
2014-10-09 18,18,16239,4,0
2014-10-09 19,19,16067,4,0
2014-10-09 20,20,15700,4,0
2014-10-09 21,21,15059,4,0
2014-10-09 22,22,14354,4,0
2014-10-09 23,23,13208,4,0
2014-10-10 00,0,12385,5,0
2014-10-10 01,1,11715,5,0
2014-10-10 02,2,11394,5,0
2014-10-10 03,3,11258,5,0
2014-10-10 04,4,11446,5,0
2014-10-10 05,5,12005,5,0
2014-10-10 06,6,12620,5,0
2014-10-10 07,7,14363,5,0
2014-10-10 08,8,16326,5,0
2014-10-10 09,9,17121,5,0
2014-10-10 10,10,17256,5,0
2014-10-10 11,11,16761,5,0
2014-10-10 12,12,16504,5,0
2014-10-10 13,13,16555,5,0
2014-10-10 14,14,16571,5,0
2014-10-10 15,15,16694,5,0
2014-10-10 16,16,16725,5,0
2014-10-10 17,17,16426,5,0
2014-10-10 18,18,16452,5,0
2014-10-10 19,19,16202,5,0
2014-10-10 20,20,15535,5,0
2014-10-10 21,21,15271,5,0
2014-10-10 22,22,14362,5,0
2014-10-10 23,23,13517,5,0
2014-10-11 00,0,12696,6,0
2014-10-11 01,1,11635,6,0
2014-10-11 02,2,11283,6,0
2014-10-11 03,3,11227,6,0
2014-10-11 04,4,11487,6,0
2014-10-11 05,5,11876,6,0
2014-10-11 06,6,12614,6,0
2014-10-11 07,7,14437,6,0
2014-10-11 08,8,16403,6,0
2014-10-11 09,9,17067,6,0
2014-10-11 10,10,17250,6,0
2014-10-11 11,11,16815,6,0
2014-10-11 12,12,16440,6,0
2014-10-11 13,13,16598,6,0
2014-10-11 14,14,16590,6,0
2014-10-11 15,15,16616,6,0
2014-10-11 16,16,16663,6,0
2014-10-11 17,17,16386,6,0
2014-10-11 18,18,16450,6,0
2014-10-11 19,19,15908,6,0
2014-10-11 20,20,15442,6,0
2014-10-11 21,21,14960,6,0
2014-10-11 22,22,14089,6,0
2014-10-11 23,23,13266,6,0
2014-10-12 00,0,12314,7,1
2014-10-12 01,1,11601,7,1
2014-10-12 02,2,11247,7,1
2014-10-12 03,3,11004,7,1
2014-10-12 04,4,11110,7,1
2014-10-12 05,5,11561,7,1
2014-10-12 06,6,11679,7,1
2014-10-12 07,7,13471,7,1
2014-10-12 08,8,15328,7,1
2014-10-12 09,9,16181,7,1
2014-10-12 10,10,16266,7,1
2014-10-12 11,11,15886,7,1
2014-10-12 12,12,15217,7,1
2014-10-12 13,13,15224,7,1
2014-10-12 14,14,15219,7,1
2014-10-12 15,15,15256,7,1
2014-10-12 16,16,15204,7,1
2014-10-12 17,17,15764,7,1
2014-10-12 18,18,15771,7,1
2014-10-12 19,19,15506,7,1
2014-10-12 20,20,14958,7,1
2014-10-12 21,21,14309,7,1
2014-10-12 22,22,13504,7,1
2014-10-12 23,23,12306,7,1
2014-10-13 00,0,11899,1,0
2014-10-13 01,1,11171,1,0
2014-10-13 02,2,10864,1,0
2014-10-13 03,3,10692,1,0
2014-10-13 04,4,10673,1,0
2014-10-13 05,5,11309,1,0
2014-10-13 06,6,12002,1,0
2014-10-13 07,7,14184,1,0
2014-10-13 08,8,15950,1,0
2014-10-13 09,9,16801,1,0
2014-10-13 10,10,16834,1,0
2014-10-13 11,11,16492,1,0
2014-10-13 12,12,16153,1,0
2014-10-13 13,13,16368,1,0
2014-10-13 14,14,16375,1,0
2014-10-13 15,15,16414,1,0
2014-10-13 16,16,16363,1,0
2014-10-13 17,17,16181,1,0
2014-10-13 18,18,16210,1,0
2014-10-13 19,19,15884,1,0
2014-10-13 20,20,15431,1,0
2014-10-13 21,21,14918,1,0
2014-10-13 22,22,14066,1,0
2014-10-13 23,23,12837,1,0
2014-10-14 00,0,12285,2,0
2014-10-14 01,1,11390,2,0
2014-10-14 02,2,10922,2,0
2014-10-14 03,3,10678,2,0
2014-10-14 04,4,11255,2,0
2014-10-14 05,5,11820,2,0
2014-10-14 06,6,12442,2,0
2014-10-14 07,7,13943,2,0
2014-10-14 08,8,15813,2,0
2014-10-14 09,9,16305,2,0
2014-10-14 10,10,16465,2,0
2014-10-14 11,11,16069,2,0
2014-10-14 12,12,15625,2,0
2014-10-14 13,13,15797,2,0
2014-10-14 14,14,15789,2,0
2014-10-14 15,15,16033,2,0
2014-10-14 16,16,16142,2,0
2014-10-14 17,17,16082,2,0
2014-10-14 18,18,16092,2,0
2014-10-14 19,19,15647,2,0
2014-10-14 20,20,15144,2,0
2014-10-14 21,21,14608,2,0
2014-10-14 22,22,13834,2,0
2014-10-14 23,23,13068,2,0
2014-10-15 00,0,11952,3,0
2014-10-15 01,1,11591,3,0
2014-10-15 02,2,11316,3,0
2014-10-15 03,3,11145,3,0
2014-10-15 04,4,11203,3,0
2014-10-15 05,5,11897,3,0
2014-10-15 06,6,12443,3,0
2014-10-15 07,7,14013,3,0
2014-10-15 08,8,15735,3,0
2014-10-15 09,9,16599,3,0
2014-10-15 10,10,16624,3,0
2014-10-15 11,11,16278,3,0
2014-10-15 12,12,16053,3,0
2014-10-15 13,13,16253,3,0
2014-10-15 14,14,16260,3,0
2014-10-15 15,15,16299,3,0
2014-10-15 16,16,16255,3,0
2014-10-15 17,17,16312,3,0
2014-10-15 18,18,16129,3,0
2014-10-15 19,19,15752,3,0
2014-10-15 20,20,15351,3,0
2014-10-15 21,21,14819,3,0
2014-10-15 22,22,14156,3,0
2014-10-15 23,23,12924,3,0
2014-10-16 00,0,12082,4,0
2014-10-16 01,1,11600,4,0
2014-10-16 02,2,11263,4,0
2014-10-16 03,3,11086,4,0
2014-10-16 04,4,11324,4,0
2014-10-16 05,5,11943,4,0
2014-10-16 06,6,12577,4,0
2014-10-16 07,7,14153,4,0
2014-10-16 08,8,15927,4,0
2014-10-16 09,9,16668,4,0
2014-10-16 10,10,16718,4,0
2014-10-16 11,11,16379,4,0
2014-10-16 12,12,16053,4,0
2014-10-16 13,13,16174,4,0
2014-10-16 14,14,16181,4,0
2014-10-16 15,15,16380,4,0
2014-10-16 16,16,16404,4,0
2014-10-16 17,17,16345,4,0
2014-10-16 18,18,16266,4,0
2014-10-16 19,19,15859,4,0
2014-10-16 20,20,15369,4,0
2014-10-16 21,21,14855,4,0
2014-10-16 22,22,14027,4,0
2014-10-16 23,23,13078,4,0
2014-10-17 00,0,12029,5,0
2014-10-17 01,1,11600,5,0
2014-10-17 02,2,11307,5,0
2014-10-17 03,3,11111,5,0
2014-10-17 04,4,11384,5,0
2014-10-17 05,5,12047,5,0
2014-10-17 06,6,12530,5,0
2014-10-17 07,7,14108,5,0
2014-10-17 08,8,15819,5,0
2014-10-17 09,9,16511,5,0
2014-10-17 10,10,16640,5,0
2014-10-17 11,11,16132,5,0
2014-10-17 12,12,15910,5,0
2014-10-17 13,13,16135,5,0
2014-10-17 14,14,16076,5,0
2014-10-17 15,15,16260,5,0
2014-10-17 16,16,16290,5,0
2014-10-17 17,17,16366,5,0
2014-10-17 18,18,16186,5,0
2014-10-17 19,19,15767,5,0
2014-10-17 20,20,15414,5,0
2014-10-17 21,21,14912,5,0
2014-10-17 22,22,14101,5,0
2014-10-17 23,23,13245,5,0
2014-10-18 00,0,12109,6,1
2014-10-18 01,1,11556,6,1
2014-10-18 02,2,11184,6,1
2014-10-18 03,3,10943,6,1
2014-10-18 04,4,11295,6,1
2014-10-18 05,5,11702,6,1
2014-10-18 06,6,11843,6,1
2014-10-18 07,7,13063,6,1
2014-10-18 08,8,14106,6,1
2014-10-18 09,9,14969,6,1
2014-10-18 10,10,15113,6,1
2014-10-18 11,11,14967,6,1
2014-10-18 12,12,14760,6,1
2014-10-18 13,13,14761,6,1
2014-10-18 14,14,14663,6,1
2014-10-18 15,15,14905,6,1
2014-10-18 16,16,14977,6,1
2014-10-18 17,17,15069,6,1
2014-10-18 18,18,15077,6,1
2014-10-18 19,19,14881,6,1
2014-10-18 20,20,14545,6,1
2014-10-18 21,21,14064,6,1
2014-10-18 22,22,13314,6,1
2014-10-18 23,23,12808,6,1
2014-10-19 00,0,11657,7,1
2014-10-19 01,1,11261,7,1
2014-10-19 02,2,10913,7,1
2014-10-19 03,3,10720,7,1
2014-10-19 04,4,10949,7,1
2014-10-19 05,5,11376,7,1
2014-10-19 06,6,11317,7,1
2014-10-19 07,7,12463,7,1
2014-10-19 08,8,13434,7,1
2014-10-19 09,9,14123,7,1
2014-10-19 10,10,14364,7,1
2014-10-19 11,11,14197,7,1
2014-10-19 12,12,13811,7,1
2014-10-19 13,13,13865,7,1
2014-10-19 14,14,13794,7,1
2014-10-19 15,15,14065,7,1
2014-10-19 16,16,14406,7,1
2014-10-19 17,17,14851,7,1
2014-10-19 18,18,14864,7,1
2014-10-19 19,19,14626,7,1
2014-10-19 20,20,14334,7,1
2014-10-19 21,21,13945,7,1
2014-10-19 22,22,13180,7,1
2014-10-19 23,23,12239,7,1
2014-10-20 00,0,11345,1,0
2014-10-20 01,1,10965,1,0
2014-10-20 02,2,10656,1,0
2014-10-20 03,3,10480,1,0
2014-10-20 04,4,10760,1,0
2014-10-20 05,5,11470,1,0
2014-10-20 06,6,12313,1,0
2014-10-20 07,7,14021,1,0
2014-10-20 08,8,15748,1,0
2014-10-20 09,9,16543,1,0
2014-10-20 10,10,16660,1,0
2014-10-20 11,11,16278,1,0
2014-10-20 12,12,15866,1,0
2014-10-20 13,13,15989,1,0
2014-10-20 14,14,16002,1,0
2014-10-20 15,15,16103,1,0
2014-10-20 16,16,16139,1,0
2014-10-20 17,17,16142,1,0
2014-10-20 18,18,16126,1,0
2014-10-20 19,19,15764,1,0
2014-10-20 20,20,15356,1,0
2014-10-20 21,21,14874,1,0
2014-10-20 22,22,14074,1,0
2014-10-20 23,23,13334,1,0
2014-10-21 00,0,12110,2,0
2014-10-21 01,1,11623,2,0
2014-10-21 02,2,11336,2,0
2014-10-21 03,3,11099,2,0
2014-10-21 04,4,11599,2,0
2014-10-21 05,5,12104,2,0
2014-10-21 06,6,12821,2,0
2014-10-21 07,7,14403,2,0
2014-10-21 08,8,15967,2,0
2014-10-21 09,9,16629,2,0
2014-10-21 10,10,16666,2,0
2014-10-21 11,11,16294,2,0
2014-10-21 12,12,16091,2,0
2014-10-21 13,13,16180,2,0
2014-10-21 14,14,16141,2,0
2014-10-21 15,15,16260,2,0
2014-10-21 16,16,16286,2,0
2014-10-21 17,17,16255,2,0
2014-10-21 18,18,16234,2,0
2014-10-21 19,19,15892,2,0
2014-10-21 20,20,15375,2,0
2014-10-21 21,21,14931,2,0
2014-10-21 22,22,14064,2,0
2014-10-21 23,23,13023,2,0
2014-10-22 00,0,12020,3,0
2014-10-22 01,1,11678,3,0
2014-10-22 02,2,11332,3,0
2014-10-22 03,3,11123,3,0
2014-10-22 04,4,11331,3,0
2014-10-22 05,5,12045,3,0
2014-10-22 06,6,12519,3,0
2014-10-22 07,7,14177,3,0
2014-10-22 08,8,15931,3,0
2014-10-22 09,9,16556,3,0
2014-10-22 10,10,16747,3,0
2014-10-22 11,11,16302,3,0
2014-10-22 12,12,15975,3,0
2014-10-22 13,13,16254,3,0
2014-10-22 14,14,16231,3,0
2014-10-22 15,15,16310,3,0
2014-10-22 16,16,16302,3,0
2014-10-22 17,17,16358,3,0
2014-10-22 18,18,16313,3,0
2014-10-22 19,19,15929,3,0
2014-10-22 20,20,15465,3,0
2014-10-22 21,21,15067,3,0
2014-10-22 22,22,14222,3,0
2014-10-22 23,23,13130,3,0
2014-10-23 00,0,12021,4,0
2014-10-23 01,1,11528,4,0
2014-10-23 02,2,11195,4,0
2014-10-23 03,3,10994,4,0
2014-10-23 04,4,11473,4,0
2014-10-23 05,5,12100,4,0
2014-10-23 06,6,12552,4,0
2014-10-23 07,7,14189,4,0
2014-10-23 08,8,16076,4,0
2014-10-23 09,9,16685,4,0
2014-10-23 10,10,16840,4,0
2014-10-23 11,11,16491,4,0
2014-10-23 12,12,16201,4,0
2014-10-23 13,13,16350,4,0
2014-10-23 14,14,16329,4,0
2014-10-23 15,15,16422,4,0
2014-10-23 16,16,16491,4,0
2014-10-23 17,17,16460,4,0
2014-10-23 18,18,16442,4,0
2014-10-23 19,19,16076,4,0
2014-10-23 20,20,15557,4,0
2014-10-23 21,21,15144,4,0
2014-10-23 22,22,14310,4,0
2014-10-23 23,23,13270,4,0
2014-10-24 00,0,12069,5,0
2014-10-24 01,1,11618,5,0
2014-10-24 02,2,11251,5,0
2014-10-24 03,3,11112,5,0
2014-10-24 04,4,11348,5,0
2014-10-24 05,5,12107,5,0
2014-10-24 06,6,12595,5,0
2014-10-24 07,7,14347,5,0
2014-10-24 08,8,16022,5,0
2014-10-24 09,9,16686,5,0
2014-10-24 10,10,16743,5,0
2014-10-24 11,11,16418,5,0
2014-10-24 12,12,16168,5,0
2014-10-24 13,13,16299,5,0
2014-10-24 14,14,16298,5,0
2014-10-24 15,15,16453,5,0
2014-10-24 16,16,16420,5,0
2014-10-24 17,17,16444,5,0
2014-10-24 18,18,16456,5,0
2014-10-24 19,19,15957,5,0
2014-10-24 20,20,15368,5,0
2014-10-24 21,21,14977,5,0
2014-10-24 22,22,14279,5,0
2014-10-24 23,23,13182,5,0
2014-10-25 00,0,12107,6,1
2014-10-25 01,1,11685,6,1
2014-10-25 02,2,11373,6,1
2014-10-25 03,3,11095,6,1
2014-10-25 04,4,11285,6,1
2014-10-25 05,5,11639,6,1
2014-10-25 06,6,11841,6,1
2014-10-25 07,7,13147,6,1
2014-10-25 08,8,14642,6,1
2014-10-25 09,9,15268,6,1
2014-10-25 10,10,15513,6,1
2014-10-25 11,11,15202,6,1
2014-10-25 12,12,14889,6,1
2014-10-25 13,13,15021,6,1
2014-10-25 14,14,15011,6,1
2014-10-25 15,15,15126,6,1
2014-10-25 16,16,15167,6,1
2014-10-25 17,17,15440,6,1
2014-10-25 18,18,15444,6,1
2014-10-25 19,19,15107,6,1
2014-10-25 20,20,14830,6,1
2014-10-25 21,21,14470,6,1
2014-10-25 22,22,13853,6,1
2014-10-25 23,23,12935,6,1
2014-10-26 00,0,11996,7,1
2014-10-26 01,1,11436,7,1
2014-10-26 02,2,10999,7,1
2014-10-26 03,3,10840,7,1
2014-10-26 04,4,10964,7,1
2014-10-26 05,5,11343,7,1
2014-10-26 06,6,11531,7,1
2014-10-26 07,7,12359,7,1
2014-10-26 08,8,13462,7,1
2014-10-26 09,9,14241,7,1
2014-10-26 10,10,14393,7,1
2014-10-26 11,11,14237,7,1
2014-10-26 12,12,13877,7,1
2014-10-26 13,13,13944,7,1
2014-10-26 14,14,13935,7,1
2014-10-26 15,15,14227,7,1
2014-10-26 16,16,14493,7,1
2014-10-26 17,17,14928,7,1
2014-10-26 18,18,14914,7,1
2014-10-26 19,19,14635,7,1
2014-10-26 20,20,14450,7,1
2014-10-26 21,21,14012,7,1
2014-10-26 22,22,13347,7,1
2014-10-26 23,23,12294,7,1
2014-10-27 00,0,11496,1,0
2014-10-27 01,1,10887,1,0
2014-10-27 02,2,10688,1,0
2014-10-27 03,3,10479,1,0
2014-10-27 04,4,10786,1,0
2014-10-27 05,5,11563,1,0
2014-10-27 06,6,12441,1,0
2014-10-27 07,7,13661,1,0
2014-10-27 08,8,15609,1,0
2014-10-27 09,9,16554,1,0
2014-10-27 10,10,16751,1,0
2014-10-27 11,11,16327,1,0
2014-10-27 12,12,16006,1,0
2014-10-27 13,13,16149,1,0
2014-10-27 14,14,16091,1,0
2014-10-27 15,15,16247,1,0
2014-10-27 16,16,16291,1,0
2014-10-27 17,17,16442,1,0
2014-10-27 18,18,16230,1,0
2014-10-27 19,19,15875,1,0
2014-10-27 20,20,15252,1,0
2014-10-27 21,21,14895,1,0
2014-10-27 22,22,13950,1,0
2014-10-27 23,23,12963,1,0
2014-10-28 00,0,12026,2,0
2014-10-28 01,1,11474,2,0
2014-10-28 02,2,11216,2,0
2014-10-28 03,3,11016,2,0
2014-10-28 04,4,11295,2,0
2014-10-28 05,5,11796,2,0
2014-10-28 06,6,12503,2,0
2014-10-28 07,7,14068,2,0
2014-10-28 08,8,15845,2,0
2014-10-28 09,9,16548,2,0
2014-10-28 10,10,16596,2,0
2014-10-28 11,11,16207,2,0
2014-10-28 12,12,15817,2,0
2014-10-28 13,13,16091,2,0
2014-10-28 14,14,16078,2,0
2014-10-28 15,15,16226,2,0
2014-10-28 16,16,16231,2,0
2014-10-28 17,17,16264,2,0
2014-10-28 18,18,16236,2,0
2014-10-28 19,19,15725,2,0
2014-10-28 20,20,15296,2,0
2014-10-28 21,21,14820,2,0
2014-10-28 22,22,14053,2,0
2014-10-28 23,23,13049,2,0
2014-10-29 00,0,12049,3,0
2014-10-29 01,1,11558,3,0
2014-10-29 02,2,11182,3,0
2014-10-29 03,3,10995,3,0
2014-10-29 04,4,11428,3,0
2014-10-29 05,5,11888,3,0
2014-10-29 06,6,12736,3,0
2014-10-29 07,7,14341,3,0
2014-10-29 08,8,15965,3,0
2014-10-29 09,9,16706,3,0
2014-10-29 10,10,16769,3,0
2014-10-29 11,11,16420,3,0
2014-10-29 12,12,16010,3,0
2014-10-29 13,13,16175,3,0
2014-10-29 14,14,16114,3,0
2014-10-29 15,15,16334,3,0
2014-10-29 16,16,16333,3,0
2014-10-29 17,17,16339,3,0
2014-10-29 18,18,16302,3,0
2014-10-29 19,19,15856,3,0
2014-10-29 20,20,15382,3,0
2014-10-29 21,21,14932,3,0
2014-10-29 22,22,14194,3,0
2014-10-29 23,23,13161,3,0
2014-10-30 00,0,12000,4,0
2014-10-30 01,1,11601,4,0
2014-10-30 02,2,11363,4,0
2014-10-30 03,3,11115,4,0
2014-10-30 04,4,11366,4,0
2014-10-30 05,5,11916,4,0
2014-10-30 06,6,12629,4,0
2014-10-30 07,7,14176,4,0
2014-10-30 08,8,15936,4,0
2014-10-30 09,9,16679,4,0
2014-10-30 10,10,16734,4,0
2014-10-30 11,11,16411,4,0
2014-10-30 12,12,15958,4,0
2014-10-30 13,13,16202,4,0
2014-10-30 14,14,16186,4,0
2014-10-30 15,15,16360,4,0
2014-10-30 16,16,16503,4,0
2014-10-30 17,17,16544,4,0
2014-10-30 18,18,16406,4,0
2014-10-30 19,19,16059,4,0
2014-10-30 20,20,15536,4,0
2014-10-30 21,21,15120,4,0
2014-10-30 22,22,14312,4,0
2014-10-30 23,23,13260,4,0
2014-10-31 00,0,12032,5,0
2014-10-31 01,1,11591,5,0
2014-10-31 02,2,11368,5,0
2014-10-31 03,3,11111,5,0
2014-10-31 04,4,11452,5,0
2014-10-31 05,5,11973,5,0
2014-10-31 06,6,12711,5,0
2014-10-31 07,7,14326,5,0
2014-10-31 08,8,15925,5,0
2014-10-31 09,9,16683,5,0
2014-10-31 10,10,16730,5,0
2014-10-31 11,11,16387,5,0
2014-10-31 12,12,15962,5,0
2014-10-31 13,13,16213,5,0
2014-10-31 14,14,16183,5,0
2014-10-31 15,15,16361,5,0
2014-10-31 16,16,16507,5,0
2014-10-31 17,17,16571,5,0
2014-10-31 18,18,16364,5,0
2014-10-31 19,19,16014,5,0
2014-10-31 20,20,15324,5,0
2014-10-31 21,21,14775,5,0
2014-10-31 22,22,14153,5,0
2014-10-31 23,23,13163,5,0
2014-11-01 00,0,11948,6,1
2014-11-01 01,1,11587,6,1
2014-11-01 02,2,11324,6,1
2014-11-01 03,3,11027,6,1
2014-11-01 04,4,11213,6,1
2014-11-01 05,5,11647,6,1
2014-11-01 06,6,11886,6,1
2014-11-01 07,7,12967,6,1
2014-11-01 08,8,14409,6,1
2014-11-01 09,9,15172,6,1
2014-11-01 10,10,15412,6,1
2014-11-01 11,11,15082,6,1
2014-11-01 12,12,14686,6,1
2014-11-01 13,13,14868,6,1
2014-11-01 14,14,14747,6,1
2014-11-01 15,15,15040,6,1
2014-11-01 16,16,15273,6,1
2014-11-01 17,17,15495,6,1
2014-11-01 18,18,15329,6,1
2014-11-01 19,19,14925,6,1
2014-11-01 20,20,14605,6,1
2014-11-01 21,21,14226,6,1
2014-11-01 22,22,13592,6,1
2014-11-01 23,23,12612,6,1
2014-11-02 00,0,11866,7,1
2014-11-02 01,1,11327,7,1
2014-11-02 02,2,10964,7,1
2014-11-02 03,3,10731,7,1
2014-11-02 04,4,10743,7,1
2014-11-02 05,5,11170,7,1
2014-11-02 06,6,11217,7,1
2014-11-02 07,7,12113,7,1
2014-11-02 08,8,13162,7,1
2014-11-02 09,9,13961,7,1
2014-11-02 10,10,14103,7,1
2014-11-02 11,11,14050,7,1
2014-11-02 12,12,13850,7,1
2014-11-02 13,13,13875,7,1
2014-11-02 14,14,13791,7,1
2014-11-02 15,15,13981,7,1
2014-11-02 16,16,14320,7,1
2014-11-02 17,17,14665,7,1
2014-11-02 18,18,14655,7,1
2014-11-02 19,19,14336,7,1
2014-11-02 20,20,14121,7,1
2014-11-02 21,21,13730,7,1
2014-11-02 22,22,13027,7,1
2014-11-02 23,23,11900,7,1
2014-11-03 00,0,11397,1,0
2014-11-03 01,1,10837,1,0
2014-11-03 02,2,10473,1,0
2014-11-03 03,3,10302,1,0
2014-11-03 04,4,10536,1,0
2014-11-03 05,5,11223,1,0
2014-11-03 06,6,12092,1,0
2014-11-03 07,7,13708,1,0
2014-11-03 08,8,15446,1,0
2014-11-03 09,9,16175,1,0
2014-11-03 10,10,16254,1,0
2014-11-03 11,11,15920,1,0
2014-11-03 12,12,15587,1,0
2014-11-03 13,13,15680,1,0
2014-11-03 14,14,15559,1,0
2014-11-03 15,15,15816,1,0
2014-11-03 16,16,15958,1,0
2014-11-03 17,17,16349,1,0
2014-11-03 18,18,16250,1,0
2014-11-03 19,19,15823,1,0
2014-11-03 20,20,15330,1,0
2014-11-03 21,21,14868,1,0
2014-11-03 22,22,14077,1,0
2014-11-03 23,23,13016,1,0
2014-11-04 00,0,11943,2,0
2014-11-04 01,1,11297,2,0
2014-11-04 02,2,11065,2,0
2014-11-04 03,3,10812,2,0
2014-11-04 04,4,11238,2,0
2014-11-04 05,5,11993,2,0
2014-11-04 06,6,12618,2,0
2014-11-04 07,7,14045,2,0
2014-11-04 08,8,15718,2,0
2014-11-04 09,9,16257,2,0
2014-11-04 10,10,16495,2,0
2014-11-04 11,11,16080,2,0
2014-11-04 12,12,15653,2,0
2014-11-04 13,13,15848,2,0
2014-11-04 14,14,15735,2,0
2014-11-04 15,15,15923,2,0
2014-11-04 16,16,16118,2,0
2014-11-04 17,17,16338,2,0
2014-11-04 18,18,16236,2,0
2014-11-04 19,19,15876,2,0
2014-11-04 20,20,15333,2,0
2014-11-04 21,21,14910,2,0
2014-11-04 22,22,14142,2,0
2014-11-04 23,23,13098,2,0
2014-11-05 00,0,11929,3,0
2014-11-05 01,1,11592,3,0
2014-11-05 02,2,11263,3,0
2014-11-05 03,3,11083,3,0
2014-11-05 04,4,11392,3,0
2014-11-05 05,5,12128,3,0
2014-11-05 06,6,12637,3,0
2014-11-05 07,7,14161,3,0
2014-11-05 08,8,15734,3,0
2014-11-05 09,9,16299,3,0
2014-11-05 10,10,16496,3,0
2014-11-05 11,11,16186,3,0
2014-11-05 12,12,15783,3,0
2014-11-05 13,13,15996,3,0
2014-11-05 14,14,15941,3,0
2014-11-05 15,15,16138,3,0
2014-11-05 16,16,16314,3,0
2014-11-05 17,17,16442,3,0
2014-11-05 18,18,16241,3,0
2014-11-05 19,19,15888,3,0
2014-11-05 20,20,15329,3,0
2014-11-05 21,21,14909,3,0
2014-11-05 22,22,14107,3,0
2014-11-05 23,23,13261,3,0
2014-11-06 00,0,11999,4,0
2014-11-06 01,1,11641,4,0
2014-11-06 02,2,11345,4,0
2014-11-06 03,3,11155,4,0
2014-11-06 04,4,11481,4,0
2014-11-06 05,5,11993,4,0
2014-11-06 06,6,12818,4,0
2014-11-06 07,7,14415,4,0
2014-11-06 08,8,16002,4,0
2014-11-06 09,9,16593,4,0
2014-11-06 10,10,16672,4,0
2014-11-06 11,11,16284,4,0
2014-11-06 12,12,15901,4,0
2014-11-06 13,13,16066,4,0
2014-11-06 14,14,15978,4,0
2014-11-06 15,15,16207,4,0
2014-11-06 16,16,16286,4,0
2014-11-06 17,17,16645,4,0
2014-11-06 18,18,16588,4,0
2014-11-06 19,19,16061,4,0
2014-11-06 20,20,15532,4,0
2014-11-06 21,21,15170,4,0
2014-11-06 22,22,14364,4,0
2014-11-06 23,23,13312,4,0
2014-11-07 00,0,12450,5,0
2014-11-07 01,1,11624,5,0
2014-11-07 02,2,11265,5,0
2014-11-07 03,3,11036,5,0
2014-11-07 04,4,11388,5,0
2014-11-07 05,5,12113,5,0
2014-11-07 06,6,12722,5,0
2014-11-07 07,7,14347,5,0
2014-11-07 08,8,15780,5,0
2014-11-07 09,9,16374,5,0
2014-11-07 10,10,16515,5,0
2014-11-07 11,11,16206,5,0
2014-11-07 12,12,15921,5,0
2014-11-07 13,13,16024,5,0
2014-11-07 14,14,15981,5,0
2014-11-07 15,15,16136,5,0
2014-11-07 16,16,16354,5,0
2014-11-07 17,17,16440,5,0
2014-11-07 18,18,16319,5,0
2014-11-07 19,19,15955,5,0
2014-11-07 20,20,15529,5,0
2014-11-07 21,21,15162,5,0
2014-11-07 22,22,14332,5,0
2014-11-07 23,23,13301,5,0
2014-11-08 00,0,12157,6,1
2014-11-08 01,1,11594,6,1
2014-11-08 02,2,11258,6,1
2014-11-08 03,3,11024,6,1
2014-11-08 04,4,11278,6,1
2014-11-08 05,5,11775,6,1
2014-11-08 06,6,11934,6,1
2014-11-08 07,7,13173,6,1
2014-11-08 08,8,14538,6,1
2014-11-08 09,9,15319,6,1
2014-11-08 10,10,15432,6,1
2014-11-08 11,11,15222,6,1
2014-11-08 12,12,14821,6,1
2014-11-08 13,13,14892,6,1
2014-11-08 14,14,14869,6,1
2014-11-08 15,15,15175,6,1
2014-11-08 16,16,15421,6,1
2014-11-08 17,17,15496,6,1
2014-11-08 18,18,15461,6,1
2014-11-08 19,19,15101,6,1
2014-11-08 20,20,14756,6,1
2014-11-08 21,21,14419,6,1
2014-11-08 22,22,13772,6,1
2014-11-08 23,23,12875,6,1
2014-11-09 00,0,11905,7,1
2014-11-09 01,1,11376,7,1
2014-11-09 02,2,11006,7,1
2014-11-09 03,3,10722,7,1
2014-11-09 04,4,11015,7,1
2014-11-09 05,5,11338,7,1
2014-11-09 06,6,11403,7,1
2014-11-09 07,7,12264,7,1
2014-11-09 08,8,13212,7,1
2014-11-09 09,9,13795,7,1
2014-11-09 10,10,13909,7,1
2014-11-09 11,11,13714,7,1
2014-11-09 12,12,13366,7,1
2014-11-09 13,13,13357,7,1
2014-11-09 14,14,13276,7,1
2014-11-09 15,15,13587,7,1
2014-11-09 16,16,14026,7,1
2014-11-09 17,17,14439,7,1
2014-11-09 18,18,14416,7,1
2014-11-09 19,19,14224,7,1
2014-11-09 20,20,14034,7,1
2014-11-09 21,21,13560,7,1
2014-11-09 22,22,13101,7,1
2014-11-09 23,23,12392,7,1
2014-11-10 00,0,11205,1,0
2014-11-10 01,1,10754,1,0
2014-11-10 02,2,10450,1,0
2014-11-10 03,3,10258,1,0
2014-11-10 04,4,10841,1,0
2014-11-10 05,5,11515,1,0
2014-11-10 06,6,12349,1,0
2014-11-10 07,7,13934,1,0
2014-11-10 08,8,15957,1,0
2014-11-10 09,9,16488,1,0
2014-11-10 10,10,16683,1,0
2014-11-10 11,11,16271,1,0
2014-11-10 12,12,15933,1,0
2014-11-10 13,13,16101,1,0
2014-11-10 14,14,16000,1,0
2014-11-10 15,15,16293,1,0
2014-11-10 16,16,16463,1,0
2014-11-10 17,17,16767,1,0
2014-11-10 18,18,16666,1,0
2014-11-10 19,19,16276,1,0
2014-11-10 20,20,15802,1,0
2014-11-10 21,21,15219,1,0
2014-11-10 22,22,14442,1,0
2014-11-10 23,23,13530,1,0
2014-11-11 00,0,12187,2,0
2014-11-11 01,1,11827,2,0
2014-11-11 02,2,11465,2,0
2014-11-11 03,3,11255,2,0
2014-11-11 04,4,11529,2,0
2014-11-11 05,5,12144,2,0
2014-11-11 06,6,12882,2,0
2014-11-11 07,7,14394,2,0
2014-11-11 08,8,16041,2,0
2014-11-11 09,9,16552,2,0
2014-11-11 10,10,16778,2,0
2014-11-11 11,11,16388,2,0
2014-11-11 12,12,15986,2,0
2014-11-11 13,13,16082,2,0
2014-11-11 14,14,15983,2,0
2014-11-11 15,15,16303,2,0
2014-11-11 16,16,16379,2,0
2014-11-11 17,17,16710,2,0
2014-11-11 18,18,16529,2,0
2014-11-11 19,19,16049,2,0
2014-11-11 20,20,15741,2,0
2014-11-11 21,21,15309,2,0
2014-11-11 22,22,14531,2,0
2014-11-11 23,23,13475,2,0
2014-11-12 00,0,12463,3,0
2014-11-12 01,1,11874,3,0
2014-11-12 02,2,11514,3,0
2014-11-12 03,3,11317,3,0
2014-11-12 04,4,11584,3,0
2014-11-12 05,5,12058,3,0
2014-11-12 06,6,12821,3,0
2014-11-12 07,7,14448,3,0
2014-11-12 08,8,16118,3,0
2014-11-12 09,9,16775,3,0
2014-11-12 10,10,16919,3,0
2014-11-12 11,11,16590,3,0
2014-11-12 12,12,16172,3,0
2014-11-12 13,13,16345,3,0
2014-11-12 14,14,16172,3,0
2014-11-12 15,15,16504,3,0
2014-11-12 16,16,16730,3,0
2014-11-12 17,17,16835,3,0
2014-11-12 18,18,16813,3,0
2014-11-12 19,19,16419,3,0
2014-11-12 20,20,16016,3,0
2014-11-12 21,21,15402,3,0
2014-11-12 22,22,14618,3,0
2014-11-12 23,23,13505,3,0
2014-11-13 00,0,12429,4,0
2014-11-13 01,1,11940,4,0
2014-11-13 02,2,11657,4,0
2014-11-13 03,3,11412,4,0
2014-11-13 04,4,11774,4,0
2014-11-13 05,5,12333,4,0
2014-11-13 06,6,13081,4,0
2014-11-13 07,7,14610,4,0
2014-11-13 08,8,16213,4,0
2014-11-13 09,9,16868,4,0
2014-11-13 10,10,17031,4,0
2014-11-13 11,11,16624,4,0
2014-11-13 12,12,16121,4,0
2014-11-13 13,13,16386,4,0
2014-11-13 14,14,16322,4,0
2014-11-13 15,15,16459,4,0
2014-11-13 16,16,16757,4,0
2014-11-13 17,17,17008,4,0
2014-11-13 18,18,16971,4,0
2014-11-13 19,19,16488,4,0
2014-11-13 20,20,15939,4,0
2014-11-13 21,21,15477,4,0
2014-11-13 22,22,14753,4,0
2014-11-13 23,23,13740,4,0
2014-11-14 00,0,12716,5,0
2014-11-14 01,1,12010,5,0
2014-11-14 02,2,11684,5,0
2014-11-14 03,3,11422,5,0
2014-11-14 04,4,11694,5,0
2014-11-14 05,5,12415,5,0
2014-11-14 06,6,13134,5,0
2014-11-14 07,7,14582,5,0
2014-11-14 08,8,16378,5,0
2014-11-14 09,9,16864,5,0
2014-11-14 10,10,17149,5,0
2014-11-14 11,11,16559,5,0
2014-11-14 12,12,16270,5,0
2014-11-14 13,13,16380,5,0
2014-11-14 14,14,16210,5,0
2014-11-14 15,15,16411,5,0
2014-11-14 16,16,16722,5,0
2014-11-14 17,17,16907,5,0
2014-11-14 18,18,16833,5,0
2014-11-14 19,19,16469,5,0
2014-11-14 20,20,16014,5,0
2014-11-14 21,21,15528,5,0
2014-11-14 22,22,14891,5,0
2014-11-14 23,23,13856,5,0
2014-11-15 00,0,12750,6,1
2014-11-15 01,1,11826,6,1
2014-11-15 02,2,11477,6,1
2014-11-15 03,3,11261,6,1
2014-11-15 04,4,11624,6,1
2014-11-15 05,5,12079,6,1
2014-11-15 06,6,12334,6,1
2014-11-15 07,7,13488,6,1
2014-11-15 08,8,14796,6,1
2014-11-15 09,9,15396,6,1
2014-11-15 10,10,15678,6,1
2014-11-15 11,11,15409,6,1
2014-11-15 12,12,14997,6,1
2014-11-15 13,13,15120,6,1
2014-11-15 14,14,15047,6,1
2014-11-15 15,15,15346,6,1
2014-11-15 16,16,15690,6,1
2014-11-15 17,17,15998,6,1
2014-11-15 18,18,15732,6,1
2014-11-15 19,19,15451,6,1
2014-11-15 20,20,15150,6,1
2014-11-15 21,21,14880,6,1
2014-11-15 22,22,14084,6,1
2014-11-15 23,23,13205,6,1
2014-11-16 00,0,12113,7,1
2014-11-16 01,1,11646,7,1
2014-11-16 02,2,11257,7,1
2014-11-16 03,3,11040,7,1
2014-11-16 04,4,11030,7,1
2014-11-16 05,5,11578,7,1
2014-11-16 06,6,11678,7,1
2014-11-16 07,7,12675,7,1
2014-11-16 08,8,13604,7,1
2014-11-16 09,9,14303,7,1
2014-11-16 10,10,14461,7,1
2014-11-16 11,11,14274,7,1
2014-11-16 12,12,13853,7,1
2014-11-16 13,13,13868,7,1
2014-11-16 14,14,13853,7,1
2014-11-16 15,15,14245,7,1
2014-11-16 16,16,14892,7,1
2014-11-16 17,17,15235,7,1
2014-11-16 18,18,15123,7,1
2014-11-16 19,19,14919,7,1
2014-11-16 20,20,14664,7,1
2014-11-16 21,21,14428,7,1
2014-11-16 22,22,13679,7,1
2014-11-16 23,23,12634,7,1
2014-11-17 00,0,11612,1,0
2014-11-17 01,1,11094,1,0
2014-11-17 02,2,10774,1,0
2014-11-17 03,3,10751,1,0
2014-11-17 04,4,10951,1,0
2014-11-17 05,5,11710,1,0
2014-11-17 06,6,12832,1,0
2014-11-17 07,7,14377,1,0
2014-11-17 08,8,16460,1,0
2014-11-17 09,9,17118,1,0
2014-11-17 10,10,17202,1,0
2014-11-17 11,11,16844,1,0
2014-11-17 12,12,16421,1,0
2014-11-17 13,13,16615,1,0
2014-11-17 14,14,16474,1,0
2014-11-17 15,15,16775,1,0
2014-11-17 16,16,17045,1,0
2014-11-17 17,17,17291,1,0
2014-11-17 18,18,17131,1,0
2014-11-17 19,19,16737,1,0
2014-11-17 20,20,16394,1,0
2014-11-17 21,21,15864,1,0
2014-11-17 22,22,15023,1,0
2014-11-17 23,23,14058,1,0
2014-11-18 00,0,12602,2,0
2014-11-18 01,1,12078,2,0
2014-11-18 02,2,11652,2,0
2014-11-18 03,3,11438,2,0
2014-11-18 04,4,11758,2,0
2014-11-18 05,5,12473,2,0
2014-11-18 06,6,13268,2,0
2014-11-18 07,7,14830,2,0
2014-11-18 08,8,16597,2,0
2014-11-18 09,9,17124,2,0
2014-11-18 10,10,17237,2,0
2014-11-18 11,11,16884,2,0
2014-11-18 12,12,16492,2,0
2014-11-18 13,13,16519,2,0
2014-11-18 14,14,16458,2,0
2014-11-18 15,15,16701,2,0
2014-11-18 16,16,16981,2,0
2014-11-18 17,17,17224,2,0
2014-11-18 18,18,17041,2,0
2014-11-18 19,19,16685,2,0
2014-11-18 20,20,16342,2,0
2014-11-18 21,21,15871,2,0
2014-11-18 22,22,14942,2,0
2014-11-18 23,23,13880,2,0
2014-11-19 00,0,12632,3,0
2014-11-19 01,1,12069,3,0
2014-11-19 02,2,11758,3,0
2014-11-19 03,3,11523,3,0
2014-11-19 04,4,11789,3,0
2014-11-19 05,5,12444,3,0
2014-11-19 06,6,13257,3,0
2014-11-19 07,7,14800,3,0
2014-11-19 08,8,16628,3,0
2014-11-19 09,9,17063,3,0
2014-11-19 10,10,17270,3,0
2014-11-19 11,11,16887,3,0
2014-11-19 12,12,16429,3,0
2014-11-19 13,13,16687,3,0
2014-11-19 14,14,16617,3,0
2014-11-19 15,15,16874,3,0
2014-11-19 16,16,17127,3,0
2014-11-19 17,17,17233,3,0
2014-11-19 18,18,17175,3,0
2014-11-19 19,19,16779,3,0
2014-11-19 20,20,16403,3,0
2014-11-19 21,21,15922,3,0
2014-11-19 22,22,15185,3,0
2014-11-19 23,23,13854,3,0
2014-11-20 00,0,12760,4,0
2014-11-20 01,1,12188,4,0
2014-11-20 02,2,11780,4,0
2014-11-20 03,3,11578,4,0
2014-11-20 04,4,11986,4,0
2014-11-20 05,5,12631,4,0
2014-11-20 06,6,13293,4,0
2014-11-20 07,7,14746,4,0
2014-11-20 08,8,16504,4,0
2014-11-20 09,9,17065,4,0
2014-11-20 10,10,17199,4,0
2014-11-20 11,11,16658,4,0
2014-11-20 12,12,16283,4,0
2014-11-20 13,13,16365,4,0
2014-11-20 14,14,16282,4,0
2014-11-20 15,15,16557,4,0
2014-11-20 16,16,16855,4,0
2014-11-20 17,17,17250,4,0
2014-11-20 18,18,16927,4,0
2014-11-20 19,19,16655,4,0
2014-11-20 20,20,16272,4,0
2014-11-20 21,21,15839,4,0
2014-11-20 22,22,14979,4,0
2014-11-20 23,23,13915,4,0
2014-11-21 00,0,12703,5,0
2014-11-21 01,1,12079,5,0
2014-11-21 02,2,11809,5,0
2014-11-21 03,3,11562,5,0
2014-11-21 04,4,11723,5,0
2014-11-21 05,5,12441,5,0
2014-11-21 06,6,13168,5,0
2014-11-21 07,7,14756,5,0
2014-11-21 08,8,16476,5,0
2014-11-21 09,9,16934,5,0
2014-11-21 10,10,16973,5,0
2014-11-21 11,11,16517,5,0
2014-11-21 12,12,16248,5,0
2014-11-21 13,13,16373,5,0
2014-11-21 14,14,16428,5,0
2014-11-21 15,15,16703,5,0
2014-11-21 16,16,16901,5,0
2014-11-21 17,17,16932,5,0
2014-11-21 18,18,16896,5,0
2014-11-21 19,19,16494,5,0
2014-11-21 20,20,16174,5,0
2014-11-21 21,21,15661,5,0
2014-11-21 22,22,14958,5,0
2014-11-21 23,23,13538,5,0
2014-11-22 00,0,12616,6,1
2014-11-22 01,1,11843,6,1
2014-11-22 02,2,11491,6,1
2014-11-22 03,3,11223,6,1
2014-11-22 04,4,11522,6,1
2014-11-22 05,5,11861,6,1
2014-11-22 06,6,12072,6,1
2014-11-22 07,7,13389,6,1
2014-11-22 08,8,14700,6,1
2014-11-22 09,9,15306,6,1
2014-11-22 10,10,15409,6,1
2014-11-22 11,11,15161,6,1
2014-11-22 12,12,14703,6,1
2014-11-22 13,13,14785,6,1
2014-11-22 14,14,14789,6,1
2014-11-22 15,15,15154,6,1
2014-11-22 16,16,15489,6,1
2014-11-22 17,17,15688,6,1
2014-11-22 18,18,15583,6,1
2014-11-22 19,19,15277,6,1
2014-11-22 20,20,14996,6,1
2014-11-22 21,21,14710,6,1
2014-11-22 22,22,13997,6,1
2014-11-22 23,23,13056,6,1
2014-11-23 00,0,11979,7,1
2014-11-23 01,1,11489,7,1
2014-11-23 02,2,11094,7,1
2014-11-23 03,3,10931,7,1
2014-11-23 04,4,10967,7,1
2014-11-23 05,5,11469,7,1
2014-11-23 06,6,11425,7,1
2014-11-23 07,7,12351,7,1
2014-11-23 08,8,13437,7,1
2014-11-23 09,9,14093,7,1
2014-11-23 10,10,14360,7,1
2014-11-23 11,11,14062,7,1
2014-11-23 12,12,13788,7,1
2014-11-23 13,13,13741,7,1
2014-11-23 14,14,13681,7,1
2014-11-23 15,15,13904,7,1
2014-11-23 16,16,14602,7,1
2014-11-23 17,17,15023,7,1
2014-11-23 18,18,14770,7,1
2014-11-23 19,19,14635,7,1
2014-11-23 20,20,14448,7,1
2014-11-23 21,21,14218,7,1
2014-11-23 22,22,13484,7,1
2014-11-23 23,23,12551,7,1
2014-11-24 00,0,11454,1,0
2014-11-24 01,1,10972,1,0
2014-11-24 02,2,10654,1,0
2014-11-24 03,3,10607,1,0
2014-11-24 04,4,10656,1,0
2014-11-24 05,5,11459,1,0
2014-11-24 06,6,12424,1,0
2014-11-24 07,7,14346,1,0
2014-11-24 08,8,16348,1,0
2014-11-24 09,9,16974,1,0
2014-11-24 10,10,17056,1,0
2014-11-24 11,11,16815,1,0
2014-11-24 12,12,16553,1,0
2014-11-24 13,13,16634,1,0
2014-11-24 14,14,16642,1,0
2014-11-24 15,15,16768,1,0
2014-11-24 16,16,17158,1,0
2014-11-24 17,17,17258,1,0
2014-11-24 18,18,16988,1,0
2014-11-24 19,19,16706,1,0
2014-11-24 20,20,16363,1,0
2014-11-24 21,21,15882,1,0
2014-11-24 22,22,14876,1,0
2014-11-24 23,23,13575,1,0
2014-11-25 00,0,12835,2,0
2014-11-25 01,1,11766,2,0
2014-11-25 02,2,11517,2,0
2014-11-25 03,3,11290,2,0
2014-11-25 04,4,11540,2,0
2014-11-25 05,5,12154,2,0
2014-11-25 06,6,13007,2,0
2014-11-25 07,7,14581,2,0
2014-11-25 08,8,16627,2,0
2014-11-25 09,9,17127,2,0
2014-11-25 10,10,17311,2,0
2014-11-25 11,11,16944,2,0
2014-11-25 12,12,16539,2,0
2014-11-25 13,13,16544,2,0
2014-11-25 14,14,16516,2,0
2014-11-25 15,15,16828,2,0
2014-11-25 16,16,17125,2,0
2014-11-25 17,17,17222,2,0
2014-11-25 18,18,17059,2,0
2014-11-25 19,19,16656,2,0
2014-11-25 20,20,16341,2,0
2014-11-25 21,21,15730,2,0
2014-11-25 22,22,14934,2,0
2014-11-25 23,23,13745,2,0
2014-11-26 00,0,12730,3,0
2014-11-26 01,1,12022,3,0
2014-11-26 02,2,11781,3,0
2014-11-26 03,3,11551,3,0
2014-11-26 04,4,11711,3,0
2014-11-26 05,5,12403,3,0
2014-11-26 06,6,13079,3,0
2014-11-26 07,7,14801,3,0
2014-11-26 08,8,16463,3,0
2014-11-26 09,9,17030,3,0
2014-11-26 10,10,17159,3,0
2014-11-26 11,11,16691,3,0
2014-11-26 12,12,16458,3,0
2014-11-26 13,13,16564,3,0
2014-11-26 14,14,16598,3,0
2014-11-26 15,15,16906,3,0
2014-11-26 16,16,17104,3,0
2014-11-26 17,17,17207,3,0
2014-11-26 18,18,17093,3,0
2014-11-26 19,19,16763,3,0
2014-11-26 20,20,16368,3,0
2014-11-26 21,21,15894,3,0
2014-11-26 22,22,15155,3,0
2014-11-26 23,23,13903,3,0
2014-11-27 00,0,12811,4,0
2014-11-27 01,1,11885,4,0
2014-11-27 02,2,11523,4,0
2014-11-27 03,3,11384,4,0
2014-11-27 04,4,11728,4,0
2014-11-27 05,5,12349,4,0
2014-11-27 06,6,13220,4,0
2014-11-27 07,7,14704,4,0
2014-11-27 08,8,16449,4,0
2014-11-27 09,9,17233,4,0
2014-11-27 10,10,17391,4,0
2014-11-27 11,11,16857,4,0
2014-11-27 12,12,16219,4,0
2014-11-27 13,13,16430,4,0
2014-11-27 14,14,16279,4,0
2014-11-27 15,15,16600,4,0
2014-11-27 16,16,16847,4,0
2014-11-27 17,17,16985,4,0
2014-11-27 18,18,16834,4,0
2014-11-27 19,19,16395,4,0
2014-11-27 20,20,16063,4,0
2014-11-27 21,21,15572,4,0
2014-11-27 22,22,14873,4,0
2014-11-27 23,23,13579,4,0
2014-11-28 00,0,12569,5,0
2014-11-28 01,1,11846,5,0
2014-11-28 02,2,11678,5,0
2014-11-28 03,3,11406,5,0
2014-11-28 04,4,11652,5,0
2014-11-28 05,5,12289,5,0
2014-11-28 06,6,13017,5,0
2014-11-28 07,7,14838,5,0
2014-11-28 08,8,16612,5,0
2014-11-28 09,9,17182,5,0
2014-11-28 10,10,17374,5,0
2014-11-28 11,11,16832,5,0
2014-11-28 12,12,16444,5,0
2014-11-28 13,13,16570,5,0
2014-11-28 14,14,16547,5,0
2014-11-28 15,15,16868,5,0
2014-11-28 16,16,17216,5,0
2014-11-28 17,17,17163,5,0
2014-11-28 18,18,16794,5,0
2014-11-28 19,19,16421,5,0
2014-11-28 20,20,16017,5,0
2014-11-28 21,21,15658,5,0
2014-11-28 22,22,15028,5,0
2014-11-28 23,23,13680,5,0
2014-11-29 00,0,12555,6,1
2014-11-29 01,1,11923,6,1
2014-11-29 02,2,11558,6,1
2014-11-29 03,3,11370,6,1
2014-11-29 04,4,11469,6,1
2014-11-29 05,5,11984,6,1
2014-11-29 06,6,12204,6,1
2014-11-29 07,7,13466,6,1
2014-11-29 08,8,14866,6,1
2014-11-29 09,9,15672,6,1
2014-11-29 10,10,15796,6,1
2014-11-29 11,11,15592,6,1
2014-11-29 12,12,15129,6,1
2014-11-29 13,13,15251,6,1
2014-11-29 14,14,15110,6,1
2014-11-29 15,15,15539,6,1
2014-11-29 16,16,15840,6,1
2014-11-29 17,17,16079,6,1
2014-11-29 18,18,15750,6,1
2014-11-29 19,19,15554,6,1
2014-11-29 20,20,15271,6,1
2014-11-29 21,21,14962,6,1
2014-11-29 22,22,14290,6,1
2014-11-29 23,23,13313,6,1
2014-11-30 00,0,12286,7,1
2014-11-30 01,1,11718,7,1
2014-11-30 02,2,11295,7,1
2014-11-30 03,3,11144,7,1
2014-11-30 04,4,11158,7,1
2014-11-30 05,5,11512,7,1
2014-11-30 06,6,11717,7,1
2014-11-30 07,7,12720,7,1
2014-11-30 08,8,13843,7,1
2014-11-30 09,9,14439,7,1
2014-11-30 10,10,14831,7,1
2014-11-30 11,11,14630,7,1
2014-11-30 12,12,14104,7,1
2014-11-30 13,13,14223,7,1
2014-11-30 14,14,14155,7,1
2014-11-30 15,15,14639,7,1
2014-11-30 16,16,15210,7,1
2014-11-30 17,17,15517,7,1
2014-11-30 18,18,15285,7,1
2014-11-30 19,19,15098,7,1
2014-11-30 20,20,14922,7,1
2014-11-30 21,21,14695,7,1
2014-11-30 22,22,13952,7,1
2014-11-30 23,23,12737,7,1
2014-12-01 00,0,12099,1,0
2014-12-01 01,1,11407,1,0
2014-12-01 02,2,11066,1,0
2014-12-01 03,3,10917,1,0
2014-12-01 04,4,11017,1,0
2014-12-01 05,5,11842,1,0
2014-12-01 06,6,13011,1,0
2014-12-01 07,7,15477,1,0
2014-12-01 08,8,17391,1,0
2014-12-01 09,9,18127,1,0
2014-12-01 10,10,18261,1,0
2014-12-01 11,11,18149,1,0
2014-12-01 12,12,17769,1,0
2014-12-01 13,13,17942,1,0
2014-12-01 14,14,17968,1,0
2014-12-01 15,15,18082,1,0
2014-12-01 16,16,18462,1,0
2014-12-01 17,17,18544,1,0
2014-12-01 18,18,18333,1,0
2014-12-01 19,19,18106,1,0
2014-12-01 20,20,17795,1,0
2014-12-01 21,21,17083,1,0
2014-12-01 22,22,16168,1,0
2014-12-01 23,23,14965,1,0
2014-12-02 00,0,13788,2,0
2014-12-02 01,1,12569,2,0
2014-12-02 02,2,12163,2,0
2014-12-02 03,3,11992,2,0
2014-12-02 04,4,12561,2,0
2014-12-02 05,5,13371,2,0
2014-12-02 06,6,14307,2,0
2014-12-02 07,7,16056,2,0
2014-12-02 08,8,17861,2,0
2014-12-02 09,9,18734,2,0
2014-12-02 10,10,18797,2,0
2014-12-02 11,11,18547,2,0
2014-12-02 12,12,18088,2,0
2014-12-02 13,13,18228,2,0
2014-12-02 14,14,18135,2,0
2014-12-02 15,15,18386,2,0
2014-12-02 16,16,18600,2,0
2014-12-02 17,17,18658,2,0
2014-12-02 18,18,18333,2,0
2014-12-02 19,19,17900,2,0
2014-12-02 20,20,17527,2,0
2014-12-02 21,21,16932,2,0
2014-12-02 22,22,16372,2,0
2014-12-02 23,23,15419,2,0
2014-12-03 00,0,14046,3,0
2014-12-03 01,1,13176,3,0
2014-12-03 02,2,12683,3,0
2014-12-03 03,3,12468,3,0
2014-12-03 04,4,12754,3,0
2014-12-03 05,5,13485,3,0
2014-12-03 06,6,14458,3,0
2014-12-03 07,7,16918,3,0
2014-12-03 08,8,18828,3,0
2014-12-03 09,9,19665,3,0
2014-12-03 10,10,19796,3,0
2014-12-03 11,11,19268,3,0
2014-12-03 12,12,19007,3,0
2014-12-03 13,13,19092,3,0
2014-12-03 14,14,19056,3,0
2014-12-03 15,15,19207,3,0
2014-12-03 16,16,19680,3,0
2014-12-03 17,17,19684,3,0
2014-12-03 18,18,19527,3,0
2014-12-03 19,19,19296,3,0
2014-12-03 20,20,18973,3,0
2014-12-03 21,21,18566,3,0
2014-12-03 22,22,17452,3,0
2014-12-03 23,23,16057,3,0
2014-12-04 00,0,15108,4,0
2014-12-04 01,1,13408,4,0
2014-12-04 02,2,12932,4,0
2014-12-04 03,3,12726,4,0
2014-12-04 04,4,13267,4,0
2014-12-04 05,5,13926,4,0
2014-12-04 06,6,15145,4,0
2014-12-04 07,7,17040,4,0
2014-12-04 08,8,19134,4,0
2014-12-04 09,9,19712,4,0
2014-12-04 10,10,19904,4,0
2014-12-04 11,11,19439,4,0
2014-12-04 12,12,18937,4,0
2014-12-04 13,13,19033,4,0
2014-12-04 14,14,18933,4,0
2014-12-04 15,15,19149,4,0
2014-12-04 16,16,19507,4,0
2014-12-04 17,17,19649,4,0
2014-12-04 18,18,19494,4,0
2014-12-04 19,19,19263,4,0
2014-12-04 20,20,18946,4,0
2014-12-04 21,21,18481,4,0
2014-12-04 22,22,17380,4,0
2014-12-04 23,23,16416,4,0
2014-12-05 00,0,14609,5,0
2014-12-05 01,1,14105,5,0
2014-12-05 02,2,13506,5,0
2014-12-05 03,3,13256,5,0
2014-12-05 04,4,13078,5,0
2014-12-05 05,5,13851,5,0
2014-12-05 06,6,15114,5,0
2014-12-05 07,7,17464,5,0
2014-12-05 08,8,19779,5,0
2014-12-05 09,9,20579,5,0
2014-12-05 10,10,20767,5,0
2014-12-05 11,11,20392,5,0
2014-12-05 12,12,20137,5,0
2014-12-05 13,13,20283,5,0
2014-12-05 14,14,20295,5,0
2014-12-05 15,15,20378,5,0
2014-12-05 16,16,20704,5,0
2014-12-05 17,17,20440,5,0
2014-12-05 18,18,20237,5,0
2014-12-05 19,19,20158,5,0
2014-12-05 20,20,19825,5,0
2014-12-05 21,21,19361,5,0
2014-12-05 22,22,18245,5,0
2014-12-05 23,23,16734,5,0
2014-12-06 00,0,15356,6,1
2014-12-06 01,1,13879,6,1
2014-12-06 02,2,13117,6,1
2014-12-06 03,3,12659,6,1
2014-12-06 04,4,13108,6,1
2014-12-06 05,5,13777,6,1
2014-12-06 06,6,14521,6,1
2014-12-06 07,7,15960,6,1
2014-12-06 08,8,17664,6,1
2014-12-06 09,9,18646,6,1
2014-12-06 10,10,18728,6,1
2014-12-06 11,11,18410,6,1
2014-12-06 12,12,18044,6,1
2014-12-06 13,13,18062,6,1
2014-12-06 14,14,18037,6,1
2014-12-06 15,15,18356,6,1
2014-12-06 16,16,19034,6,1
2014-12-06 17,17,19204,6,1
2014-12-06 18,18,19238,6,1
2014-12-06 19,19,19176,6,1
2014-12-06 20,20,18950,6,1
2014-12-06 21,21,18477,6,1
2014-12-06 22,22,17517,6,1
2014-12-06 23,23,16249,6,1
2014-12-07 00,0,14642,7,1
2014-12-07 01,1,13511,7,1
2014-12-07 02,2,12541,7,1
2014-12-07 03,3,11863,7,1
2014-12-07 04,4,12284,7,1
2014-12-07 05,5,12848,7,1
2014-12-07 06,6,13239,7,1
2014-12-07 07,7,15537,7,1
2014-12-07 08,8,16870,7,1
2014-12-07 09,9,17554,7,1
2014-12-07 10,10,17701,7,1
2014-12-07 11,11,17549,7,1
2014-12-07 12,12,17190,7,1
2014-12-07 13,13,17132,7,1
2014-12-07 14,14,17140,7,1
2014-12-07 15,15,17130,7,1
2014-12-07 16,16,17604,7,1
2014-12-07 17,17,18114,7,1
2014-12-07 18,18,18274,7,1
2014-12-07 19,19,18374,7,1
2014-12-07 20,20,18215,7,1
2014-12-07 21,21,17674,7,1
2014-12-07 22,22,16726,7,1
2014-12-07 23,23,15129,7,1
2014-12-08 00,0,13669,1,0
2014-12-08 01,1,12324,1,0
2014-12-08 02,2,11643,1,0
2014-12-08 03,3,11318,1,0
2014-12-08 04,4,12228,1,0
2014-12-08 05,5,13270,1,0
2014-12-08 06,6,14632,1,0
2014-12-08 07,7,16893,1,0
2014-12-08 08,8,18744,1,0
2014-12-08 09,9,19684,1,0
2014-12-08 10,10,19794,1,0
2014-12-08 11,11,19547,1,0
2014-12-08 12,12,19229,1,0
2014-12-08 13,13,19237,1,0
2014-12-08 14,14,19236,1,0
2014-12-08 15,15,19385,1,0
2014-12-08 16,16,19801,1,0
2014-12-08 17,17,19916,1,0
2014-12-08 18,18,19793,1,0
2014-12-08 19,19,19553,1,0
2014-12-08 20,20,19250,1,0
2014-12-08 21,21,18734,1,0
2014-12-08 22,22,17753,1,0
2014-12-08 23,23,16119,1,0
2014-12-09 00,0,14674,2,0
2014-12-09 01,1,13435,2,0
2014-12-09 02,2,12882,2,0
2014-12-09 03,3,12641,2,0
2014-12-09 04,4,13255,2,0
2014-12-09 05,5,13977,2,0
2014-12-09 06,6,15217,2,0
2014-12-09 07,7,16434,2,0
2014-12-09 08,8,19311,2,0
2014-12-09 09,9,20318,2,0
2014-12-09 10,10,20386,2,0
2014-12-09 11,11,19974,2,0
2014-12-09 12,12,19592,2,0
2014-12-09 13,13,19672,2,0
2014-12-09 14,14,19508,2,0
2014-12-09 15,15,19557,2,0
2014-12-09 16,16,19870,2,0
2014-12-09 17,17,19981,2,0
2014-12-09 18,18,19738,2,0
2014-12-09 19,19,19575,2,0
2014-12-09 20,20,19413,2,0
2014-12-09 21,21,18865,2,0
2014-12-09 22,22,17702,2,0
2014-12-09 23,23,16088,2,0
2014-12-10 00,0,14430,3,0
2014-12-10 01,1,13645,3,0
2014-12-10 02,2,13201,3,0
2014-12-10 03,3,13015,3,0
2014-12-10 04,4,13141,3,0
2014-12-10 05,5,13741,3,0
2014-12-10 06,6,14767,3,0
2014-12-10 07,7,16953,3,0
2014-12-10 08,8,19168,3,0
2014-12-10 09,9,19848,3,0
2014-12-10 10,10,20111,3,0
2014-12-10 11,11,19644,3,0
2014-12-10 12,12,19390,3,0
2014-12-10 13,13,19580,3,0
2014-12-10 14,14,19326,3,0
2014-12-10 15,15,19656,3,0
2014-12-10 16,16,19968,3,0
2014-12-10 17,17,19983,3,0
2014-12-10 18,18,19625,3,0
2014-12-10 19,19,19537,3,0
2014-12-10 20,20,19329,3,0
2014-12-10 21,21,18890,3,0
2014-12-10 22,22,17704,3,0
2014-12-10 23,23,16139,3,0
2014-12-11 00,0,14524,4,0
2014-12-11 01,1,13813,4,0
2014-12-11 02,2,13320,4,0
2014-12-11 03,3,13004,4,0
2014-12-11 04,4,13279,4,0
2014-12-11 05,5,13887,4,0
2014-12-11 06,6,15101,4,0
2014-12-11 07,7,17384,4,0
2014-12-11 08,8,19697,4,0
2014-12-11 09,9,20497,4,0
2014-12-11 10,10,20585,4,0
2014-12-11 11,11,20188,4,0
2014-12-11 12,12,19765,4,0
2014-12-11 13,13,19846,4,0
2014-12-11 14,14,19744,4,0
2014-12-11 15,15,20053,4,0
2014-12-11 16,16,20295,4,0
2014-12-11 17,17,20303,4,0
2014-12-11 18,18,20005,4,0
2014-12-11 19,19,19836,4,0
2014-12-11 20,20,19621,4,0
2014-12-11 21,21,19144,4,0
2014-12-11 22,22,17999,4,0
2014-12-11 23,23,16833,4,0
2014-12-12 00,0,14643,5,0
2014-12-12 01,1,14059,5,0
2014-12-12 02,2,13442,5,0
2014-12-12 03,3,13252,5,0
2014-12-12 04,4,13723,5,0
2014-12-12 05,5,14502,5,0
2014-12-12 06,6,15628,5,0
2014-12-12 07,7,17763,5,0
2014-12-12 08,8,20203,5,0
2014-12-12 09,9,21150,5,0
2014-12-12 10,10,21296,5,0
2014-12-12 11,11,20887,5,0
2014-12-12 12,12,20413,5,0
2014-12-12 13,13,20387,5,0
2014-12-12 14,14,20135,5,0
2014-12-12 15,15,20286,5,0
2014-12-12 16,16,20493,5,0
2014-12-12 17,17,20507,5,0
2014-12-12 18,18,20344,5,0
2014-12-12 19,19,20106,5,0
2014-12-12 20,20,19928,5,0
2014-12-12 21,21,19578,5,0
2014-12-12 22,22,18670,5,0
2014-12-12 23,23,17320,5,0
2014-12-13 00,0,15354,6,1
2014-12-13 01,1,14183,6,1
2014-12-13 02,2,13750,6,1
2014-12-13 03,3,13340,6,1
2014-12-13 04,4,13567,6,1
2014-12-13 05,5,14136,6,1
2014-12-13 06,6,14534,6,1
2014-12-13 07,7,16415,6,1
2014-12-13 08,8,17949,6,1
2014-12-13 09,9,18593,6,1
2014-12-13 10,10,18865,6,1
2014-12-13 11,11,18708,6,1
2014-12-13 12,12,18104,6,1
2014-12-13 13,13,18110,6,1
2014-12-13 14,14,18011,6,1
2014-12-13 15,15,18249,6,1
2014-12-13 16,16,18930,6,1
2014-12-13 17,17,19482,6,1
2014-12-13 18,18,19554,6,1
2014-12-13 19,19,19476,6,1
2014-12-13 20,20,19463,6,1
2014-12-13 21,21,19111,6,1
2014-12-13 22,22,18275,6,1
2014-12-13 23,23,16750,6,1
2014-12-14 00,0,15105,7,1
2014-12-14 01,1,13939,7,1
2014-12-14 02,2,13331,7,1
2014-12-14 03,3,12919,7,1
2014-12-14 04,4,13159,7,1
2014-12-14 05,5,13567,7,1
2014-12-14 06,6,13755,7,1
2014-12-14 07,7,14917,7,1
2014-12-14 08,8,16270,7,1
2014-12-14 09,9,16947,7,1
2014-12-14 10,10,17160,7,1
2014-12-14 11,11,17155,7,1
2014-12-14 12,12,16334,7,1
2014-12-14 13,13,16311,7,1
2014-12-14 14,14,16157,7,1
2014-12-14 15,15,16618,7,1
2014-12-14 16,16,17815,7,1
2014-12-14 17,17,18448,7,1
2014-12-14 18,18,18490,7,1
2014-12-14 19,19,18618,7,1
2014-12-14 20,20,18633,7,1
2014-12-14 21,21,18255,7,1
2014-12-14 22,22,17186,7,1
2014-12-14 23,23,15739,7,1
2014-12-15 00,0,14189,1,0
2014-12-15 01,1,13149,1,0
2014-12-15 02,2,12579,1,0
2014-12-15 03,3,12279,1,0
2014-12-15 04,4,12574,1,0
2014-12-15 05,5,13461,1,0
2014-12-15 06,6,14856,1,0
2014-12-15 07,7,17022,1,0
2014-12-15 08,8,19491,1,0
2014-12-15 09,9,20564,1,0
2014-12-15 10,10,20753,1,0
2014-12-15 11,11,20543,1,0
2014-12-15 12,12,19753,1,0
2014-12-15 13,13,19865,1,0
2014-12-15 14,14,19747,1,0
2014-12-15 15,15,20101,1,0
2014-12-15 16,16,20436,1,0
2014-12-15 17,17,20446,1,0
2014-12-15 18,18,20297,1,0
2014-12-15 19,19,19970,1,0
2014-12-15 20,20,19769,1,0
2014-12-15 21,21,19227,1,0
2014-12-15 22,22,18192,1,0
2014-12-15 23,23,16752,1,0
2014-12-16 00,0,14915,2,0
2014-12-16 01,1,14136,2,0
2014-12-16 02,2,13732,2,0
2014-12-16 03,3,13469,2,0
2014-12-16 04,4,13756,2,0
2014-12-16 05,5,14541,2,0
2014-12-16 06,6,15798,2,0
2014-12-16 07,7,18185,2,0
2014-12-16 08,8,20624,2,0
2014-12-16 09,9,21642,2,0
2014-12-16 10,10,21879,2,0
2014-12-16 11,11,21490,2,0
2014-12-16 12,12,20867,2,0
2014-12-16 13,13,21065,2,0
2014-12-16 14,14,20780,2,0
2014-12-16 15,15,21126,2,0
2014-12-16 16,16,21388,2,0
2014-12-16 17,17,21614,2,0
2014-12-16 18,18,21374,2,0
2014-12-16 19,19,21173,2,0
2014-12-16 20,20,21179,2,0
2014-12-16 21,21,20444,2,0
2014-12-16 22,22,19032,2,0
2014-12-16 23,23,17613,2,0
2014-12-17 00,0,15769,3,0
2014-12-17 01,1,14620,3,0
2014-12-17 02,2,14079,3,0
2014-12-17 03,3,13754,3,0
2014-12-17 04,4,14172,3,0
2014-12-17 05,5,14933,3,0
2014-12-17 06,6,16283,3,0
2014-12-17 07,7,18435,3,0
2014-12-17 08,8,21138,3,0
2014-12-17 09,9,22007,3,0
2014-12-17 10,10,22185,3,0
2014-12-17 11,11,22043,3,0
2014-12-17 12,12,21464,3,0
2014-12-17 13,13,21554,3,0
2014-12-17 14,14,21353,3,0
2014-12-17 15,15,21371,3,0
2014-12-17 16,16,21559,3,0
2014-12-17 17,17,21812,3,0
2014-12-17 18,18,21691,3,0
2014-12-17 19,19,21743,3,0
2014-12-17 20,20,21783,3,0
2014-12-17 21,21,21148,3,0
2014-12-17 22,22,19732,3,0
2014-12-17 23,23,17944,3,0
2014-12-18 00,0,16152,4,0
2014-12-18 01,1,14947,4,0
2014-12-18 02,2,14444,4,0
2014-12-18 03,3,14076,4,0
2014-12-18 04,4,14161,4,0
2014-12-18 05,5,15043,4,0
2014-12-18 06,6,16484,4,0
2014-12-18 07,7,18695,4,0
2014-12-18 08,8,21121,4,0
2014-12-18 09,9,22077,4,0
2014-12-18 10,10,22203,4,0
2014-12-18 11,11,21936,4,0
2014-12-18 12,12,21249,4,0
2014-12-18 13,13,21277,4,0
2014-12-18 14,14,21151,4,0
2014-12-18 15,15,21398,4,0
2014-12-18 16,16,21587,4,0
2014-12-18 17,17,21930,4,0
2014-12-18 18,18,21825,4,0
2014-12-18 19,19,21807,4,0
2014-12-18 20,20,21630,4,0
2014-12-18 21,21,21411,4,0
2014-12-18 22,22,20179,4,0
2014-12-18 23,23,17400,4,0
2014-12-19 00,0,16151,5,0
2014-12-19 01,1,14783,5,0
2014-12-19 02,2,14229,5,0
2014-12-19 03,3,13826,5,0
2014-12-19 04,4,13783,5,0
2014-12-19 05,5,14557,5,0
2014-12-19 06,6,15777,5,0
2014-12-19 07,7,18088,5,0
2014-12-19 08,8,20834,5,0
2014-12-19 09,9,21660,5,0
2014-12-19 10,10,21737,5,0
2014-12-19 11,11,21449,5,0
2014-12-19 12,12,20664,5,0
2014-12-19 13,13,20836,5,0
2014-12-19 14,14,20604,5,0
2014-12-19 15,15,20570,5,0
2014-12-19 16,16,21026,5,0
2014-12-19 17,17,21391,5,0
2014-12-19 18,18,21297,5,0
2014-12-19 19,19,21359,5,0
2014-12-19 20,20,21259,5,0
2014-12-19 21,21,20865,5,0
2014-12-19 22,22,19242,5,0
2014-12-19 23,23,17130,5,0
2014-12-20 00,0,15905,6,1
2014-12-20 01,1,14519,6,1
2014-12-20 02,2,13885,6,1
2014-12-20 03,3,13462,6,1
2014-12-20 04,4,13648,6,1
2014-12-20 05,5,13999,6,1
2014-12-20 06,6,14676,6,1
2014-12-20 07,7,16207,6,1
2014-12-20 08,8,17912,6,1
2014-12-20 09,9,18613,6,1
2014-12-20 10,10,18773,6,1
2014-12-20 11,11,18605,6,1
2014-12-20 12,12,17957,6,1
2014-12-20 13,13,18052,6,1
2014-12-20 14,14,17860,6,1
2014-12-20 15,15,18100,6,1
2014-12-20 16,16,18940,6,1
2014-12-20 17,17,19389,6,1
2014-12-20 18,18,19485,6,1
2014-12-20 19,19,19438,6,1
2014-12-20 20,20,19413,6,1
2014-12-20 21,21,19174,6,1
2014-12-20 22,22,18291,6,1
2014-12-20 23,23,16969,6,1
2014-12-21 00,0,15155,7,1
2014-12-21 01,1,14211,7,1
2014-12-21 02,2,13567,7,1
2014-12-21 03,3,13183,7,1
2014-12-21 04,4,13343,7,1
2014-12-21 05,5,13906,7,1
2014-12-21 06,6,14058,7,1
2014-12-21 07,7,15412,7,1
2014-12-21 08,8,16701,7,1
2014-12-21 09,9,17265,7,1
2014-12-21 10,10,17434,7,1
2014-12-21 11,11,17372,7,1
2014-12-21 12,12,16774,7,1
2014-12-21 13,13,16779,7,1
2014-12-21 14,14,16523,7,1
2014-12-21 15,15,16977,7,1
2014-12-21 16,16,18126,7,1
2014-12-21 17,17,18706,7,1
2014-12-21 18,18,18891,7,1
2014-12-21 19,19,18931,7,1
2014-12-21 20,20,18868,7,1
2014-12-21 21,21,18501,7,1
2014-12-21 22,22,17689,7,1
2014-12-21 23,23,16721,7,1
2014-12-22 00,0,14587,1,0
2014-12-22 01,1,13589,1,0
2014-12-22 02,2,13174,1,0
2014-12-22 03,3,12722,1,0
2014-12-22 04,4,13388,1,0
2014-12-22 05,5,14506,1,0
2014-12-22 06,6,15897,1,0
2014-12-22 07,7,18001,1,0
2014-12-22 08,8,20367,1,0
2014-12-22 09,9,21485,1,0
2014-12-22 10,10,21805,1,0
2014-12-22 11,11,21716,1,0
2014-12-22 12,12,21024,1,0
2014-12-22 13,13,21055,1,0
2014-12-22 14,14,20843,1,0
2014-12-22 15,15,20907,1,0
2014-12-22 16,16,21199,1,0
2014-12-22 17,17,21415,1,0
2014-12-22 18,18,21384,1,0
2014-12-22 19,19,21183,1,0
2014-12-22 20,20,21117,1,0
2014-12-22 21,21,20572,1,0
2014-12-22 22,22,19140,1,0
2014-12-22 23,23,17791,1,0
2014-12-23 00,0,15533,2,0
2014-12-23 01,1,14281,2,0
2014-12-23 02,2,13855,2,0
2014-12-23 03,3,13615,2,0
2014-12-23 04,4,14075,2,0
2014-12-23 05,5,14953,2,0
2014-12-23 06,6,16245,2,0
2014-12-23 07,7,18399,2,0
2014-12-23 08,8,20585,2,0
2014-12-23 09,9,21580,2,0
2014-12-23 10,10,21708,2,0
2014-12-23 11,11,21156,2,0
2014-12-23 12,12,20536,2,0
2014-12-23 13,13,20524,2,0
2014-12-23 14,14,20399,2,0
2014-12-23 15,15,20811,2,0
2014-12-23 16,16,21059,2,0
2014-12-23 17,17,21489,2,0
2014-12-23 18,18,21365,2,0
2014-12-23 19,19,21298,2,0
2014-12-23 20,20,21055,2,0
2014-12-23 21,21,20677,2,0
2014-12-23 22,22,19307,2,0
2014-12-23 23,23,17076,2,0
2014-12-24 00,0,15559,3,0
2014-12-24 01,1,14326,3,0
2014-12-24 02,2,13893,3,0
2014-12-24 03,3,13639,3,0
2014-12-24 04,4,13660,3,0
2014-12-24 05,5,14549,3,0
2014-12-24 06,6,15799,3,0
2014-12-24 07,7,17846,3,0
2014-12-24 08,8,20336,3,0
2014-12-24 09,9,21279,3,0
2014-12-24 10,10,21413,3,0
2014-12-24 11,11,21062,3,0
2014-12-24 12,12,20342,3,0
2014-12-24 13,13,20329,3,0
2014-12-24 14,14,20202,3,0
2014-12-24 15,15,20714,3,0
2014-12-24 16,16,20862,3,0
2014-12-24 17,17,21290,3,0
2014-12-24 18,18,21194,3,0
2014-12-24 19,19,21199,3,0
2014-12-24 20,20,20960,3,0
2014-12-24 21,21,20471,3,0
2014-12-24 22,22,19288,3,0
2014-12-24 23,23,17001,3,0
2014-12-25 00,0,15560,4,0
2014-12-25 01,1,14415,4,0
2014-12-25 02,2,13907,4,0
2014-12-25 03,3,13591,4,0
2014-12-25 04,4,13661,4,0
2014-12-25 05,5,14477,4,0
2014-12-25 06,6,15577,4,0
2014-12-25 07,7,17837,4,0
2014-12-25 08,8,20068,4,0
2014-12-25 09,9,20802,4,0
2014-12-25 10,10,20897,4,0
2014-12-25 11,11,20379,4,0
2014-12-25 12,12,19725,4,0
2014-12-25 13,13,19720,4,0
2014-12-25 14,14,19575,4,0
2014-12-25 15,15,19725,4,0
2014-12-25 16,16,20152,4,0
2014-12-25 17,17,20279,4,0
2014-12-25 18,18,20274,4,0
2014-12-25 19,19,20336,4,0
2014-12-25 20,20,20191,4,0
2014-12-25 21,21,19427,4,0
2014-12-25 22,22,18328,4,0
2014-12-25 23,23,16973,4,0
2014-12-26 00,0,15438,5,0
2014-12-26 01,1,14337,5,0
2014-12-26 02,2,13847,5,0
2014-12-26 03,3,13568,5,0
2014-12-26 04,4,13675,5,0
2014-12-26 05,5,14492,5,0
2014-12-26 06,6,15748,5,0
2014-12-26 07,7,17867,5,0
2014-12-26 08,8,19924,5,0
2014-12-26 09,9,20658,5,0
2014-12-26 10,10,20923,5,0
2014-12-26 11,11,20221,5,0
2014-12-26 12,12,19718,5,0
2014-12-26 13,13,19865,5,0
2014-12-26 14,14,19496,5,0
2014-12-26 15,15,19634,5,0
2014-12-26 16,16,19906,5,0
2014-12-26 17,17,20241,5,0
2014-12-26 18,18,19967,5,0
2014-12-26 19,19,19923,5,0
2014-12-26 20,20,19887,5,0
2014-12-26 21,21,19605,5,0
2014-12-26 22,22,18566,5,0
2014-12-26 23,23,17060,5,0
2014-12-27 00,0,15455,6,1
2014-12-27 01,1,14463,6,1
2014-12-27 02,2,13862,6,1
2014-12-27 03,3,13415,6,1
2014-12-27 04,4,13543,6,1
2014-12-27 05,5,13967,6,1
2014-12-27 06,6,14370,6,1
2014-12-27 07,7,16077,6,1
2014-12-27 08,8,17539,6,1
2014-12-27 09,9,18274,6,1
2014-12-27 10,10,18692,6,1
2014-12-27 11,11,18089,6,1
2014-12-27 12,12,17435,6,1
2014-12-27 13,13,17586,6,1
2014-12-27 14,14,17369,6,1
2014-12-27 15,15,17742,6,1
2014-12-27 16,16,18421,6,1
2014-12-27 17,17,19083,6,1
2014-12-27 18,18,19105,6,1
2014-12-27 19,19,19111,6,1
2014-12-27 20,20,18970,6,1
2014-12-27 21,21,18609,6,1
2014-12-27 22,22,17887,6,1
2014-12-27 23,23,16427,6,1
2014-12-28 00,0,14948,7,1
2014-12-28 01,1,14002,7,1
2014-12-28 02,2,13314,7,1
2014-12-28 03,3,13028,7,1
2014-12-28 04,4,12925,7,1
2014-12-28 05,5,13509,7,1
2014-12-28 06,6,13650,7,1
2014-12-28 07,7,15060,7,1
2014-12-28 08,8,16638,7,1
2014-12-28 09,9,17677,7,1
2014-12-28 10,10,18093,7,1
2014-12-28 11,11,18049,7,1
2014-12-28 12,12,17772,7,1
2014-12-28 13,13,17755,7,1
2014-12-28 14,14,17509,7,1
2014-12-28 15,15,17576,7,1
2014-12-28 16,16,18195,7,1
2014-12-28 17,17,18687,7,1
2014-12-28 18,18,18746,7,1
2014-12-28 19,19,18807,7,1
2014-12-28 20,20,18693,7,1
2014-12-28 21,21,18448,7,1
2014-12-28 22,22,17791,7,1
2014-12-28 23,23,15590,7,1
2014-12-29 00,0,14305,1,0
2014-12-29 01,1,13302,1,0
2014-12-29 02,2,12851,1,0
2014-12-29 03,3,12518,1,0
2014-12-29 04,4,12803,1,0
2014-12-29 05,5,13728,1,0
2014-12-29 06,6,14825,1,0
2014-12-29 07,7,17227,1,0
2014-12-29 08,8,19637,1,0
2014-12-29 09,9,20184,1,0
2014-12-29 10,10,20473,1,0
2014-12-29 11,11,20380,1,0
2014-12-29 12,12,20160,1,0
2014-12-29 13,13,20169,1,0
2014-12-29 14,14,20155,1,0
2014-12-29 15,15,20190,1,0
2014-12-29 16,16,20511,1,0
2014-12-29 17,17,20473,1,0
2014-12-29 18,18,20073,1,0
2014-12-29 19,19,19868,1,0
2014-12-29 20,20,19806,1,0
2014-12-29 21,21,19477,1,0
2014-12-29 22,22,18265,1,0
2014-12-29 23,23,16356,1,0
2014-12-30 00,0,15090,2,0
2014-12-30 01,1,14104,2,0
2014-12-30 02,2,13591,2,0
2014-12-30 03,3,13270,2,0
2014-12-30 04,4,13075,2,0
2014-12-30 05,5,13843,2,0
2014-12-30 06,6,15022,2,0
2014-12-30 07,7,17471,2,0
2014-12-30 08,8,19496,2,0
2014-12-30 09,9,20185,2,0
2014-12-30 10,10,20257,2,0
2014-12-30 11,11,19820,2,0
2014-12-30 12,12,19166,2,0
2014-12-30 13,13,19252,2,0
2014-12-30 14,14,19169,2,0
2014-12-30 15,15,19458,2,0
2014-12-30 16,16,19745,2,0
2014-12-30 17,17,19826,2,0
2014-12-30 18,18,19758,2,0
2014-12-30 19,19,19725,2,0
2014-12-30 20,20,19447,2,0
2014-12-30 21,21,19125,2,0
2014-12-30 22,22,18087,2,0
2014-12-30 23,23,16038,2,0
2014-12-31 00,0,15081,3,0
2014-12-31 01,1,13684,3,0
2014-12-31 02,2,13083,3,0
2014-12-31 03,3,12888,3,0
2014-12-31 04,4,12700,3,0
2014-12-31 05,5,13514,3,0
2014-12-31 06,6,14407,3,0
2014-12-31 07,7,16718,3,0
2014-12-31 08,8,19004,3,0
2014-12-31 09,9,19792,3,0
2014-12-31 10,10,19876,3,0
2014-12-31 11,11,19491,3,0
2014-12-31 12,12,19081,3,0
2014-12-31 13,13,19157,3,0
2014-12-31 14,14,19063,3,0
2014-12-31 15,15,19360,3,0
2014-12-31 16,16,19595,3,0
2014-12-31 17,17,19604,3,0
2014-12-31 18,18,19315,3,0
2014-12-31 19,19,19151,3,0
2014-12-31 20,20,18946,3,0
2014-12-31 21,21,18479,3,0
2014-12-31 22,22,17497,3,0
2014-12-31 23,23,16394,3,0
2015-01-01 00,0,14846,4,-1
2015-01-01 01,1,13662,4,-1
2015-01-01 02,2,12980,4,-1
2015-01-01 03,3,12546,4,-1
2015-01-01 04,4,12631,4,-1
2015-01-01 05,5,12908,4,-1
2015-01-01 06,6,12893,4,-1
2015-01-01 07,7,13687,4,-1
2015-01-01 08,8,14483,4,-1
2015-01-01 09,9,15056,4,-1
2015-01-01 10,10,15195,4,-1
2015-01-01 11,11,15074,4,-1
2015-01-01 12,12,14705,4,-1
2015-01-01 13,13,14351,4,-1
2015-01-01 14,14,14178,4,-1
2015-01-01 15,15,14654,4,-1
2015-01-01 16,16,15562,4,-1
2015-01-01 17,17,16386,4,-1
2015-01-01 18,18,16499,4,-1
2015-01-01 19,19,16711,4,-1
2015-01-01 20,20,16711,4,-1
2015-01-01 21,21,16480,4,-1
2015-01-01 22,22,15889,4,-1
2015-01-01 23,23,14859,4,-1
2015-01-02 00,0,12962,5,1
2015-01-02 01,1,12388,5,1
2015-01-02 02,2,12036,5,1
2015-01-02 03,3,11897,5,1
2015-01-02 04,4,11956,5,1
2015-01-02 05,5,12401,5,1
2015-01-02 06,6,12827,5,1
2015-01-02 07,7,14681,5,1
2015-01-02 08,8,15929,5,1
2015-01-02 09,9,16663,5,1
2015-01-02 10,10,16886,5,1
2015-01-02 11,11,16741,5,1
2015-01-02 12,12,16330,5,1
2015-01-02 13,13,16345,5,1
2015-01-02 14,14,16262,5,1
2015-01-02 15,15,16578,5,1
2015-01-02 16,16,17413,5,1
2015-01-02 17,17,18297,5,1
2015-01-02 18,18,18355,5,1
2015-01-02 19,19,18439,5,1
2015-01-02 20,20,18413,5,1
2015-01-02 21,21,18060,5,1
2015-01-02 22,22,17145,5,1
2015-01-02 23,23,15849,5,1
2015-01-03 00,0,14277,6,1
2015-01-03 01,1,13382,6,1
2015-01-03 02,2,12887,6,1
2015-01-03 03,3,12665,6,1
2015-01-03 04,4,12569,6,1
2015-01-03 05,5,13092,6,1
2015-01-03 06,6,13400,6,1
2015-01-03 07,7,15566,6,1
2015-01-03 08,8,16925,6,1
2015-01-03 09,9,17776,6,1
2015-01-03 10,10,18246,6,1
2015-01-03 11,11,18109,6,1
2015-01-03 12,12,17369,6,1
2015-01-03 13,13,17244,6,1
2015-01-03 14,14,17149,6,1
2015-01-03 15,15,17640,6,1
2015-01-03 16,16,18566,6,1
2015-01-03 17,17,19163,6,1
2015-01-03 18,18,19180,6,1
2015-01-03 19,19,19244,6,1
2015-01-03 20,20,19246,6,1
2015-01-03 21,21,18999,6,1
2015-01-03 22,22,17739,6,1
2015-01-03 23,23,15718,6,1
2015-01-04 00,0,14550,7,0
2015-01-04 01,1,13498,7,0
2015-01-04 02,2,12980,7,0
2015-01-04 03,3,12721,7,0
2015-01-04 04,4,12745,7,0
2015-01-04 05,5,13617,7,0
2015-01-04 06,6,14797,7,0
2015-01-04 07,7,17465,7,0
2015-01-04 08,8,19832,7,0
2015-01-04 09,9,20404,7,0
2015-01-04 10,10,20507,7,0
2015-01-04 11,11,20038,7,0
2015-01-04 12,12,19300,7,0
2015-01-04 13,13,19332,7,0
2015-01-04 14,14,19125,7,0
2015-01-04 15,15,19196,7,0
2015-01-04 16,16,19319,7,0
2015-01-04 17,17,19733,7,0
2015-01-04 18,18,19687,7,0
2015-01-04 19,19,19585,7,0
2015-01-04 20,20,19424,7,0
2015-01-04 21,21,19043,7,0
2015-01-04 22,22,18100,7,0
2015-01-04 23,23,16007,7,0
2015-01-05 00,0,15061,1,0
2015-01-05 01,1,13930,1,0
2015-01-05 02,2,13264,1,0
2015-01-05 03,3,12835,1,0
2015-01-05 04,4,12827,1,0
2015-01-05 05,5,13657,1,0
2015-01-05 06,6,14708,1,0
2015-01-05 07,7,16814,1,0
2015-01-05 08,8,18732,1,0
2015-01-05 09,9,19466,1,0
2015-01-05 10,10,19477,1,0
2015-01-05 11,11,19168,1,0
2015-01-05 12,12,18368,1,0
2015-01-05 13,13,18526,1,0
2015-01-05 14,14,18356,1,0
2015-01-05 15,15,18491,1,0
2015-01-05 16,16,18768,1,0
2015-01-05 17,17,18743,1,0
2015-01-05 18,18,18631,1,0
2015-01-05 19,19,18502,1,0
2015-01-05 20,20,18373,1,0
2015-01-05 21,21,18033,1,0
2015-01-05 22,22,17126,1,0
2015-01-05 23,23,15262,1,0
2015-01-06 00,0,14496,2,0
2015-01-06 01,1,13766,2,0
2015-01-06 02,2,13199,2,0
2015-01-06 03,3,12861,2,0
2015-01-06 04,4,12813,2,0
2015-01-06 05,5,13668,2,0
2015-01-06 06,6,14704,2,0
2015-01-06 07,7,17259,2,0
2015-01-06 08,8,19667,2,0
2015-01-06 09,9,20622,2,0
2015-01-06 10,10,20634,2,0
2015-01-06 11,11,20266,2,0
2015-01-06 12,12,19341,2,0
2015-01-06 13,13,19346,2,0
2015-01-06 14,14,19227,2,0
2015-01-06 15,15,19439,2,0
2015-01-06 16,16,19934,2,0
2015-01-06 17,17,20135,2,0
2015-01-06 18,18,20137,2,0
2015-01-06 19,19,20019,2,0
2015-01-06 20,20,19956,2,0
2015-01-06 21,21,19409,2,0
2015-01-06 22,22,18345,2,0
2015-01-06 23,23,17070,2,0
2015-01-07 00,0,15181,3,0
2015-01-07 01,1,14426,3,0
2015-01-07 02,2,14006,3,0
2015-01-07 03,3,13478,3,0
2015-01-07 04,4,13862,3,0
2015-01-07 05,5,14652,3,0
2015-01-07 06,6,15751,3,0
2015-01-07 07,7,18186,3,0
2015-01-07 08,8,20445,3,0
2015-01-07 09,9,21233,3,0
2015-01-07 10,10,21360,3,0
2015-01-07 11,11,21231,3,0
2015-01-07 12,12,20567,3,0
2015-01-07 13,13,20548,3,0
2015-01-07 14,14,20472,3,0
2015-01-07 15,15,20548,3,0
2015-01-07 16,16,20796,3,0
2015-01-07 17,17,20846,3,0
2015-01-07 18,18,20513,3,0
2015-01-07 19,19,20430,3,0
2015-01-07 20,20,20249,3,0
2015-01-07 21,21,19894,3,0
2015-01-07 22,22,18981,3,0
2015-01-07 23,23,17365,3,0
2015-01-08 00,0,15749,4,0
2015-01-08 01,1,14792,4,0
2015-01-08 02,2,14255,4,0
2015-01-08 03,3,13875,4,0
2015-01-08 04,4,14016,4,0
2015-01-08 05,5,14847,4,0
2015-01-08 06,6,16115,4,0
2015-01-08 07,7,18468,4,0
2015-01-08 08,8,20851,4,0
2015-01-08 09,9,21592,4,0
2015-01-08 10,10,21678,4,0
2015-01-08 11,11,21300,4,0
2015-01-08 12,12,20418,4,0
2015-01-08 13,13,20454,4,0
2015-01-08 14,14,20192,4,0
2015-01-08 15,15,20259,4,0
2015-01-08 16,16,20571,4,0
2015-01-08 17,17,20786,4,0
2015-01-08 18,18,20801,4,0
2015-01-08 19,19,20898,4,0
2015-01-08 20,20,20847,4,0
2015-01-08 21,21,20274,4,0
2015-01-08 22,22,18938,4,0
2015-01-08 23,23,17633,4,0
2015-01-09 00,0,15707,5,0
2015-01-09 01,1,14907,5,0
2015-01-09 02,2,14417,5,0
2015-01-09 03,3,13973,5,0
2015-01-09 04,4,14162,5,0
2015-01-09 05,5,14807,5,0
2015-01-09 06,6,16194,5,0
2015-01-09 07,7,18629,5,0
2015-01-09 08,8,20766,5,0
2015-01-09 09,9,21478,5,0
2015-01-09 10,10,21538,5,0
2015-01-09 11,11,21006,5,0
2015-01-09 12,12,20147,5,0
2015-01-09 13,13,20263,5,0
2015-01-09 14,14,19902,5,0
2015-01-09 15,15,20023,5,0
2015-01-09 16,16,20345,5,0
2015-01-09 17,17,20467,5,0
2015-01-09 18,18,20488,5,0
2015-01-09 19,19,20581,5,0
2015-01-09 20,20,20582,5,0
2015-01-09 21,21,19809,5,0
2015-01-09 22,22,18770,5,0
2015-01-09 23,23,17407,5,0
2015-01-10 00,0,15580,6,1
2015-01-10 01,1,14679,6,1
2015-01-10 02,2,14221,6,1
2015-01-10 03,3,13682,6,1
2015-01-10 04,4,13750,6,1
2015-01-10 05,5,14172,6,1
2015-01-10 06,6,14447,6,1
2015-01-10 07,7,16348,6,1
2015-01-10 08,8,17916,6,1
2015-01-10 09,9,18626,6,1
2015-01-10 10,10,18830,6,1
2015-01-10 11,11,18385,6,1
2015-01-10 12,12,17667,6,1
2015-01-10 13,13,17609,6,1
2015-01-10 14,14,17446,6,1
2015-01-10 15,15,17841,6,1
2015-01-10 16,16,18411,6,1
2015-01-10 17,17,18996,6,1
2015-01-10 18,18,19002,6,1
2015-01-10 19,19,19005,6,1
2015-01-10 20,20,18928,6,1
2015-01-10 21,21,18509,6,1
2015-01-10 22,22,17677,6,1
2015-01-10 23,23,16391,6,1
2015-01-11 00,0,14903,7,1
2015-01-11 01,1,14026,7,1
2015-01-11 02,2,13293,7,1
2015-01-11 03,3,13063,7,1
2015-01-11 04,4,13025,7,1
2015-01-11 05,5,13591,7,1
2015-01-11 06,6,13667,7,1
2015-01-11 07,7,14962,7,1
2015-01-11 08,8,16274,7,1
2015-01-11 09,9,16971,7,1
2015-01-11 10,10,17095,7,1
2015-01-11 11,11,16986,7,1
2015-01-11 12,12,16547,7,1
2015-01-11 13,13,16555,7,1
2015-01-11 14,14,16462,7,1
2015-01-11 15,15,16742,7,1
2015-01-11 16,16,17572,7,1
2015-01-11 17,17,18177,7,1
2015-01-11 18,18,18196,7,1
2015-01-11 19,19,18259,7,1
2015-01-11 20,20,18263,7,1
2015-01-11 21,21,18010,7,1
2015-01-11 22,22,16959,7,1
2015-01-11 23,23,15593,7,1
2015-01-12 00,0,14149,1,0
2015-01-12 01,1,13236,1,0
2015-01-12 02,2,12835,1,0
2015-01-12 03,3,12546,1,0
2015-01-12 04,4,12859,1,0
2015-01-12 05,5,13640,1,0
2015-01-12 06,6,14948,1,0
2015-01-12 07,7,17287,1,0
2015-01-12 08,8,19854,1,0
2015-01-12 09,9,20621,1,0
2015-01-12 10,10,20724,1,0
2015-01-12 11,11,20235,1,0
2015-01-12 12,12,19482,1,0
2015-01-12 13,13,19513,1,0
2015-01-12 14,14,19303,1,0
2015-01-12 15,15,19371,1,0
2015-01-12 16,16,19501,1,0
2015-01-12 17,17,19929,1,0
2015-01-12 18,18,19880,1,0
2015-01-12 19,19,19775,1,0
2015-01-12 20,20,19610,1,0
2015-01-12 21,21,19210,1,0
2015-01-12 22,22,18245,1,0
2015-01-12 23,23,16964,1,0
2015-01-13 00,0,14990,2,0
2015-01-13 01,1,14078,2,0
2015-01-13 02,2,13456,2,0
2015-01-13 03,3,13253,2,0
2015-01-13 04,4,13690,2,0
2015-01-13 05,5,14347,2,0
2015-01-13 06,6,15496,2,0
2015-01-13 07,7,17614,2,0
2015-01-13 08,8,19899,2,0
2015-01-13 09,9,20699,2,0
2015-01-13 10,10,20788,2,0
2015-01-13 11,11,20389,2,0
2015-01-13 12,12,19968,2,0
2015-01-13 13,13,20047,2,0
2015-01-13 14,14,19948,2,0
2015-01-13 15,15,20254,2,0
2015-01-13 16,16,20492,2,0
2015-01-13 17,17,20504,2,0
2015-01-13 18,18,20208,2,0
2015-01-13 19,19,20041,2,0
2015-01-13 20,20,19687,2,0
2015-01-13 21,21,19253,2,0
2015-01-13 22,22,18202,2,0
2015-01-13 23,23,16795,2,0
2015-01-14 00,0,15057,3,0
2015-01-14 01,1,14236,3,0
2015-01-14 02,2,13755,3,0
2015-01-14 03,3,13408,3,0
2015-01-14 04,4,13456,3,0
2015-01-14 05,5,14399,3,0
2015-01-14 06,6,15485,3,0
2015-01-14 07,7,17875,3,0
2015-01-14 08,8,20449,3,0
2015-01-14 09,9,21454,3,0
2015-01-14 10,10,21759,3,0
2015-01-14 11,11,21295,3,0
2015-01-14 12,12,20578,3,0
2015-01-14 13,13,20634,3,0
2015-01-14 14,14,20458,3,0
2015-01-14 15,15,20657,3,0
2015-01-14 16,16,20743,3,0
2015-01-14 17,17,20794,3,0
2015-01-14 18,18,20700,3,0
2015-01-14 19,19,20566,3,0
2015-01-14 20,20,20215,3,0
2015-01-14 21,21,19808,3,0
2015-01-14 22,22,18629,3,0
2015-01-14 23,23,16631,3,0
2015-01-15 00,0,15288,4,0
2015-01-15 01,1,14173,4,0
2015-01-15 02,2,13696,4,0
2015-01-15 03,3,13357,4,0
2015-01-15 04,4,13658,4,0
2015-01-15 05,5,14304,4,0
2015-01-15 06,6,15385,4,0
2015-01-15 07,7,17725,4,0
2015-01-15 08,8,20357,4,0
2015-01-15 09,9,21270,4,0
2015-01-15 10,10,21589,4,0
2015-01-15 11,11,21310,4,0
2015-01-15 12,12,20706,4,0
2015-01-15 13,13,20833,4,0
2015-01-15 14,14,20593,4,0
2015-01-15 15,15,20692,4,0
2015-01-15 16,16,20716,4,0
2015-01-15 17,17,20721,4,0
2015-01-15 18,18,20628,4,0
2015-01-15 19,19,20440,4,0
2015-01-15 20,20,20063,4,0
2015-01-15 21,21,19590,4,0
2015-01-15 22,22,18539,4,0
2015-01-15 23,23,16856,4,0
2015-01-16 00,0,15190,5,0
2015-01-16 01,1,14331,5,0
2015-01-16 02,2,13798,5,0
2015-01-16 03,3,13445,5,0
2015-01-16 04,4,13584,5,0
2015-01-16 05,5,14292,5,0
2015-01-16 06,6,15373,5,0
2015-01-16 07,7,17753,5,0
2015-01-16 08,8,20074,5,0
2015-01-16 09,9,21395,5,0
2015-01-16 10,10,21534,5,0
2015-01-16 11,11,21277,5,0
2015-01-16 12,12,20746,5,0
2015-01-16 13,13,20804,5,0
2015-01-16 14,14,20601,5,0
2015-01-16 15,15,20830,5,0
2015-01-16 16,16,20960,5,0
2015-01-16 17,17,20641,5,0
2015-01-16 18,18,20521,5,0
2015-01-16 19,19,20397,5,0
2015-01-16 20,20,20231,5,0
2015-01-16 21,21,19781,5,0
2015-01-16 22,22,18734,5,0
2015-01-16 23,23,17482,5,0
2015-01-17 00,0,15329,6,1
2015-01-17 01,1,14545,6,1
2015-01-17 02,2,13974,6,1
2015-01-17 03,3,13437,6,1
2015-01-17 04,4,13672,6,1
2015-01-17 05,5,14138,6,1
2015-01-17 06,6,14500,6,1
2015-01-17 07,7,16362,6,1
2015-01-17 08,8,17838,6,1
2015-01-17 09,9,18549,6,1
2015-01-17 10,10,18632,6,1
2015-01-17 11,11,18269,6,1
2015-01-17 12,12,17482,6,1
2015-01-17 13,13,17457,6,1
2015-01-17 14,14,17238,6,1
2015-01-17 15,15,17443,6,1
2015-01-17 16,16,17990,6,1
2015-01-17 17,17,18602,6,1
2015-01-17 18,18,18675,6,1
2015-01-17 19,19,18647,6,1
2015-01-17 20,20,18616,6,1
2015-01-17 21,21,18382,6,1
2015-01-17 22,22,17788,6,1
2015-01-17 23,23,17062,6,1
2015-01-18 00,0,14911,7,1
2015-01-18 01,1,13942,7,1
2015-01-18 02,2,13149,7,1
2015-01-18 03,3,12908,7,1
2015-01-18 04,4,13391,7,1
2015-01-18 05,5,13914,7,1
2015-01-18 06,6,14163,7,1
2015-01-18 07,7,15300,7,1
2015-01-18 08,8,16367,7,1
2015-01-18 09,9,17159,7,1
2015-01-18 10,10,17230,7,1
2015-01-18 11,11,17128,7,1
2015-01-18 12,12,16412,7,1
2015-01-18 13,13,16344,7,1
2015-01-18 14,14,16155,7,1
2015-01-18 15,15,16649,7,1
2015-01-18 16,16,17251,7,1
2015-01-18 17,17,17918,7,1
2015-01-18 18,18,18058,7,1
2015-01-18 19,19,18089,7,1
2015-01-18 20,20,18089,7,1
2015-01-18 21,21,17823,7,1
2015-01-18 22,22,16783,7,1
2015-01-18 23,23,16061,7,1
2015-01-19 00,0,14162,1,0
2015-01-19 01,1,13261,1,0
2015-01-19 02,2,12778,1,0
2015-01-19 03,3,12448,1,0
2015-01-19 04,4,13158,1,0
2015-01-19 05,5,14067,1,0
2015-01-19 06,6,15288,1,0
2015-01-19 07,7,17756,1,0
2015-01-19 08,8,20080,1,0
2015-01-19 09,9,21224,1,0
2015-01-19 10,10,21180,1,0
2015-01-19 11,11,20774,1,0
2015-01-19 12,12,19993,1,0
2015-01-19 13,13,19955,1,0
2015-01-19 14,14,19953,1,0
2015-01-19 15,15,20139,1,0
2015-01-19 16,16,20232,1,0
2015-01-19 17,17,20363,1,0
2015-01-19 18,18,20489,1,0
2015-01-19 19,19,20410,1,0
2015-01-19 20,20,20329,1,0
2015-01-19 21,21,19882,1,0
2015-01-19 22,22,18813,1,0
2015-01-19 23,23,17038,1,0
2015-01-20 00,0,15419,2,0
2015-01-20 01,1,14479,2,0
2015-01-20 02,2,13862,2,0
2015-01-20 03,3,13514,2,0
2015-01-20 04,4,13705,2,0
2015-01-20 05,5,14508,2,0
2015-01-20 06,6,15609,2,0
2015-01-20 07,7,17808,2,0
2015-01-20 08,8,20235,2,0
2015-01-20 09,9,21222,2,0
2015-01-20 10,10,21514,2,0
2015-01-20 11,11,21046,2,0
2015-01-20 12,12,20411,2,0
2015-01-20 13,13,20425,2,0
2015-01-20 14,14,20338,2,0
2015-01-20 15,15,20381,2,0
2015-01-20 16,16,20534,2,0
2015-01-20 17,17,20270,2,0
2015-01-20 18,18,20236,2,0
2015-01-20 19,19,20145,2,0
2015-01-20 20,20,19918,2,0
2015-01-20 21,21,19489,2,0
2015-01-20 22,22,18480,2,0
2015-01-20 23,23,16774,2,0
2015-01-21 00,0,15842,3,0
2015-01-21 01,1,14296,3,0
2015-01-21 02,2,13796,3,0
2015-01-21 03,3,13502,3,0
2015-01-21 04,4,13586,3,0
2015-01-21 05,5,14308,3,0
2015-01-21 06,6,15523,3,0
2015-01-21 07,7,17584,3,0
2015-01-21 08,8,19747,3,0
2015-01-21 09,9,20717,3,0
2015-01-21 10,10,20745,3,0
2015-01-21 11,11,20439,3,0
2015-01-21 12,12,20016,3,0
2015-01-21 13,13,20031,3,0
2015-01-21 14,14,19941,3,0
2015-01-21 15,15,19985,3,0
2015-01-21 16,16,20141,3,0
2015-01-21 17,17,19739,3,0
2015-01-21 18,18,19613,3,0
2015-01-21 19,19,19879,3,0
2015-01-21 20,20,19799,3,0
2015-01-21 21,21,19421,3,0
2015-01-21 22,22,18492,3,0
2015-01-21 23,23,16583,3,0
2015-01-22 00,0,15647,4,0
2015-01-22 01,1,14173,4,0
2015-01-22 02,2,13636,4,0
2015-01-22 03,3,13385,4,0
2015-01-22 04,4,13575,4,0
2015-01-22 05,5,14281,4,0
2015-01-22 06,6,15542,4,0
2015-01-22 07,7,18077,4,0
2015-01-22 08,8,20551,4,0
2015-01-22 09,9,21362,4,0
2015-01-22 10,10,21452,4,0
2015-01-22 11,11,21095,4,0
2015-01-22 12,12,20358,4,0
2015-01-22 13,13,20438,4,0
2015-01-22 14,14,20309,4,0
2015-01-22 15,15,20473,4,0
2015-01-22 16,16,20549,4,0
2015-01-22 17,17,20567,4,0
2015-01-22 18,18,20497,4,0
2015-01-22 19,19,20375,4,0
2015-01-22 20,20,20124,4,0
2015-01-22 21,21,19640,4,0
2015-01-22 22,22,18649,4,0
2015-01-22 23,23,17112,4,0
2015-01-23 00,0,15313,5,0
2015-01-23 01,1,14666,5,0
2015-01-23 02,2,14086,5,0
2015-01-23 03,3,13745,5,0
2015-01-23 04,4,13905,5,0
2015-01-23 05,5,14687,5,0
2015-01-23 06,6,15809,5,0
2015-01-23 07,7,18033,5,0
2015-01-23 08,8,20388,5,0
2015-01-23 09,9,21302,5,0
2015-01-23 10,10,21340,5,0
2015-01-23 11,11,20864,5,0
2015-01-23 12,12,19950,5,0
2015-01-23 13,13,20039,5,0
2015-01-23 14,14,19906,5,0
2015-01-23 15,15,20065,5,0
2015-01-23 16,16,20139,5,0
2015-01-23 17,17,20155,5,0
2015-01-23 18,18,20152,5,0
2015-01-23 19,19,19975,5,0
2015-01-23 20,20,19744,5,0
2015-01-23 21,21,19346,5,0
2015-01-23 22,22,18344,5,0
2015-01-23 23,23,16996,5,0
2015-01-24 00,0,15345,6,1
2015-01-24 01,1,14546,6,1
2015-01-24 02,2,14013,6,1
2015-01-24 03,3,13555,6,1
2015-01-24 04,4,13535,6,1
2015-01-24 05,5,13878,6,1
2015-01-24 06,6,14226,6,1
2015-01-24 07,7,16113,6,1
2015-01-24 08,8,17935,6,1
2015-01-24 09,9,18640,6,1
2015-01-24 10,10,18812,6,1
2015-01-24 11,11,18533,6,1
2015-01-24 12,12,18178,6,1
2015-01-24 13,13,18250,6,1
2015-01-24 14,14,18211,6,1
2015-01-24 15,15,18387,6,1
2015-01-24 16,16,18785,6,1
2015-01-24 17,17,19646,6,1
2015-01-24 18,18,19701,6,1
2015-01-24 19,19,19696,6,1
2015-01-24 20,20,19498,6,1
2015-01-24 21,21,19209,6,1
2015-01-24 22,22,18321,6,1
2015-01-24 23,23,16289,6,1
2015-01-25 00,0,15069,7,1
2015-01-25 01,1,14211,7,1
2015-01-25 02,2,13543,7,1
2015-01-25 03,3,13175,7,1
2015-01-25 04,4,13020,7,1
2015-01-25 05,5,12824,7,1
2015-01-25 06,6,12870,7,1
2015-01-25 07,7,15085,7,1
2015-01-25 08,8,16462,7,1
2015-01-25 09,9,17397,7,1
2015-01-25 10,10,17452,7,1
2015-01-25 11,11,17360,7,1
2015-01-25 12,12,16947,7,1
2015-01-25 13,13,16850,7,1
2015-01-25 14,14,16753,7,1
2015-01-25 15,15,17152,7,1
2015-01-25 16,16,17784,7,1
2015-01-25 17,17,18445,7,1
2015-01-25 18,18,18536,7,1
2015-01-25 19,19,18708,7,1
2015-01-25 20,20,18694,7,1
2015-01-25 21,21,18356,7,1
2015-01-25 22,22,17397,7,1
2015-01-25 23,23,15311,7,1
2015-01-26 00,0,14318,1,0
2015-01-26 01,1,13265,1,0
2015-01-26 02,2,12648,1,0
2015-01-26 03,3,12436,1,0
2015-01-26 04,4,12386,1,0
2015-01-26 05,5,12878,1,0
2015-01-26 06,6,14069,1,0
2015-01-26 07,7,17195,1,0
2015-01-26 08,8,19681,1,0
2015-01-26 09,9,20471,1,0
2015-01-26 10,10,20567,1,0
2015-01-26 11,11,20191,1,0
2015-01-26 12,12,19808,1,0
2015-01-26 13,13,19781,1,0
2015-01-26 14,14,19640,1,0
2015-01-26 15,15,19556,1,0
2015-01-26 16,16,19741,1,0
2015-01-26 17,17,19692,1,0
2015-01-26 18,18,19781,1,0
2015-01-26 19,19,19718,1,0
2015-01-26 20,20,19593,1,0
2015-01-26 21,21,19443,1,0
2015-01-26 22,22,18498,1,0
2015-01-26 23,23,16168,1,0
2015-01-27 00,0,15289,2,0
2015-01-27 01,1,13234,2,0
2015-01-27 02,2,12746,2,0
2015-01-27 03,3,12486,2,0
2015-01-27 04,4,13319,2,0
2015-01-27 05,5,13867,2,0
2015-01-27 06,6,14985,2,0
2015-01-27 07,7,16963,2,0
2015-01-27 08,8,19372,2,0
2015-01-27 09,9,20371,2,0
2015-01-27 10,10,20509,2,0
2015-01-27 11,11,20311,2,0
2015-01-27 12,12,19677,2,0
2015-01-27 13,13,19895,2,0
2015-01-27 14,14,19927,2,0
2015-01-27 15,15,19994,2,0
2015-01-27 16,16,20306,2,0
2015-01-27 17,17,20276,2,0
2015-01-27 18,18,20125,2,0
2015-01-27 19,19,19967,2,0
2015-01-27 20,20,19900,2,0
2015-01-27 21,21,19544,2,0
2015-01-27 22,22,18548,2,0
2015-01-27 23,23,17489,2,0
2015-01-28 00,0,15029,3,0
2015-01-28 01,1,14283,3,0
2015-01-28 02,2,13677,3,0
2015-01-28 03,3,13412,3,0
2015-01-28 04,4,14071,3,0
2015-01-28 05,5,14675,3,0
2015-01-28 06,6,15904,3,0
2015-01-28 07,7,18326,3,0
2015-01-28 08,8,20731,3,0
2015-01-28 09,9,21672,3,0
2015-01-28 10,10,21819,3,0
2015-01-28 11,11,21733,3,0
2015-01-28 12,12,21134,3,0
2015-01-28 13,13,21157,3,0
2015-01-28 14,14,20905,3,0
2015-01-28 15,15,20810,3,0
2015-01-28 16,16,20781,3,0
2015-01-28 17,17,20595,3,0
2015-01-28 18,18,20659,3,0
2015-01-28 19,19,20518,3,0
2015-01-28 20,20,20380,3,0
2015-01-28 21,21,19800,3,0
2015-01-28 22,22,18948,3,0
2015-01-28 23,23,17601,3,0
2015-01-29 00,0,15467,4,0
2015-01-29 01,1,14766,4,0
2015-01-29 02,2,14301,4,0
2015-01-29 03,3,13893,4,0
2015-01-29 04,4,13979,4,0
2015-01-29 05,5,14637,4,0
2015-01-29 06,6,15772,4,0
2015-01-29 07,7,18361,4,0
2015-01-29 08,8,21367,4,0
2015-01-29 09,9,22382,4,0
2015-01-29 10,10,22707,4,0
2015-01-29 11,11,22428,4,0
2015-01-29 12,12,22283,4,0
2015-01-29 13,13,22292,4,0
2015-01-29 14,14,22141,4,0
2015-01-29 15,15,22323,4,0
2015-01-29 16,16,22373,4,0
2015-01-29 17,17,21810,4,0
2015-01-29 18,18,21820,4,0
2015-01-29 19,19,21729,4,0
2015-01-29 20,20,21428,4,0
2015-01-29 21,21,20940,4,0
2015-01-29 22,22,19602,4,0
2015-01-29 23,23,17915,4,0
2015-01-30 00,0,16081,5,0
2015-01-30 01,1,15120,5,0
2015-01-30 02,2,14433,5,0
2015-01-30 03,3,14228,5,0
2015-01-30 04,4,14235,5,0
2015-01-30 05,5,14691,5,0
2015-01-30 06,6,15978,5,0
2015-01-30 07,7,18743,5,0
2015-01-30 08,8,21667,5,0
2015-01-30 09,9,22748,5,0
2015-01-30 10,10,22884,5,0
2015-01-30 11,11,22647,5,0
2015-01-30 12,12,22131,5,0
2015-01-30 13,13,22153,5,0
2015-01-30 14,14,21889,5,0
2015-01-30 15,15,21892,5,0
2015-01-30 16,16,21902,5,0
2015-01-30 17,17,21547,5,0
2015-01-30 18,18,21562,5,0
2015-01-30 19,19,21519,5,0
2015-01-30 20,20,21294,5,0
2015-01-30 21,21,20781,5,0
2015-01-30 22,22,19683,5,0
2015-01-30 23,23,17900,5,0
2015-01-31 00,0,16333,6,1
2015-01-31 01,1,15292,6,1
2015-01-31 02,2,14599,6,1
2015-01-31 03,3,14064,6,1
2015-01-31 04,4,14012,6,1
2015-01-31 05,5,14270,6,1
2015-01-31 06,6,14950,6,1
2015-01-31 07,7,17351,6,1
2015-01-31 08,8,19162,6,1
2015-01-31 09,9,19899,6,1
2015-01-31 10,10,20041,6,1
2015-01-31 11,11,19792,6,1
2015-01-31 12,12,19434,6,1
2015-01-31 13,13,19502,6,1
2015-01-31 14,14,19492,6,1
2015-01-31 15,15,19677,6,1
2015-01-31 16,16,20111,6,1
2015-01-31 17,17,20889,6,1
2015-01-31 18,18,20957,6,1
2015-01-31 19,19,20956,6,1
2015-01-31 20,20,20781,6,1
2015-01-31 21,21,20487,6,1
2015-01-31 22,22,19328,6,1
2015-01-31 23,23,17673,6,1
2015-02-01 00,0,15885,7,1
2015-02-01 01,1,14732,7,1
2015-02-01 02,2,14130,7,1
2015-02-01 03,3,13666,7,1
2015-02-01 04,4,13611,7,1
2015-02-01 05,5,13908,7,1
2015-02-01 06,6,14062,7,1
2015-02-01 07,7,16065,7,1
2015-02-01 08,8,17345,7,1
2015-02-01 09,9,18267,7,1
2015-02-01 10,10,18348,7,1
2015-02-01 11,11,18390,7,1
2015-02-01 12,12,18277,7,1
2015-02-01 13,13,18275,7,1
2015-02-01 14,14,18168,7,1
2015-02-01 15,15,18587,7,1
2015-02-01 16,16,19266,7,1
2015-02-01 17,17,19602,7,1
2015-02-01 18,18,19733,7,1
2015-02-01 19,19,19794,7,1
2015-02-01 20,20,19769,7,1
2015-02-01 21,21,19438,7,1
2015-02-01 22,22,18376,7,1
2015-02-01 23,23,16770,7,1
2015-02-02 00,0,14977,1,0
2015-02-02 01,1,13944,1,0
2015-02-02 02,2,13363,1,0
2015-02-02 03,3,13133,1,0
2015-02-02 04,4,13143,1,0
2015-02-02 05,5,13970,1,0
2015-02-02 06,6,15224,1,0
2015-02-02 07,7,18526,1,0
2015-02-02 08,8,20865,1,0
2015-02-02 09,9,21982,1,0
2015-02-02 10,10,22226,1,0
2015-02-02 11,11,21954,1,0
2015-02-02 12,12,21120,1,0
2015-02-02 13,13,21000,1,0
2015-02-02 14,14,20874,1,0
2015-02-02 15,15,20795,1,0
2015-02-02 16,16,20989,1,0
2015-02-02 17,17,20999,1,0
2015-02-02 18,18,20963,1,0
2015-02-02 19,19,20937,1,0
2015-02-02 20,20,20856,1,0
2015-02-02 21,21,20475,1,0
2015-02-02 22,22,19338,1,0
2015-02-02 23,23,17590,1,0
2015-02-03 00,0,15802,2,0
2015-02-03 01,1,14711,2,0
2015-02-03 02,2,13986,2,0
2015-02-03 03,3,13781,2,0
2015-02-03 04,4,13795,2,0
2015-02-03 05,5,14371,2,0
2015-02-03 06,6,15349,2,0
2015-02-03 07,7,17893,2,0
2015-02-03 08,8,20559,2,0
2015-02-03 09,9,21448,2,0
2015-02-03 10,10,21783,2,0
2015-02-03 11,11,21633,2,0
2015-02-03 12,12,21420,2,0
2015-02-03 13,13,21510,2,0
2015-02-03 14,14,21218,2,0
2015-02-03 15,15,21386,2,0
2015-02-03 16,16,21338,2,0
2015-02-03 17,17,21031,2,0
2015-02-03 18,18,20958,2,0
2015-02-03 19,19,20964,2,0
2015-02-03 20,20,20726,2,0
2015-02-03 21,21,20221,2,0
2015-02-03 22,22,19188,2,0
2015-02-03 23,23,17349,2,0
2015-02-04 00,0,15620,3,0
2015-02-04 01,1,14398,3,0
2015-02-04 02,2,13875,3,0
2015-02-04 03,3,13525,3,0
2015-02-04 04,4,13742,3,0
2015-02-04 05,5,14333,3,0
2015-02-04 06,6,15681,3,0
2015-02-04 07,7,18469,3,0
2015-02-04 08,8,21239,3,0
2015-02-04 09,9,22956,3,0
2015-02-04 10,10,23132,3,0
2015-02-04 11,11,22652,3,0
2015-02-04 12,12,21684,3,0
2015-02-04 13,13,21737,3,0
2015-02-04 14,14,21493,3,0
2015-02-04 15,15,21529,3,0
2015-02-04 16,16,21709,3,0
2015-02-04 17,17,21225,3,0
2015-02-04 18,18,21128,3,0
2015-02-04 19,19,21139,3,0
2015-02-04 20,20,21007,3,0
2015-02-04 21,21,20621,3,0
2015-02-04 22,22,19545,3,0
2015-02-04 23,23,17930,3,0
2015-02-05 00,0,16054,4,0
2015-02-05 01,1,14752,4,0
2015-02-05 02,2,13935,4,0
2015-02-05 03,3,13586,4,0
2015-02-05 04,4,13871,4,0
2015-02-05 05,5,14394,4,0
2015-02-05 06,6,15567,4,0
2015-02-05 07,7,18147,4,0
2015-02-05 08,8,20754,4,0
2015-02-05 09,9,22155,4,0
2015-02-05 10,10,22360,4,0
2015-02-05 11,11,22116,4,0
2015-02-05 12,12,21522,4,0
2015-02-05 13,13,21531,4,0
2015-02-05 14,14,21322,4,0
2015-02-05 15,15,21331,4,0
2015-02-05 16,16,21336,4,0
2015-02-05 17,17,20996,4,0
2015-02-05 18,18,20818,4,0
2015-02-05 19,19,20885,4,0
2015-02-05 20,20,20854,4,0
2015-02-05 21,21,20496,4,0
2015-02-05 22,22,19311,4,0
2015-02-05 23,23,17525,4,0
2015-02-06 00,0,15760,5,0
2015-02-06 01,1,14746,5,0
2015-02-06 02,2,14114,5,0
2015-02-06 03,3,13846,5,0
2015-02-06 04,4,13820,5,0
2015-02-06 05,5,14379,5,0
2015-02-06 06,6,15588,5,0
2015-02-06 07,7,18163,5,0
2015-02-06 08,8,20571,5,0
2015-02-06 09,9,21575,5,0
2015-02-06 10,10,21756,5,0
2015-02-06 11,11,21385,5,0
2015-02-06 12,12,20513,5,0
2015-02-06 13,13,20509,5,0
2015-02-06 14,14,20366,5,0
2015-02-06 15,15,20247,5,0
2015-02-06 16,16,20412,5,0
2015-02-06 17,17,20239,5,0
2015-02-06 18,18,20547,5,0
2015-02-06 19,19,20467,5,0
2015-02-06 20,20,20376,5,0
2015-02-06 21,21,20062,5,0
2015-02-06 22,22,18911,5,0
2015-02-06 23,23,17268,5,0
2015-02-07 00,0,15670,6,1
2015-02-07 01,1,14560,6,1
2015-02-07 02,2,13911,6,1
2015-02-07 03,3,13459,6,1
2015-02-07 04,4,13429,6,1
2015-02-07 05,5,13893,6,1
2015-02-07 06,6,14320,6,1
2015-02-07 07,7,15896,6,1
2015-02-07 08,8,17661,6,1
2015-02-07 09,9,18544,6,1
2015-02-07 10,10,18689,6,1
2015-02-07 11,11,18403,6,1
2015-02-07 12,12,17967,6,1
2015-02-07 13,13,17975,6,1
2015-02-07 14,14,17909,6,1
2015-02-07 15,15,18308,6,1
2015-02-07 16,16,18896,6,1
2015-02-07 17,17,19618,6,1
2015-02-07 18,18,19713,6,1
2015-02-07 19,19,19796,6,1
2015-02-07 20,20,19728,6,1
2015-02-07 21,21,19248,6,1
2015-02-07 22,22,18299,6,1
2015-02-07 23,23,16560,6,1
2015-02-08 00,0,14796,7,1
2015-02-08 01,1,13933,7,1
2015-02-08 02,2,13274,7,1
2015-02-08 03,3,12959,7,1
2015-02-08 04,4,13016,7,1
2015-02-08 05,5,13480,7,1
2015-02-08 06,6,13737,7,1
2015-02-08 07,7,15019,7,1
2015-02-08 08,8,16505,7,1
2015-02-08 09,9,17589,7,1
2015-02-08 10,10,17727,7,1
2015-02-08 11,11,17731,7,1
2015-02-08 12,12,17596,7,1
2015-02-08 13,13,17688,7,1
2015-02-08 14,14,17515,7,1
2015-02-08 15,15,17823,7,1
2015-02-08 16,16,18376,7,1
2015-02-08 17,17,18646,7,1
2015-02-08 18,18,19036,7,1
2015-02-08 19,19,19407,7,1
2015-02-08 20,20,19384,7,1
2015-02-08 21,21,19054,7,1
2015-02-08 22,22,17863,7,1
2015-02-08 23,23,16442,7,1
2015-02-09 00,0,14747,1,0
2015-02-09 01,1,13896,1,0
2015-02-09 02,2,13338,1,0
2015-02-09 03,3,13009,1,0
2015-02-09 04,4,13116,1,0
2015-02-09 05,5,13676,1,0
2015-02-09 06,6,14833,1,0
2015-02-09 07,7,17282,1,0
2015-02-09 08,8,20151,1,0
2015-02-09 09,9,21259,1,0
2015-02-09 10,10,21496,1,0
2015-02-09 11,11,21047,1,0
2015-02-09 12,12,20459,1,0
2015-02-09 13,13,20487,1,0
2015-02-09 14,14,20328,1,0
2015-02-09 15,15,20247,1,0
2015-02-09 16,16,20135,1,0
2015-02-09 17,17,20041,1,0
2015-02-09 18,18,20315,1,0
2015-02-09 19,19,20307,1,0
2015-02-09 20,20,20226,1,0
2015-02-09 21,21,20035,1,0
2015-02-09 22,22,19033,1,0
2015-02-09 23,23,17363,1,0
2015-02-10 00,0,15527,2,0
2015-02-10 01,1,14630,2,0
2015-02-10 02,2,14023,2,0
2015-02-10 03,3,13613,2,0
2015-02-10 04,4,13694,2,0
2015-02-10 05,5,14296,2,0
2015-02-10 06,6,15542,2,0
2015-02-10 07,7,17936,2,0
2015-02-10 08,8,20435,2,0
2015-02-10 09,9,21262,2,0
2015-02-10 10,10,21418,2,0
2015-02-10 11,11,21058,2,0
2015-02-10 12,12,20625,2,0
2015-02-10 13,13,20598,2,0
2015-02-10 14,14,20300,2,0
2015-02-10 15,15,20325,2,0
2015-02-10 16,16,20360,2,0
2015-02-10 17,17,20348,2,0
2015-02-10 18,18,20510,2,0
2015-02-10 19,19,20568,2,0
2015-02-10 20,20,20531,2,0
2015-02-10 21,21,20250,2,0
2015-02-10 22,22,18883,2,0
2015-02-10 23,23,17172,2,0
2015-02-11 00,0,15157,3,0
2015-02-11 01,1,13998,3,0
2015-02-11 02,2,13380,3,0
2015-02-11 03,3,13101,3,0
2015-02-11 04,4,13053,3,0
2015-02-11 05,5,13741,3,0
2015-02-11 06,6,15017,3,0
2015-02-11 07,7,17738,3,0
2015-02-11 08,8,20117,3,0
2015-02-11 09,9,20762,3,0
2015-02-11 10,10,20858,3,0
2015-02-11 11,11,20542,3,0
2015-02-11 12,12,19778,3,0
2015-02-11 13,13,19635,3,0
2015-02-11 14,14,19481,3,0
2015-02-11 15,15,19436,3,0
2015-02-11 16,16,19457,3,0
2015-02-11 17,17,19497,3,0
2015-02-11 18,18,19606,3,0
2015-02-11 19,19,19687,3,0
2015-02-11 20,20,19623,3,0
2015-02-11 21,21,19396,3,0
2015-02-11 22,22,18348,3,0
2015-02-11 23,23,16956,3,0
2015-02-12 00,0,15156,4,0
2015-02-12 01,1,13305,4,0
2015-02-12 02,2,12642,4,0
2015-02-12 03,3,12282,4,0
2015-02-12 04,4,12428,4,0
2015-02-12 05,5,13069,4,0
2015-02-12 06,6,14177,4,0
2015-02-12 07,7,15931,4,0
2015-02-12 08,8,17803,4,0
2015-02-12 09,9,18313,4,0
2015-02-12 10,10,18351,4,0
2015-02-12 11,11,17987,4,0
2015-02-12 12,12,17427,4,0
2015-02-12 13,13,17326,4,0
2015-02-12 14,14,17110,4,0
2015-02-12 15,15,16919,4,0
2015-02-12 16,16,16934,4,0
2015-02-12 17,17,17346,4,0
2015-02-12 18,18,17606,4,0
2015-02-12 19,19,17773,4,0
2015-02-12 20,20,17808,4,0
2015-02-12 21,21,17587,4,0
2015-02-12 22,22,16367,4,0
2015-02-12 23,23,15120,4,0
2015-02-13 00,0,13642,5,0
2015-02-13 01,1,12899,5,0
2015-02-13 02,2,12268,5,0
2015-02-13 03,3,11985,5,0
2015-02-13 04,4,12085,5,0
2015-02-13 05,5,12532,5,0
2015-02-13 06,6,13449,5,0
2015-02-13 07,7,15474,5,0
2015-02-13 08,8,17195,5,0
2015-02-13 09,9,17649,5,0
2015-02-13 10,10,17677,5,0
2015-02-13 11,11,17206,5,0
2015-02-13 12,12,16663,5,0
2015-02-13 13,13,16469,5,0
2015-02-13 14,14,16061,5,0
2015-02-13 15,15,15959,5,0
2015-02-13 16,16,16104,5,0
2015-02-13 17,17,16358,5,0
2015-02-13 18,18,16468,5,0
2015-02-13 19,19,16470,5,0
2015-02-13 20,20,16473,5,0
2015-02-13 21,21,16317,5,0
2015-02-13 22,22,15547,5,0
2015-02-13 23,23,14312,5,0
2015-02-14 00,0,13040,6,1
2015-02-14 01,1,12300,6,1
2015-02-14 02,2,11864,6,1
2015-02-14 03,3,11434,6,1
2015-02-14 04,4,11391,6,1
2015-02-14 05,5,11845,6,1
2015-02-14 06,6,12808,6,1
2015-02-14 07,7,13807,6,1
2015-02-14 08,8,15213,6,1
2015-02-14 09,9,15809,6,1
2015-02-14 10,10,15823,6,1
2015-02-14 11,11,15602,6,1
2015-02-14 12,12,15144,6,1
2015-02-14 13,13,14833,6,1
2015-02-14 14,14,14620,6,1
2015-02-14 15,15,14672,6,1
2015-02-14 16,16,14838,6,1
2015-02-14 17,17,15277,6,1
2015-02-14 18,18,15868,6,1
2015-02-14 19,19,15965,6,1
2015-02-14 20,20,15953,6,1
2015-02-14 21,21,15738,6,1
2015-02-14 22,22,14686,6,1
2015-02-14 23,23,13617,6,1
2015-02-15 00,0,12305,7,0
2015-02-15 01,1,11491,7,0
2015-02-15 02,2,10965,7,0
2015-02-15 03,3,10640,7,0
2015-02-15 04,4,10864,7,0
2015-02-15 05,5,11434,7,0
2015-02-15 06,6,12563,7,0
2015-02-15 07,7,13720,7,0
2015-02-15 08,8,15022,7,0
2015-02-15 09,9,15613,7,0
2015-02-15 10,10,15627,7,0
2015-02-15 11,11,15355,7,0
2015-02-15 12,12,14823,7,0
2015-02-15 13,13,14540,7,0
2015-02-15 14,14,14430,7,0
2015-02-15 15,15,14394,7,0
2015-02-15 16,16,14391,7,0
2015-02-15 17,17,14680,7,0
2015-02-15 18,18,14812,7,0
2015-02-15 19,19,14911,7,0
2015-02-15 20,20,14891,7,0
2015-02-15 21,21,14702,7,0
2015-02-15 22,22,14181,7,0
2015-02-15 23,23,13224,7,0
2015-02-16 00,0,11728,1,0
2015-02-16 01,1,10771,1,0
2015-02-16 02,2,10274,1,0
2015-02-16 03,3,10005,1,0
2015-02-16 04,4,10026,1,0
2015-02-16 05,5,10470,1,0
2015-02-16 06,6,11106,1,0
2015-02-16 07,7,12738,1,0
2015-02-16 08,8,13692,1,0
2015-02-16 09,9,14053,1,0
2015-02-16 10,10,14122,1,0
2015-02-16 11,11,13997,1,0
2015-02-16 12,12,13911,1,0
2015-02-16 13,13,13705,1,0
2015-02-16 14,14,13279,1,0
2015-02-16 15,15,13186,1,0
2015-02-16 16,16,13193,1,0
2015-02-16 17,17,13593,1,0
2015-02-16 18,18,13716,1,0
2015-02-16 19,19,13777,1,0
2015-02-16 20,20,13789,1,0
2015-02-16 21,21,13675,1,0
2015-02-16 22,22,13076,1,0
2015-02-16 23,23,11971,1,0
2015-02-17 00,0,10788,2,0
2015-02-17 01,1,10159,2,0
2015-02-17 02,2,9861,2,0
2015-02-17 03,3,9747,2,0
2015-02-17 04,4,9902,2,0
2015-02-17 05,5,10252,2,0
2015-02-17 06,6,10868,2,0
2015-02-17 07,7,11847,2,0
2015-02-17 08,8,12615,2,0
2015-02-17 09,9,13071,2,0
2015-02-17 10,10,13121,2,0
2015-02-17 11,11,12935,2,0
2015-02-17 12,12,12534,2,0
2015-02-17 13,13,12268,2,0
2015-02-17 14,14,12018,2,0
2015-02-17 15,15,12139,2,0
2015-02-17 16,16,12493,2,0
2015-02-17 17,17,12615,2,0
2015-02-17 18,18,12587,2,0
2015-02-17 19,19,12718,2,0
2015-02-17 20,20,12651,2,0
2015-02-17 21,21,12443,2,0
2015-02-17 22,22,12151,2,0
2015-02-17 23,23,11371,2,0
2015-02-18 00,0,10273,3,-1
2015-02-18 01,1,9757,3,-1
2015-02-18 02,2,9405,3,-1
2015-02-18 03,3,9221,3,-1
2015-02-18 04,4,9319,3,-1
2015-02-18 05,5,9718,3,-1
2015-02-18 06,6,10271,3,-1
2015-02-18 07,7,11076,3,-1
2015-02-18 08,8,11765,3,-1
2015-02-18 09,9,11923,3,-1
2015-02-18 10,10,11927,3,-1
2015-02-18 11,11,11791,3,-1
2015-02-18 12,12,11464,3,-1
2015-02-18 13,13,11071,3,-1
2015-02-18 14,14,10907,3,-1
2015-02-18 15,15,10886,3,-1
2015-02-18 16,16,11232,3,-1
2015-02-18 17,17,12024,3,-1
2015-02-18 18,18,12366,3,-1
2015-02-18 19,19,12390,3,-1
2015-02-18 20,20,12391,3,-1
2015-02-18 21,21,12327,3,-1
2015-02-18 22,22,11958,3,-1
2015-02-18 23,23,11418,3,-1
2015-02-19 00,0,10353,4,-1
2015-02-19 01,1,9596,4,-1
2015-02-19 02,2,8865,4,-1
2015-02-19 03,3,8564,4,-1
2015-02-19 04,4,8585,4,-1
2015-02-19 05,5,8586,4,-1
2015-02-19 06,6,8670,4,-1
2015-02-19 07,7,9381,4,-1
2015-02-19 08,8,9968,4,-1
2015-02-19 09,9,10138,4,-1
2015-02-19 10,10,10140,4,-1
2015-02-19 11,11,9997,4,-1
2015-02-19 12,12,9809,4,-1
2015-02-19 13,13,9716,4,-1
2015-02-19 14,14,9517,4,-1
2015-02-19 15,15,9489,4,-1
2015-02-19 16,16,9937,4,-1
2015-02-19 17,17,10643,4,-1
2015-02-19 18,18,10800,4,-1
2015-02-19 19,19,10818,4,-1
2015-02-19 20,20,10753,4,-1
2015-02-19 21,21,10577,4,-1
2015-02-19 22,22,10154,4,-1
2015-02-19 23,23,9765,4,-1
2015-02-20 00,0,9673,5,-1
2015-02-20 01,1,9263,5,-1
2015-02-20 02,2,8874,5,-1
2015-02-20 03,3,8695,5,-1
2015-02-20 04,4,8885,5,-1
2015-02-20 05,5,8924,5,-1
2015-02-20 06,6,9323,5,-1
2015-02-20 07,7,9828,5,-1
2015-02-20 08,8,10393,5,-1
2015-02-20 09,9,10730,5,-1
2015-02-20 10,10,10869,5,-1
2015-02-20 11,11,10728,5,-1
2015-02-20 12,12,10385,5,-1
2015-02-20 13,13,10306,5,-1
2015-02-20 14,14,10124,5,-1
2015-02-20 15,15,10023,5,-1
2015-02-20 16,16,10102,5,-1
2015-02-20 17,17,10530,5,-1
2015-02-20 18,18,10859,5,-1
2015-02-20 19,19,11271,5,-1
2015-02-20 20,20,11304,5,-1
2015-02-20 21,21,11284,5,-1
2015-02-20 22,22,11059,5,-1
2015-02-20 23,23,10539,5,-1
2015-02-21 00,0,9818,6,1
2015-02-21 01,1,9421,6,1
2015-02-21 02,2,9051,6,1
2015-02-21 03,3,8981,6,1
2015-02-21 04,4,8996,6,1
2015-02-21 05,5,9190,6,1
2015-02-21 06,6,9249,6,1
2015-02-21 07,7,9847,6,1
2015-02-21 08,8,10217,6,1
2015-02-21 09,9,10737,6,1
2015-02-21 10,10,10984,6,1
2015-02-21 11,11,10969,6,1
2015-02-21 12,12,10918,6,1
2015-02-21 13,13,10715,6,1
2015-02-21 14,14,10619,6,1
2015-02-21 15,15,10631,6,1
2015-02-21 16,16,11046,6,1
2015-02-21 17,17,11526,6,1
2015-02-21 18,18,11677,6,1
2015-02-21 19,19,11682,6,1
2015-02-21 20,20,11637,6,1
2015-02-21 21,21,11443,6,1
2015-02-21 22,22,11143,6,1
2015-02-21 23,23,10462,6,1
2015-02-22 00,0,9891,7,1
2015-02-22 01,1,9386,7,1
2015-02-22 02,2,9164,7,1
2015-02-22 03,3,9033,7,1
2015-02-22 04,4,9063,7,1
2015-02-22 05,5,9452,7,1
2015-02-22 06,6,9643,7,1
2015-02-22 07,7,10070,7,1
2015-02-22 08,8,10816,7,1
2015-02-22 09,9,11120,7,1
2015-02-22 10,10,11198,7,1
2015-02-22 11,11,11100,7,1
2015-02-22 12,12,10923,7,1
2015-02-22 13,13,10752,7,1
2015-02-22 14,14,10684,7,1
2015-02-22 15,15,10684,7,1
2015-02-22 16,16,11019,7,1
2015-02-22 17,17,11597,7,1
2015-02-22 18,18,11933,7,1
2015-02-22 19,19,12032,7,1
2015-02-22 20,20,12032,7,1
2015-02-22 21,21,11896,7,1
2015-02-22 22,22,11445,7,1
2015-02-22 23,23,11005,7,1
2015-02-23 00,0,10622,1,1
2015-02-23 01,1,10095,1,1
2015-02-23 02,2,9679,1,1
2015-02-23 03,3,9474,1,1
2015-02-23 04,4,9625,1,1
2015-02-23 05,5,9975,1,1
2015-02-23 06,6,9982,1,1
2015-02-23 07,7,10628,1,1
2015-02-23 08,8,10838,1,1
2015-02-23 09,9,11329,1,1
2015-02-23 10,10,11582,1,1
2015-02-23 11,11,11594,1,1
2015-02-23 12,12,11479,1,1
2015-02-23 13,13,11266,1,1
2015-02-23 14,14,11261,1,1
2015-02-23 15,15,11608,1,1
2015-02-23 16,16,12022,1,1
2015-02-23 17,17,12619,1,1
2015-02-23 18,18,12818,1,1
2015-02-23 19,19,12911,1,1
2015-02-23 20,20,12913,1,1
2015-02-23 21,21,12761,1,1
2015-02-23 22,22,12226,1,1
2015-02-23 23,23,11445,1,1
2015-02-24 00,0,10844,2,1
2015-02-24 01,1,10310,2,1
2015-02-24 02,2,9987,2,1
2015-02-24 03,3,9870,2,1
2015-02-24 04,4,9810,2,1
2015-02-24 05,5,10024,2,1
2015-02-24 06,6,10157,2,1
2015-02-24 07,7,11031,2,1
2015-02-24 08,8,11938,2,1
2015-02-24 09,9,12491,2,1
2015-02-24 10,10,12877,2,1
2015-02-24 11,11,12929,2,1
2015-02-24 12,12,12824,2,1
2015-02-24 13,13,12732,2,1
2015-02-24 14,14,12883,2,1
2015-02-24 15,15,12919,2,1
2015-02-24 16,16,13447,2,1
2015-02-24 17,17,13682,2,1
2015-02-24 18,18,13844,2,1
2015-02-24 19,19,13848,2,1
2015-02-24 20,20,13710,2,1
2015-02-24 21,21,13535,2,1
2015-02-24 22,22,13060,2,1
2015-02-24 23,23,12229,2,1
2015-02-25 00,0,11240,3,0
2015-02-25 01,1,10700,3,0
2015-02-25 02,2,10325,3,0
2015-02-25 03,3,10186,3,0
2015-02-25 04,4,10275,3,0
2015-02-25 05,5,10560,3,0
2015-02-25 06,6,11336,3,0
2015-02-25 07,7,12735,3,0
2015-02-25 08,8,14861,3,0
2015-02-25 09,9,15793,3,0
2015-02-25 10,10,16156,3,0
2015-02-25 11,11,16125,3,0
2015-02-25 12,12,15800,3,0
2015-02-25 13,13,15816,3,0
2015-02-25 14,14,15661,3,0
2015-02-25 15,15,15839,3,0
2015-02-25 16,16,15890,3,0
2015-02-25 17,17,15708,3,0
2015-02-25 18,18,15694,3,0
2015-02-25 19,19,15683,3,0
2015-02-25 20,20,15572,3,0
2015-02-25 21,21,15118,3,0
2015-02-25 22,22,14191,3,0
2015-02-25 23,23,12525,3,0
2015-02-26 00,0,11818,4,0
2015-02-26 01,1,11377,4,0
2015-02-26 02,2,11001,4,0
2015-02-26 03,3,10842,4,0
2015-02-26 04,4,10896,4,0
2015-02-26 05,5,11419,4,0
2015-02-26 06,6,12226,4,0
2015-02-26 07,7,13838,4,0
2015-02-26 08,8,15765,4,0
2015-02-26 09,9,16910,4,0
2015-02-26 10,10,17046,4,0
2015-02-26 11,11,16892,4,0
2015-02-26 12,12,16766,4,0
2015-02-26 13,13,16666,4,0
2015-02-26 14,14,16601,4,0
2015-02-26 15,15,16640,4,0
2015-02-26 16,16,16684,4,0
2015-02-26 17,17,16472,4,0
2015-02-26 18,18,16469,4,0
2015-02-26 19,19,16468,4,0
2015-02-26 20,20,16381,4,0
2015-02-26 21,21,16144,4,0
2015-02-26 22,22,15390,4,0
2015-02-26 23,23,14172,4,0
2015-02-27 00,0,12730,5,0
2015-02-27 01,1,11832,5,0
2015-02-27 02,2,11448,5,0
2015-02-27 03,3,11333,5,0
2015-02-27 04,4,11387,5,0
2015-02-27 05,5,11713,5,0
2015-02-27 06,6,12468,5,0
2015-02-27 07,7,14860,5,0
2015-02-27 08,8,16849,5,0
2015-02-27 09,9,17694,5,0
2015-02-27 10,10,18008,5,0
2015-02-27 11,11,17956,5,0
2015-02-27 12,12,17706,5,0
2015-02-27 13,13,17629,5,0
2015-02-27 14,14,17517,5,0
2015-02-27 15,15,17681,5,0
2015-02-27 16,16,17764,5,0
2015-02-27 17,17,17562,5,0
2015-02-27 18,18,17594,5,0
2015-02-27 19,19,17537,5,0
2015-02-27 20,20,17382,5,0
2015-02-27 21,21,17017,5,0
2015-02-27 22,22,16243,5,0
2015-02-27 23,23,14866,5,0
2015-02-28 00,0,13652,6,0
2015-02-28 01,1,12651,6,0
2015-02-28 02,2,12233,6,0
2015-02-28 03,3,12015,6,0
2015-02-28 04,4,12121,6,0
2015-02-28 05,5,12412,6,0
2015-02-28 06,6,13203,6,0
2015-02-28 07,7,15527,6,0
2015-02-28 08,8,17662,6,0
2015-02-28 09,9,18439,6,0
2015-02-28 10,10,18766,6,0
2015-02-28 11,11,18656,6,0
2015-02-28 12,12,18506,6,0
2015-02-28 13,13,18536,6,0
2015-02-28 14,14,18434,6,0
2015-02-28 15,15,18409,6,0
2015-02-28 16,16,18402,6,0
2015-02-28 17,17,18149,6,0
2015-02-28 18,18,18118,6,0
2015-02-28 19,19,18168,6,0
2015-02-28 20,20,18126,6,0
2015-02-28 21,21,17827,6,0
2015-02-28 22,22,16880,6,0
2015-02-28 23,23,15399,6,0
2015-03-01 00,0,14272,7,1
2015-03-01 01,1,12846,7,1
2015-03-01 02,2,12227,7,1
2015-03-01 03,3,12003,7,1
2015-03-01 04,4,12168,7,1
2015-03-01 05,5,12463,7,1
2015-03-01 06,6,13093,7,1
2015-03-01 07,7,14613,7,1
2015-03-01 08,8,16001,7,1
2015-03-01 09,9,16921,7,1
2015-03-01 10,10,17167,7,1
2015-03-01 11,11,17102,7,1
2015-03-01 12,12,16619,7,1
2015-03-01 13,13,16719,7,1
2015-03-01 14,14,16711,7,1
2015-03-01 15,15,16880,7,1
2015-03-01 16,16,16929,7,1
2015-03-01 17,17,17288,7,1
2015-03-01 18,18,17645,7,1
2015-03-01 19,19,17587,7,1
2015-03-01 20,20,17518,7,1
2015-03-01 21,21,17190,7,1
2015-03-01 22,22,16256,7,1
2015-03-01 23,23,14863,7,1
2015-03-02 00,0,13389,1,0
2015-03-02 01,1,12565,1,0
2015-03-02 02,2,12156,1,0
2015-03-02 03,3,11875,1,0
2015-03-02 04,4,12102,1,0
2015-03-02 05,5,12404,1,0
2015-03-02 06,6,13597,1,0
2015-03-02 07,7,16341,1,0
2015-03-02 08,8,18609,1,0
2015-03-02 09,9,19540,1,0
2015-03-02 10,10,19789,1,0
2015-03-02 11,11,19726,1,0
2015-03-02 12,12,19555,1,0
2015-03-02 13,13,19175,1,0
2015-03-02 14,14,18728,1,0
2015-03-02 15,15,18834,1,0
2015-03-02 16,16,18838,1,0
2015-03-02 17,17,19004,1,0
2015-03-02 18,18,19063,1,0
2015-03-02 19,19,18968,1,0
2015-03-02 20,20,18896,1,0
2015-03-02 21,21,18225,1,0
2015-03-02 22,22,17104,1,0
2015-03-02 23,23,15460,1,0
2015-03-03 00,0,13792,2,0
2015-03-03 01,1,13134,2,0
2015-03-03 02,2,12623,2,0
2015-03-03 03,3,12275,2,0
2015-03-03 04,4,12559,2,0
2015-03-03 05,5,12951,2,0
2015-03-03 06,6,14154,2,0
2015-03-03 07,7,16404,2,0
2015-03-03 08,8,18441,2,0
2015-03-03 09,9,19440,2,0
2015-03-03 10,10,19689,2,0
2015-03-03 11,11,19629,2,0
2015-03-03 12,12,19281,2,0
2015-03-03 13,13,19380,2,0
2015-03-03 14,14,19447,2,0
2015-03-03 15,15,19596,2,0
2015-03-03 16,16,19606,2,0
2015-03-03 17,17,19449,2,0
2015-03-03 18,18,19361,2,0
2015-03-03 19,19,19267,2,0
2015-03-03 20,20,19197,2,0
2015-03-03 21,21,18781,2,0
2015-03-03 22,22,17671,2,0
2015-03-03 23,23,15659,2,0
2015-03-04 00,0,14105,3,0
2015-03-04 01,1,13261,3,0
2015-03-04 02,2,12779,3,0
2015-03-04 03,3,12579,3,0
2015-03-04 04,4,12807,3,0
2015-03-04 05,5,13438,3,0
2015-03-04 06,6,14511,3,0
2015-03-04 07,7,16663,3,0
2015-03-04 08,8,19093,3,0
2015-03-04 09,9,19689,3,0
2015-03-04 10,10,19933,3,0
2015-03-04 11,11,19381,3,0
2015-03-04 12,12,18993,3,0
2015-03-04 13,13,18981,3,0
2015-03-04 14,14,18793,3,0
2015-03-04 15,15,18770,3,0
2015-03-04 16,16,18678,3,0
2015-03-04 17,17,18645,3,0
2015-03-04 18,18,18860,3,0
2015-03-04 19,19,18862,3,0
2015-03-04 20,20,18818,3,0
2015-03-04 21,21,18474,3,0
2015-03-04 22,22,17334,3,0
2015-03-04 23,23,15941,3,0
2015-03-05 00,0,14610,4,0
2015-03-05 01,1,13751,4,0
2015-03-05 02,2,13136,4,0
2015-03-05 03,3,12889,4,0
2015-03-05 04,4,13165,4,0
2015-03-05 05,5,13727,4,0
2015-03-05 06,6,14845,4,0
2015-03-05 07,7,17013,4,0
2015-03-05 08,8,19315,4,0
2015-03-05 09,9,20365,4,0
2015-03-05 10,10,20509,4,0
2015-03-05 11,11,19962,4,0
2015-03-05 12,12,19571,4,0
2015-03-05 13,13,19559,4,0
2015-03-05 14,14,19373,4,0
2015-03-05 15,15,19349,4,0
2015-03-05 16,16,19261,4,0
2015-03-05 17,17,19215,4,0
2015-03-05 18,18,19441,4,0
2015-03-05 19,19,19442,4,0
2015-03-05 20,20,19395,4,0
2015-03-05 21,21,19063,4,0
2015-03-05 22,22,17903,4,0
2015-03-05 23,23,16509,4,0
2015-03-06 00,0,14824,5,0
2015-03-06 01,1,13944,5,0
2015-03-06 02,2,13398,5,0
2015-03-06 03,3,13171,5,0
2015-03-06 04,4,13177,5,0
2015-03-06 05,5,13894,5,0
2015-03-06 06,6,14961,5,0
2015-03-06 07,7,16965,5,0
2015-03-06 08,8,19652,5,0
2015-03-06 09,9,20228,5,0
2015-03-06 10,10,20483,5,0
2015-03-06 11,11,20192,5,0
2015-03-06 12,12,19720,5,0
2015-03-06 13,13,19846,5,0
2015-03-06 14,14,19640,5,0
2015-03-06 15,15,19606,5,0
2015-03-06 16,16,19677,5,0
2015-03-06 17,17,19243,5,0
2015-03-06 18,18,19479,5,0
2015-03-06 19,19,19382,5,0
2015-03-06 20,20,19397,5,0
2015-03-06 21,21,18987,5,0
2015-03-06 22,22,18010,5,0
2015-03-06 23,23,16666,5,0
2015-03-07 00,0,15234,6,1
2015-03-07 01,1,14070,6,1
2015-03-07 02,2,13415,6,1
2015-03-07 03,3,13129,6,1
2015-03-07 04,4,13121,6,1
2015-03-07 05,5,13323,6,1
2015-03-07 06,6,13889,6,1
2015-03-07 07,7,15468,6,1
2015-03-07 08,8,17004,6,1
2015-03-07 09,9,17726,6,1
2015-03-07 10,10,17944,6,1
2015-03-07 11,11,17734,6,1
2015-03-07 12,12,16857,6,1
2015-03-07 13,13,16887,6,1
2015-03-07 14,14,16592,6,1
2015-03-07 15,15,16604,6,1
2015-03-07 16,16,16852,6,1
2015-03-07 17,17,17577,6,1
2015-03-07 18,18,17907,6,1
2015-03-07 19,19,18065,6,1
2015-03-07 20,20,18062,6,1
2015-03-07 21,21,17893,6,1
2015-03-07 22,22,17246,6,1
2015-03-07 23,23,15987,6,1
2015-03-08 00,0,14480,7,1
2015-03-08 01,1,13519,7,1
2015-03-08 02,2,12807,7,1
2015-03-08 03,3,12614,7,1
2015-03-08 04,4,12459,7,1
2015-03-08 05,5,12812,7,1
2015-03-08 06,6,13048,7,1
2015-03-08 07,7,14388,7,1
2015-03-08 08,8,15743,7,1
2015-03-08 09,9,16478,7,1
2015-03-08 10,10,16797,7,1
2015-03-08 11,11,16747,7,1
2015-03-08 12,12,16560,7,1
2015-03-08 13,13,16512,7,1
2015-03-08 14,14,16327,7,1
2015-03-08 15,15,16445,7,1
2015-03-08 16,16,16624,7,1
2015-03-08 17,17,17279,7,1
2015-03-08 18,18,17693,7,1
2015-03-08 19,19,17673,7,1
2015-03-08 20,20,17699,7,1
2015-03-08 21,21,17510,7,1
2015-03-08 22,22,16363,7,1
2015-03-08 23,23,15077,7,1
2015-03-09 00,0,13550,1,0
2015-03-09 01,1,12823,1,0
2015-03-09 02,2,12310,1,0
2015-03-09 03,3,12228,1,0
2015-03-09 04,4,12325,1,0
2015-03-09 05,5,13058,1,0
2015-03-09 06,6,14337,1,0
2015-03-09 07,7,16565,1,0
2015-03-09 08,8,18977,1,0
2015-03-09 09,9,20074,1,0
2015-03-09 10,10,20363,1,0
2015-03-09 11,11,19884,1,0
2015-03-09 12,12,18998,1,0
2015-03-09 13,13,19153,1,0
2015-03-09 14,14,19029,1,0
2015-03-09 15,15,18964,1,0
2015-03-09 16,16,18975,1,0
2015-03-09 17,17,19102,1,0
2015-03-09 18,18,19311,1,0
2015-03-09 19,19,19387,1,0
2015-03-09 20,20,19256,1,0
2015-03-09 21,21,19059,1,0
2015-03-09 22,22,17894,1,0
2015-03-09 23,23,16191,1,0
2015-03-10 00,0,14815,2,0
2015-03-10 01,1,13947,2,0
2015-03-10 02,2,13403,2,0
2015-03-10 03,3,13070,2,0
2015-03-10 04,4,13199,2,0
2015-03-10 05,5,13713,2,0
2015-03-10 06,6,14803,2,0
2015-03-10 07,7,17219,2,0
2015-03-10 08,8,19356,2,0
2015-03-10 09,9,20423,2,0
2015-03-10 10,10,20661,2,0
2015-03-10 11,11,20541,2,0
2015-03-10 12,12,19900,2,0
2015-03-10 13,13,19900,2,0
2015-03-10 14,14,19690,2,0
2015-03-10 15,15,19555,2,0
2015-03-10 16,16,19426,2,0
2015-03-10 17,17,19181,2,0
2015-03-10 18,18,19563,2,0
2015-03-10 19,19,19493,2,0
2015-03-10 20,20,19529,2,0
2015-03-10 21,21,19284,2,0
2015-03-10 22,22,18297,2,0
2015-03-10 23,23,16600,2,0
2015-03-11 00,0,15116,3,0
2015-03-11 01,1,14246,3,0
2015-03-11 02,2,13694,3,0
2015-03-11 03,3,13369,3,0
2015-03-11 04,4,13508,3,0
2015-03-11 05,5,14015,3,0
2015-03-11 06,6,15096,3,0
2015-03-11 07,7,17421,3,0
2015-03-11 08,8,19844,3,0
2015-03-11 09,9,20484,3,0
2015-03-11 10,10,20594,3,0
2015-03-11 11,11,20487,3,0
2015-03-11 12,12,20392,3,0
2015-03-11 13,13,20391,3,0
2015-03-11 14,14,20182,3,0
2015-03-11 15,15,20049,3,0
2015-03-11 16,16,19917,3,0
2015-03-11 17,17,19378,3,0
2015-03-11 18,18,19477,3,0
2015-03-11 19,19,19538,3,0
2015-03-11 20,20,19490,3,0
2015-03-11 21,21,19206,3,0
2015-03-11 22,22,18052,3,0
2015-03-11 23,23,16380,3,0
2015-03-12 00,0,14878,4,0
2015-03-12 01,1,13957,4,0
2015-03-12 02,2,13432,4,0
2015-03-12 03,3,13198,4,0
2015-03-12 04,4,13407,4,0
2015-03-12 05,5,14030,4,0
2015-03-12 06,6,15271,4,0
2015-03-12 07,7,17373,4,0
2015-03-12 08,8,19969,4,0
2015-03-12 09,9,20573,4,0
2015-03-12 10,10,20745,4,0
2015-03-12 11,11,20355,4,0
2015-03-12 12,12,19612,4,0
2015-03-12 13,13,19597,4,0
2015-03-12 14,14,19346,4,0
2015-03-12 15,15,19191,4,0
2015-03-12 16,16,19169,4,0
2015-03-12 17,17,19126,4,0
2015-03-12 18,18,19610,4,0
2015-03-12 19,19,19813,4,0
2015-03-12 20,20,19746,4,0
2015-03-12 21,21,19398,4,0
2015-03-12 22,22,18434,4,0
2015-03-12 23,23,16345,4,0
2015-03-13 00,0,14692,5,0
2015-03-13 01,1,13586,5,0
2015-03-13 02,2,13067,5,0
2015-03-13 03,3,12856,5,0
2015-03-13 04,4,12888,5,0
2015-03-13 05,5,13760,5,0
2015-03-13 06,6,15087,5,0
2015-03-13 07,7,16982,5,0
2015-03-13 08,8,19062,5,0
2015-03-13 09,9,19806,5,0
2015-03-13 10,10,19852,5,0
2015-03-13 11,11,19572,5,0
2015-03-13 12,12,18685,5,0
2015-03-13 13,13,18664,5,0
2015-03-13 14,14,18484,5,0
2015-03-13 15,15,18398,5,0
2015-03-13 16,16,18405,5,0
2015-03-13 17,17,18194,5,0
2015-03-13 18,18,18634,5,0
2015-03-13 19,19,18713,5,0
2015-03-13 20,20,18641,5,0
2015-03-13 21,21,18385,5,0
2015-03-13 22,22,17380,5,0
2015-03-13 23,23,15821,5,0
2015-03-14 00,0,14122,6,1
2015-03-14 01,1,13065,6,1
2015-03-14 02,2,12520,6,1
2015-03-14 03,3,12270,6,1
2015-03-14 04,4,12280,6,1
2015-03-14 05,5,12702,6,1
2015-03-14 06,6,13192,6,1
2015-03-14 07,7,14519,6,1
2015-03-14 08,8,15818,6,1
2015-03-14 09,9,16651,6,1
2015-03-14 10,10,16919,6,1
2015-03-14 11,11,16778,6,1
2015-03-14 12,12,16245,6,1
2015-03-14 13,13,16121,6,1
2015-03-14 14,14,15907,6,1
2015-03-14 15,15,15872,6,1
2015-03-14 16,16,16005,6,1
2015-03-14 17,17,16641,6,1
2015-03-14 18,18,17182,6,1
2015-03-14 19,19,17296,6,1
2015-03-14 20,20,17164,6,1
2015-03-14 21,21,16849,6,1
2015-03-14 22,22,16100,6,1
2015-03-14 23,23,14896,6,1
2015-03-15 00,0,13655,7,1
2015-03-15 01,1,12831,7,1
2015-03-15 02,2,12353,7,1
2015-03-15 03,3,12143,7,1
2015-03-15 04,4,12052,7,1
2015-03-15 05,5,12313,7,1
2015-03-15 06,6,12635,7,1
2015-03-15 07,7,13710,7,1
2015-03-15 08,8,14780,7,1
2015-03-15 09,9,15698,7,1
2015-03-15 10,10,16071,7,1
2015-03-15 11,11,15928,7,1
2015-03-15 12,12,15543,7,1
2015-03-15 13,13,15603,7,1
2015-03-15 14,14,15504,7,1
2015-03-15 15,15,15746,7,1
2015-03-15 16,16,16157,7,1
2015-03-15 17,17,16205,7,1
2015-03-15 18,18,16620,7,1
2015-03-15 19,19,16577,7,1
2015-03-15 20,20,16592,7,1
2015-03-15 21,21,16282,7,1
2015-03-15 22,22,15295,7,1
2015-03-15 23,23,14202,7,1
2015-03-16 00,0,12824,1,0
2015-03-16 01,1,12129,1,0
2015-03-16 02,2,11762,1,0
2015-03-16 03,3,11613,1,0
2015-03-16 04,4,11712,1,0
2015-03-16 05,5,12505,1,0
2015-03-16 06,6,13801,1,0
2015-03-16 07,7,15434,1,0
2015-03-16 08,8,17430,1,0
2015-03-16 09,9,18638,1,0
2015-03-16 10,10,18812,1,0
2015-03-16 11,11,18310,1,0
2015-03-16 12,12,17451,1,0
2015-03-16 13,13,17470,1,0
2015-03-16 14,14,17443,1,0
2015-03-16 15,15,17726,1,0
2015-03-16 16,16,17790,1,0
2015-03-16 17,17,17607,1,0
2015-03-16 18,18,17860,1,0
2015-03-16 19,19,17845,1,0
2015-03-16 20,20,17648,1,0
2015-03-16 21,21,17418,1,0
2015-03-16 22,22,16370,1,0
2015-03-16 23,23,14942,1,0
2015-03-17 00,0,13805,2,0
2015-03-17 01,1,12980,2,0
2015-03-17 02,2,12498,2,0
2015-03-17 03,3,12378,2,0
2015-03-17 04,4,12377,2,0
2015-03-17 05,5,13107,2,0
2015-03-17 06,6,14427,2,0
2015-03-17 07,7,16307,2,0
2015-03-17 08,8,17769,2,0
2015-03-17 09,9,18231,2,0
2015-03-17 10,10,18241,2,0
2015-03-17 11,11,17706,2,0
2015-03-17 12,12,17064,2,0
2015-03-17 13,13,17041,2,0
2015-03-17 14,14,16847,2,0
2015-03-17 15,15,16964,2,0
2015-03-17 16,16,17005,2,0
2015-03-17 17,17,16909,2,0
2015-03-17 18,18,17202,2,0
2015-03-17 19,19,17091,2,0
2015-03-17 20,20,16940,2,0
2015-03-17 21,21,16709,2,0
2015-03-17 22,22,15840,2,0
2015-03-17 23,23,14689,2,0
2015-03-18 00,0,13261,3,0
2015-03-18 01,1,12513,3,0
2015-03-18 02,2,12294,3,0
2015-03-18 03,3,12012,3,0
2015-03-18 04,4,12133,3,0
2015-03-18 05,5,12735,3,0
2015-03-18 06,6,13840,3,0
2015-03-18 07,7,15729,3,0
2015-03-18 08,8,17261,3,0
2015-03-18 09,9,17920,3,0
2015-03-18 10,10,18155,3,0
2015-03-18 11,11,17588,3,0
2015-03-18 12,12,16976,3,0
2015-03-18 13,13,16947,3,0
2015-03-18 14,14,16750,3,0
2015-03-18 15,15,16872,3,0
2015-03-18 16,16,16893,3,0
2015-03-18 17,17,16699,3,0
2015-03-18 18,18,17002,3,0
2015-03-18 19,19,17001,3,0
2015-03-18 20,20,16848,3,0
2015-03-18 21,21,16591,3,0
2015-03-18 22,22,15706,3,0
2015-03-18 23,23,14688,3,0
2015-03-19 00,0,13364,4,0
2015-03-19 01,1,12815,4,0
2015-03-19 02,2,12410,4,0
2015-03-19 03,3,12254,4,0
2015-03-19 04,4,12318,4,0
2015-03-19 05,5,12921,4,0
2015-03-19 06,6,14113,4,0
2015-03-19 07,7,15891,4,0
2015-03-19 08,8,17561,4,0
2015-03-19 09,9,18172,4,0
2015-03-19 10,10,18338,4,0
2015-03-19 11,11,17829,4,0
2015-03-19 12,12,17113,4,0
2015-03-19 13,13,17134,4,0
2015-03-19 14,14,17011,4,0
2015-03-19 15,15,17055,4,0
2015-03-19 16,16,17090,4,0
2015-03-19 17,17,16935,4,0
2015-03-19 18,18,17292,4,0
2015-03-19 19,19,17196,4,0
2015-03-19 20,20,16851,4,0
2015-03-19 21,21,16449,4,0
2015-03-19 22,22,15699,4,0
2015-03-19 23,23,14471,4,0
2015-03-20 00,0,13313,5,0
2015-03-20 01,1,12754,5,0
2015-03-20 02,2,12298,5,0
2015-03-20 03,3,12177,5,0
2015-03-20 04,4,12236,5,0
2015-03-20 05,5,12886,5,0
2015-03-20 06,6,13942,5,0
2015-03-20 07,7,15826,5,0
2015-03-20 08,8,17769,5,0
2015-03-20 09,9,18346,5,0
2015-03-20 10,10,18351,5,0
2015-03-20 11,11,17742,5,0
2015-03-20 12,12,16913,5,0
2015-03-20 13,13,16933,5,0
2015-03-20 14,14,16807,5,0
2015-03-20 15,15,16968,5,0
2015-03-20 16,16,17021,5,0
2015-03-20 17,17,17079,5,0
2015-03-20 18,18,17248,5,0
2015-03-20 19,19,17121,5,0
2015-03-20 20,20,16953,5,0
2015-03-20 21,21,16525,5,0
2015-03-20 22,22,15781,5,0
2015-03-20 23,23,14636,5,0
2015-03-21 00,0,13460,6,1
2015-03-21 01,1,12959,6,1
2015-03-21 02,2,12501,6,1
2015-03-21 03,3,12198,6,1
2015-03-21 04,4,12215,6,1
2015-03-21 05,5,12610,6,1
2015-03-21 06,6,13006,6,1
2015-03-21 07,7,14512,6,1
2015-03-21 08,8,15754,6,1
2015-03-21 09,9,16450,6,1
2015-03-21 10,10,16531,6,1
2015-03-21 11,11,16219,6,1
2015-03-21 12,12,15528,6,1
2015-03-21 13,13,15510,6,1
2015-03-21 14,14,15390,6,1
2015-03-21 15,15,15464,6,1
2015-03-21 16,16,15511,6,1
2015-03-21 17,17,15805,6,1
2015-03-21 18,18,16235,6,1
2015-03-21 19,19,16278,6,1
2015-03-21 20,20,16169,6,1
2015-03-21 21,21,15883,6,1
2015-03-21 22,22,15101,6,1
2015-03-21 23,23,14150,6,1
2015-03-22 00,0,12857,7,1
2015-03-22 01,1,12251,7,1
2015-03-22 02,2,11848,7,1
2015-03-22 03,3,11633,7,1
2015-03-22 04,4,11656,7,1
2015-03-22 05,5,11829,7,1
2015-03-22 06,6,12218,7,1
2015-03-22 07,7,13239,7,1
2015-03-22 08,8,14653,7,1
2015-03-22 09,9,15310,7,1
2015-03-22 10,10,15354,7,1
2015-03-22 11,11,15210,7,1
2015-03-22 12,12,14762,7,1
2015-03-22 13,13,14518,7,1
2015-03-22 14,14,14436,7,1
2015-03-22 15,15,14559,7,1
2015-03-22 16,16,14935,7,1
2015-03-22 17,17,15264,7,1
2015-03-22 18,18,15764,7,1
2015-03-22 19,19,15766,7,1
2015-03-22 20,20,15767,7,1
2015-03-22 21,21,15489,7,1
2015-03-22 22,22,14741,7,1
2015-03-22 23,23,13587,7,1
2015-03-23 00,0,12234,1,0
2015-03-23 01,1,11654,1,0
2015-03-23 02,2,11238,1,0
2015-03-23 03,3,11131,1,0
2015-03-23 04,4,11393,1,0
2015-03-23 05,5,11990,1,0
2015-03-23 06,6,13242,1,0
2015-03-23 07,7,15245,1,0
2015-03-23 08,8,17160,1,0
2015-03-23 09,9,17956,1,0
2015-03-23 10,10,18096,1,0
2015-03-23 11,11,17845,1,0
2015-03-23 12,12,17197,1,0
2015-03-23 13,13,17298,1,0
2015-03-23 14,14,17080,1,0
2015-03-23 15,15,17117,1,0
2015-03-23 16,16,17095,1,0
2015-03-23 17,17,16809,1,0
2015-03-23 18,18,17248,1,0
2015-03-23 19,19,17377,1,0
2015-03-23 20,20,17013,1,0
2015-03-23 21,21,16644,1,0
2015-03-23 22,22,15504,1,0
2015-03-23 23,23,14240,1,0
2015-03-24 00,0,13270,2,0
2015-03-24 01,1,12645,2,0
2015-03-24 02,2,12164,2,0
2015-03-24 03,3,11981,2,0
2015-03-24 04,4,12205,2,0
2015-03-24 05,5,12641,2,0
2015-03-24 06,6,13744,2,0
2015-03-24 07,7,15521,2,0
2015-03-24 08,8,17268,2,0
2015-03-24 09,9,17945,2,0
2015-03-24 10,10,18115,2,0
2015-03-24 11,11,17608,2,0
2015-03-24 12,12,17050,2,0
2015-03-24 13,13,17104,2,0
2015-03-24 14,14,16962,2,0
2015-03-24 15,15,17056,2,0
2015-03-24 16,16,17159,2,0
2015-03-24 17,17,17053,2,0
2015-03-24 18,18,17523,2,0
2015-03-24 19,19,17453,2,0
2015-03-24 20,20,17070,2,0
2015-03-24 21,21,16582,2,0
2015-03-24 22,22,15683,2,0
2015-03-24 23,23,14226,2,0
2015-03-25 00,0,13243,3,0
2015-03-25 01,1,12848,3,0
2015-03-25 02,2,12468,3,0
2015-03-25 03,3,12306,3,0
2015-03-25 04,4,12337,3,0
2015-03-25 05,5,12880,3,0
2015-03-25 06,6,13797,3,0
2015-03-25 07,7,15545,3,0
2015-03-25 08,8,17167,3,0
2015-03-25 09,9,17881,3,0
2015-03-25 10,10,17928,3,0
2015-03-25 11,11,17701,3,0
2015-03-25 12,12,17123,3,0
2015-03-25 13,13,17107,3,0
2015-03-25 14,14,16985,3,0
2015-03-25 15,15,16878,3,0
2015-03-25 16,16,16962,3,0
2015-03-25 17,17,16975,3,0
2015-03-25 18,18,17451,3,0
2015-03-25 19,19,17403,3,0
2015-03-25 20,20,17127,3,0
2015-03-25 21,21,16683,3,0
2015-03-25 22,22,15788,3,0
2015-03-25 23,23,14323,3,0
2015-03-26 00,0,13414,4,0
2015-03-26 01,1,12791,4,0
2015-03-26 02,2,12492,4,0
2015-03-26 03,3,12283,4,0
2015-03-26 04,4,12398,4,0
2015-03-26 05,5,13099,4,0
2015-03-26 06,6,14000,4,0
2015-03-26 07,7,15627,4,0
2015-03-26 08,8,17086,4,0
2015-03-26 09,9,17780,4,0
2015-03-26 10,10,17790,4,0
2015-03-26 11,11,17343,4,0
2015-03-26 12,12,16987,4,0
2015-03-26 13,13,16934,4,0
2015-03-26 14,14,16885,4,0
2015-03-26 15,15,16908,4,0
2015-03-26 16,16,17120,4,0
2015-03-26 17,17,17063,4,0
2015-03-26 18,18,17393,4,0
2015-03-26 19,19,17385,4,0
2015-03-26 20,20,17157,4,0
2015-03-26 21,21,16708,4,0
2015-03-26 22,22,15793,4,0
2015-03-26 23,23,14586,4,0
2015-03-27 00,0,13316,5,0
2015-03-27 01,1,12744,5,0
2015-03-27 02,2,12350,5,0
2015-03-27 03,3,12240,5,0
2015-03-27 04,4,12285,5,0
2015-03-27 05,5,12925,5,0
2015-03-27 06,6,13925,5,0
2015-03-27 07,7,15703,5,0
2015-03-27 08,8,17674,5,0
2015-03-27 09,9,18188,5,0
2015-03-27 10,10,18218,5,0
2015-03-27 11,11,17862,5,0
2015-03-27 12,12,17338,5,0
2015-03-27 13,13,17353,5,0
2015-03-27 14,14,17280,5,0
2015-03-27 15,15,17327,5,0
2015-03-27 16,16,17331,5,0
2015-03-27 17,17,17198,5,0
2015-03-27 18,18,17416,5,0
2015-03-27 19,19,17338,5,0
2015-03-27 20,20,17136,5,0
2015-03-27 21,21,16823,5,0
2015-03-27 22,22,15987,5,0
2015-03-27 23,23,14690,5,0
2015-03-28 00,0,13557,6,1
2015-03-28 01,1,12825,6,1
2015-03-28 02,2,12382,6,1
2015-03-28 03,3,12038,6,1
2015-03-28 04,4,12105,6,1
2015-03-28 05,5,12505,6,1
2015-03-28 06,6,12883,6,1
2015-03-28 07,7,14110,6,1
2015-03-28 08,8,15468,6,1
2015-03-28 09,9,16061,6,1
2015-03-28 10,10,16228,6,1
2015-03-28 11,11,15733,6,1
2015-03-28 12,12,15309,6,1
2015-03-28 13,13,15317,6,1
2015-03-28 14,14,15099,6,1
2015-03-28 15,15,15210,6,1
2015-03-28 16,16,15311,6,1
2015-03-28 17,17,15367,6,1
2015-03-28 18,18,15997,6,1
2015-03-28 19,19,16053,6,1
2015-03-28 20,20,15955,6,1
2015-03-28 21,21,15704,6,1
2015-03-28 22,22,14997,6,1
2015-03-28 23,23,13914,6,1
2015-03-29 00,0,12894,7,1
2015-03-29 01,1,12151,7,1
2015-03-29 02,2,11713,7,1
2015-03-29 03,3,11639,7,1
2015-03-29 04,4,11685,7,1
2015-03-29 05,5,11845,7,1
2015-03-29 06,6,12189,7,1
2015-03-29 07,7,12993,7,1
2015-03-29 08,8,14021,7,1
2015-03-29 09,9,14689,7,1
2015-03-29 10,10,14681,7,1
2015-03-29 11,11,14419,7,1
2015-03-29 12,12,14008,7,1
2015-03-29 13,13,13996,7,1
2015-03-29 14,14,13906,7,1
2015-03-29 15,15,13991,7,1
2015-03-29 16,16,14356,7,1
2015-03-29 17,17,14449,7,1
2015-03-29 18,18,15095,7,1
2015-03-29 19,19,15199,7,1
2015-03-29 20,20,15149,7,1
2015-03-29 21,21,14830,7,1
2015-03-29 22,22,14044,7,1
2015-03-29 23,23,13025,7,1
2015-03-30 00,0,11859,1,0
2015-03-30 01,1,11388,1,0
2015-03-30 02,2,11061,1,0
2015-03-30 03,3,10974,1,0
2015-03-30 04,4,11135,1,0
2015-03-30 05,5,11883,1,0
2015-03-30 06,6,13108,1,0
2015-03-30 07,7,14912,1,0
2015-03-30 08,8,16825,1,0
2015-03-30 09,9,17547,1,0
2015-03-30 10,10,17753,1,0
2015-03-30 11,11,17325,1,0
2015-03-30 12,12,16817,1,0
2015-03-30 13,13,16910,1,0
2015-03-30 14,14,16675,1,0
2015-03-30 15,15,16832,1,0
2015-03-30 16,16,16878,1,0
2015-03-30 17,17,16688,1,0
2015-03-30 18,18,16925,1,0
2015-03-30 19,19,16890,1,0
2015-03-30 20,20,16303,1,0
2015-03-30 21,21,16054,1,0
2015-03-30 22,22,15178,1,0
2015-03-30 23,23,13922,1,0
2015-03-31 00,0,12859,2,0
2015-03-31 01,1,12292,2,0
2015-03-31 02,2,11892,2,0
2015-03-31 03,3,11856,2,0
2015-03-31 04,4,11846,2,0
2015-03-31 05,5,12545,2,0
2015-03-31 06,6,13477,2,0
2015-03-31 07,7,14792,2,0
2015-03-31 08,8,16401,2,0
2015-03-31 09,9,17046,2,0
2015-03-31 10,10,17222,2,0
2015-03-31 11,11,16764,2,0
2015-03-31 12,12,16348,2,0
2015-03-31 13,13,16373,2,0
2015-03-31 14,14,16279,2,0
2015-03-31 15,15,16412,2,0
2015-03-31 16,16,16498,2,0
2015-03-31 17,17,16483,2,0
2015-03-31 18,18,16909,2,0
2015-03-31 19,19,16890,2,0
2015-03-31 20,20,16444,2,0
2015-03-31 21,21,16062,2,0
2015-03-31 22,22,15244,2,0
2015-03-31 23,23,14136,2,0
2015-04-01 00,0,12857,3,0
2015-04-01 01,1,12391,3,0
2015-04-01 02,2,11873,3,0
2015-04-01 03,3,11768,3,0
2015-04-01 04,4,11763,3,0
2015-04-01 05,5,12457,3,0
2015-04-01 06,6,13388,3,0
2015-04-01 07,7,14825,3,0
2015-04-01 08,8,16396,3,0
2015-04-01 09,9,17015,3,0
2015-04-01 10,10,17070,3,0
2015-04-01 11,11,16581,3,0
2015-04-01 12,12,16046,3,0
2015-04-01 13,13,16049,3,0
2015-04-01 14,14,15962,3,0
2015-04-01 15,15,16109,3,0
2015-04-01 16,16,16152,3,0
2015-04-01 17,17,16225,3,0
2015-04-01 18,18,16566,3,0
2015-04-01 19,19,16566,3,0
2015-04-01 20,20,16372,3,0
2015-04-01 21,21,15939,3,0
2015-04-01 22,22,14988,3,0
2015-04-01 23,23,14020,3,0
2015-04-02 00,0,12896,4,0
2015-04-02 01,1,12238,4,0
2015-04-02 02,2,11753,4,0
2015-04-02 03,3,11604,4,0
2015-04-02 04,4,11916,4,0
2015-04-02 05,5,12511,4,0
2015-04-02 06,6,13344,4,0
2015-04-02 07,7,14856,4,0
2015-04-02 08,8,16392,4,0
2015-04-02 09,9,17015,4,0
2015-04-02 10,10,17070,4,0
2015-04-02 11,11,16580,4,0
2015-04-02 12,12,16046,4,0
2015-04-02 13,13,16048,4,0
2015-04-02 14,14,15961,4,0
2015-04-02 15,15,16110,4,0
2015-04-02 16,16,16150,4,0
2015-04-02 17,17,16241,4,0
2015-04-02 18,18,16515,4,0
2015-04-02 19,19,16517,4,0
2015-04-02 20,20,16383,4,0
2015-04-02 21,21,15952,4,0
2015-04-02 22,22,14851,4,0
2015-04-02 23,23,13918,4,0
2015-04-03 00,0,12853,5,0
2015-04-03 01,1,12298,5,0
2015-04-03 02,2,11943,5,0
2015-04-03 03,3,11734,5,0
2015-04-03 04,4,11934,5,0
2015-04-03 05,5,12538,5,0
2015-04-03 06,6,13287,5,0
2015-04-03 07,7,14832,5,0
2015-04-03 08,8,16563,5,0
2015-04-03 09,9,17249,5,0
2015-04-03 10,10,17322,5,0
2015-04-03 11,11,17013,5,0
2015-04-03 12,12,16606,5,0
2015-04-03 13,13,16710,5,0
2015-04-03 14,14,16778,5,0
2015-04-03 15,15,16826,5,0
2015-04-03 16,16,16852,5,0
2015-04-03 17,17,16209,5,0
2015-04-03 18,18,16536,5,0
2015-04-03 19,19,16377,5,0
2015-04-03 20,20,15929,5,0
2015-04-03 21,21,15529,5,0
2015-04-03 22,22,14813,5,0
2015-04-03 23,23,13740,5,0
2015-04-04 00,0,12637,6,1
2015-04-04 01,1,11638,6,1
2015-04-04 02,2,11063,6,1
2015-04-04 03,3,10763,6,1
2015-04-04 04,4,10814,6,1
2015-04-04 05,5,10816,6,1
2015-04-04 06,6,10817,6,1
2015-04-04 07,7,11331,6,1
2015-04-04 08,8,12009,6,1
2015-04-04 09,9,12499,6,1
2015-04-04 10,10,12569,6,1
2015-04-04 11,11,12533,6,1
2015-04-04 12,12,12110,6,1
2015-04-04 13,13,12033,6,1
2015-04-04 14,14,11949,6,1
2015-04-04 15,15,12044,6,1
2015-04-04 16,16,12388,6,1
2015-04-04 17,17,12862,6,1
2015-04-04 18,18,13363,6,1
2015-04-04 19,19,13402,6,1
2015-04-04 20,20,13389,6,1
2015-04-04 21,21,13068,6,1
2015-04-04 22,22,12485,6,1
2015-04-04 23,23,11657,6,1
2015-04-05 00,0,10828,7,-1
2015-04-05 01,1,10064,7,-1
2015-04-05 02,2,9592,7,-1
2015-04-05 03,3,9451,7,-1
2015-04-05 04,4,9692,7,-1
2015-04-05 05,5,9877,7,-1
2015-04-05 06,6,10424,7,-1
2015-04-05 07,7,11287,7,-1
2015-04-05 08,8,12392,7,-1
2015-04-05 09,9,12907,7,-1
2015-04-05 10,10,12953,7,-1
2015-04-05 11,11,12791,7,-1
2015-04-05 12,12,12584,7,-1
2015-04-05 13,13,12468,7,-1
2015-04-05 14,14,12454,7,-1
2015-04-05 15,15,12693,7,-1
2015-04-05 16,16,13095,7,-1
2015-04-05 17,17,13440,7,-1
2015-04-05 18,18,13772,7,-1
2015-04-05 19,19,13790,7,-1
2015-04-05 20,20,13691,7,-1
2015-04-05 21,21,13369,7,-1
2015-04-05 22,22,12637,7,-1
2015-04-05 23,23,11863,7,-1
2015-04-06 00,0,10979,1,1
2015-04-06 01,1,10472,1,1
2015-04-06 02,2,9815,1,1
2015-04-06 03,3,9536,1,1
2015-04-06 04,4,9942,1,1
2015-04-06 05,5,10254,1,1
2015-04-06 06,6,11100,1,1
2015-04-06 07,7,12811,1,1
2015-04-06 08,8,14153,1,1
2015-04-06 09,9,15204,1,1
2015-04-06 10,10,15424,1,1
2015-04-06 11,11,15201,1,1
2015-04-06 12,12,14758,1,1
2015-04-06 13,13,14774,1,1
2015-04-06 14,14,14664,1,1
2015-04-06 15,15,14828,1,1
2015-04-06 16,16,14920,1,1
2015-04-06 17,17,15020,1,1
2015-04-06 18,18,15476,1,1
2015-04-06 19,19,15515,1,1
2015-04-06 20,20,15366,1,1
2015-04-06 21,21,15008,1,1
2015-04-06 22,22,14266,1,1
2015-04-06 23,23,13256,1,1
2015-04-07 00,0,12324,2,0
2015-04-07 01,1,11208,2,0
2015-04-07 02,2,10746,2,0
2015-04-07 03,3,10562,2,0
2015-04-07 04,4,10862,2,0
2015-04-07 05,5,11395,2,0
2015-04-07 06,6,12877,2,0
2015-04-07 07,7,14694,2,0
2015-04-07 08,8,16314,2,0
2015-04-07 09,9,16898,2,0
2015-04-07 10,10,16981,2,0
2015-04-07 11,11,16608,2,0
2015-04-07 12,12,16170,2,0
2015-04-07 13,13,16249,2,0
2015-04-07 14,14,16238,2,0
2015-04-07 15,15,16482,2,0
2015-04-07 16,16,16485,2,0
2015-04-07 17,17,16284,2,0
2015-04-07 18,18,16548,2,0
2015-04-07 19,19,16492,2,0
2015-04-07 20,20,16210,2,0
2015-04-07 21,21,15940,2,0
2015-04-07 22,22,15200,2,0
2015-04-07 23,23,13895,2,0
2015-04-08 00,0,13358,3,0
2015-04-08 01,1,12878,3,0
2015-04-08 02,2,12388,3,0
2015-04-08 03,3,12278,3,0
2015-04-08 04,4,12554,3,0
2015-04-08 05,5,13172,3,0
2015-04-08 06,6,14352,3,0
2015-04-08 07,7,16179,3,0
2015-04-08 08,8,17925,3,0
2015-04-08 09,9,18656,3,0
2015-04-08 10,10,18776,3,0
2015-04-08 11,11,18298,3,0
2015-04-08 12,12,17998,3,0
2015-04-08 13,13,18149,3,0
2015-04-08 14,14,18186,3,0
2015-04-08 15,15,18292,3,0
2015-04-08 16,16,18295,3,0
2015-04-08 17,17,18095,3,0
2015-04-08 18,18,18238,3,0
2015-04-08 19,19,18213,3,0
2015-04-08 20,20,17791,3,0
2015-04-08 21,21,17304,3,0
2015-04-08 22,22,16309,3,0
2015-04-08 23,23,14991,3,0
2015-04-09 00,0,13772,4,0
2015-04-09 01,1,13085,4,0
2015-04-09 02,2,12588,4,0
2015-04-09 03,3,12402,4,0
2015-04-09 04,4,12509,4,0
2015-04-09 05,5,13268,4,0
2015-04-09 06,6,14657,4,0
2015-04-09 07,7,16357,4,0
2015-04-09 08,8,17920,4,0
2015-04-09 09,9,18541,4,0
2015-04-09 10,10,18546,4,0
2015-04-09 11,11,17910,4,0
2015-04-09 12,12,17138,4,0
2015-04-09 13,13,17150,4,0
2015-04-09 14,14,16993,4,0
2015-04-09 15,15,17156,4,0
2015-04-09 16,16,17363,4,0
2015-04-09 17,17,17241,4,0
2015-04-09 18,18,17513,4,0
2015-04-09 19,19,17352,4,0
2015-04-09 20,20,17186,4,0
2015-04-09 21,21,16802,4,0
2015-04-09 22,22,15934,4,0
2015-04-09 23,23,14849,4,0
2015-04-10 00,0,13452,5,0
2015-04-10 01,1,12574,5,0
2015-04-10 02,2,12219,5,0
2015-04-10 03,3,12086,5,0
2015-04-10 04,4,12140,5,0
2015-04-10 05,5,12775,5,0
2015-04-10 06,6,13555,5,0
2015-04-10 07,7,15100,5,0
2015-04-10 08,8,16685,5,0
2015-04-10 09,9,17371,5,0
2015-04-10 10,10,17404,5,0
2015-04-10 11,11,17016,5,0
2015-04-10 12,12,16817,5,0
2015-04-10 13,13,16967,5,0
2015-04-10 14,14,17005,5,0
2015-04-10 15,15,17108,5,0
2015-04-10 16,16,17113,5,0
2015-04-10 17,17,16912,5,0
2015-04-10 18,18,17056,5,0
2015-04-10 19,19,17029,5,0
2015-04-10 20,20,16669,5,0
2015-04-10 21,21,16214,5,0
2015-04-10 22,22,15370,5,0
2015-04-10 23,23,14368,5,0
2015-04-11 00,0,13290,6,1
2015-04-11 01,1,12532,6,1
2015-04-11 02,2,12145,6,1
2015-04-11 03,3,11975,6,1
2015-04-11 04,4,12082,6,1
2015-04-11 05,5,12320,6,1
2015-04-11 06,6,12682,6,1
2015-04-11 07,7,13822,6,1
2015-04-11 08,8,15276,6,1
2015-04-11 09,9,15868,6,1
2015-04-11 10,10,16023,6,1
2015-04-11 11,11,15663,6,1
2015-04-11 12,12,15126,6,1
2015-04-11 13,13,15195,6,1
2015-04-11 14,14,15077,6,1
2015-04-11 15,15,15120,6,1
2015-04-11 16,16,15223,6,1
2015-04-11 17,17,15229,6,1
2015-04-11 18,18,15911,6,1
2015-04-11 19,19,15907,6,1
2015-04-11 20,20,15765,6,1
2015-04-11 21,21,15538,6,1
2015-04-11 22,22,14792,6,1
2015-04-11 23,23,13721,6,1
2015-04-12 00,0,12593,7,1
2015-04-12 01,1,12192,7,1
2015-04-12 02,2,11753,7,1
2015-04-12 03,3,11412,7,1
2015-04-12 04,4,11479,7,1
2015-04-12 05,5,11821,7,1
2015-04-12 06,6,12076,7,1
2015-04-12 07,7,12887,7,1
2015-04-12 08,8,13762,7,1
2015-04-12 09,9,14465,7,1
2015-04-12 10,10,14729,7,1
2015-04-12 11,11,14582,7,1
2015-04-12 12,12,13905,7,1
2015-04-12 13,13,13976,7,1
2015-04-12 14,14,13855,7,1
2015-04-12 15,15,13941,7,1
2015-04-12 16,16,14121,7,1
2015-04-12 17,17,14237,7,1
2015-04-12 18,18,14960,7,1
2015-04-12 19,19,15116,7,1
2015-04-12 20,20,15080,7,1
2015-04-12 21,21,14798,7,1
2015-04-12 22,22,13984,7,1
2015-04-12 23,23,12758,7,1
2015-04-13 00,0,12063,1,0
2015-04-13 01,1,11411,1,0
2015-04-13 02,2,11098,1,0
2015-04-13 03,3,11026,1,0
2015-04-13 04,4,11232,1,0
2015-04-13 05,5,11796,1,0
2015-04-13 06,6,12914,1,0
2015-04-13 07,7,14842,1,0
2015-04-13 08,8,16636,1,0
2015-04-13 09,9,17240,1,0
2015-04-13 10,10,17434,1,0
2015-04-13 11,11,17033,1,0
2015-04-13 12,12,16512,1,0
2015-04-13 13,13,16606,1,0
2015-04-13 14,14,16374,1,0
2015-04-13 15,15,16521,1,0
2015-04-13 16,16,16574,1,0
2015-04-13 17,17,16378,1,0
2015-04-13 18,18,16794,1,0
2015-04-13 19,19,16762,1,0
2015-04-13 20,20,16424,1,0
2015-04-13 21,21,15965,1,0
2015-04-13 22,22,15132,1,0
2015-04-13 23,23,13904,1,0
2015-04-14 00,0,12858,2,0
2015-04-14 01,1,12259,2,0
2015-04-14 02,2,11826,2,0
2015-04-14 03,3,11647,2,0
2015-04-14 04,4,11770,2,0
2015-04-14 05,5,12179,2,0
2015-04-14 06,6,13266,2,0
2015-04-14 07,7,14801,2,0
2015-04-14 08,8,16580,2,0
2015-04-14 09,9,17328,2,0
2015-04-14 10,10,17389,2,0
2015-04-14 11,11,17149,2,0
2015-04-14 12,12,16524,2,0
2015-04-14 13,13,16523,2,0
2015-04-14 14,14,16401,2,0
2015-04-14 15,15,16275,2,0
2015-04-14 16,16,16358,2,0
2015-04-14 17,17,16348,2,0
2015-04-14 18,18,16559,2,0
2015-04-14 19,19,16446,2,0
2015-04-14 20,20,16023,2,0
2015-04-14 21,21,15581,2,0
2015-04-14 22,22,14960,2,0
2015-04-14 23,23,13890,2,0
2015-04-15 00,0,12939,3,0
2015-04-15 01,1,12347,3,0
2015-04-15 02,2,12005,3,0
2015-04-15 03,3,11839,3,0
2015-04-15 04,4,11974,3,0
2015-04-15 05,5,12382,3,0
2015-04-15 06,6,13427,3,0
2015-04-15 07,7,14900,3,0
2015-04-15 08,8,16394,3,0
2015-04-15 09,9,17017,3,0
2015-04-15 10,10,17070,3,0
2015-04-15 11,11,16844,3,0
2015-04-15 12,12,16247,3,0
2015-04-15 13,13,16384,3,0
2015-04-15 14,14,16145,3,0
2015-04-15 15,15,16380,3,0
2015-04-15 16,16,16504,3,0
2015-04-15 17,17,16334,3,0
2015-04-15 18,18,16620,3,0
2015-04-15 19,19,16623,3,0
2015-04-15 20,20,16142,3,0
2015-04-15 21,21,15787,3,0
2015-04-15 22,22,14945,3,0
2015-04-15 23,23,13894,3,0
2015-04-16 00,0,12751,4,0
2015-04-16 01,1,12106,4,0
2015-04-16 02,2,11800,4,0
2015-04-16 03,3,11573,4,0
2015-04-16 04,4,11718,4,0
2015-04-16 05,5,12231,4,0
2015-04-16 06,6,13025,4,0
2015-04-16 07,7,14594,4,0
2015-04-16 08,8,16125,4,0
2015-04-16 09,9,16669,4,0
2015-04-16 10,10,16718,4,0
2015-04-16 11,11,16331,4,0
2015-04-16 12,12,15863,4,0
2015-04-16 13,13,15920,4,0
2015-04-16 14,14,15815,4,0
2015-04-16 15,15,15931,4,0
2015-04-16 16,16,15983,4,0
2015-04-16 17,17,15794,4,0
2015-04-16 18,18,15864,4,0
2015-04-16 19,19,16223,4,0
2015-04-16 20,20,15953,4,0
2015-04-16 21,21,15638,4,0
2015-04-16 22,22,14818,4,0
2015-04-16 23,23,13694,4,0
2015-04-17 00,0,12718,5,0
2015-04-17 01,1,12150,5,0
2015-04-17 02,2,11824,5,0
2015-04-17 03,3,11613,5,0
2015-04-17 04,4,11771,5,0
2015-04-17 05,5,12407,5,0
2015-04-17 06,6,13119,5,0
2015-04-17 07,7,14801,5,0
2015-04-17 08,8,16391,5,0
2015-04-17 09,9,16859,5,0
2015-04-17 10,10,17022,5,0
2015-04-17 11,11,16623,5,0
2015-04-17 12,12,16003,5,0
2015-04-17 13,13,16252,5,0
2015-04-17 14,14,16159,5,0
2015-04-17 15,15,16162,5,0
2015-04-17 16,16,16256,5,0
2015-04-17 17,17,15904,5,0
2015-04-17 18,18,16309,5,0
2015-04-17 19,19,16294,5,0
2015-04-17 20,20,15921,5,0
2015-04-17 21,21,15497,5,0
2015-04-17 22,22,14816,5,0
2015-04-17 23,23,13730,5,0
2015-04-18 00,0,12736,6,1
2015-04-18 01,1,12120,6,1
2015-04-18 02,2,11794,6,1
2015-04-18 03,3,11399,6,1
2015-04-18 04,4,11513,6,1
2015-04-18 05,5,11933,6,1
2015-04-18 06,6,12365,6,1
2015-04-18 07,7,13779,6,1
2015-04-18 08,8,15009,6,1
2015-04-18 09,9,15655,6,1
2015-04-18 10,10,15880,6,1
2015-04-18 11,11,15574,6,1
2015-04-18 12,12,15015,6,1
2015-04-18 13,13,15186,6,1
2015-04-18 14,14,15045,6,1
2015-04-18 15,15,15064,6,1
2015-04-18 16,16,15233,6,1
2015-04-18 17,17,15039,6,1
2015-04-18 18,18,15575,6,1
2015-04-18 19,19,15672,6,1
2015-04-18 20,20,15431,6,1
2015-04-18 21,21,15214,6,1
2015-04-18 22,22,14557,6,1
2015-04-18 23,23,13311,6,1
2015-04-19 00,0,12349,7,1
2015-04-19 01,1,11714,7,1
2015-04-19 02,2,11287,7,1
2015-04-19 03,3,11236,7,1
2015-04-19 04,4,11166,7,1
2015-04-19 05,5,11405,7,1
2015-04-19 06,6,11625,7,1
2015-04-19 07,7,12688,7,1
2015-04-19 08,8,13693,7,1
2015-04-19 09,9,14357,7,1
2015-04-19 10,10,14531,7,1
2015-04-19 11,11,14314,7,1
2015-04-19 12,12,13968,7,1
2015-04-19 13,13,14035,7,1
2015-04-19 14,14,13943,7,1
2015-04-19 15,15,14024,7,1
2015-04-19 16,16,14173,7,1
2015-04-19 17,17,14367,7,1
2015-04-19 18,18,14894,7,1
2015-04-19 19,19,14921,7,1
2015-04-19 20,20,14769,7,1
2015-04-19 21,21,14447,7,1
2015-04-19 22,22,13801,7,1
2015-04-19 23,23,12553,7,1
2015-04-20 00,0,11584,1,0
2015-04-20 01,1,11059,1,0
2015-04-20 02,2,10906,1,0
2015-04-20 03,3,10790,1,0
2015-04-20 04,4,10846,1,0
2015-04-20 05,5,11516,1,0
2015-04-20 06,6,12678,1,0
2015-04-20 07,7,14653,1,0
2015-04-20 08,8,16540,1,0
2015-04-20 09,9,17122,1,0
2015-04-20 10,10,17254,1,0
2015-04-20 11,11,16909,1,0
2015-04-20 12,12,16542,1,0
2015-04-20 13,13,16699,1,0
2015-04-20 14,14,16554,1,0
2015-04-20 15,15,16519,1,0
2015-04-20 16,16,16674,1,0
2015-04-20 17,17,16314,1,0
2015-04-20 18,18,16536,1,0
2015-04-20 19,19,16326,1,0
2015-04-20 20,20,16135,1,0
2015-04-20 21,21,15710,1,0
2015-04-20 22,22,14944,1,0
2015-04-20 23,23,13765,1,0
2015-04-21 00,0,12856,2,0
2015-04-21 01,1,12158,2,0
2015-04-21 02,2,11916,2,0
2015-04-21 03,3,11574,2,0
2015-04-21 04,4,11924,2,0
2015-04-21 05,5,12386,2,0
2015-04-21 06,6,13229,2,0
2015-04-21 07,7,14733,2,0
2015-04-21 08,8,16397,2,0
2015-04-21 09,9,16894,2,0
2015-04-21 10,10,17097,2,0
2015-04-21 11,11,16614,2,0
2015-04-21 12,12,16229,2,0
2015-04-21 13,13,16352,2,0
2015-04-21 14,14,16225,2,0
2015-04-21 15,15,16488,2,0
2015-04-21 16,16,16458,2,0
2015-04-21 17,17,16006,2,0
2015-04-21 18,18,16538,2,0
2015-04-21 19,19,16538,2,0
2015-04-21 20,20,16254,2,0
2015-04-21 21,21,15879,2,0
2015-04-21 22,22,15068,2,0
2015-04-21 23,23,13693,2,0
2015-04-22 00,0,12653,3,0
2015-04-22 01,1,12223,3,0
2015-04-22 02,2,11860,3,0
2015-04-22 03,3,11651,3,0
2015-04-22 04,4,11787,3,0
2015-04-22 05,5,12382,3,0
2015-04-22 06,6,13193,3,0
2015-04-22 07,7,14738,3,0
2015-04-22 08,8,16310,3,0
2015-04-22 09,9,16896,3,0
2015-04-22 10,10,16970,3,0
2015-04-22 11,11,16713,3,0
2015-04-22 12,12,16217,3,0
2015-04-22 13,13,16349,3,0
2015-04-22 14,14,16239,3,0
2015-04-22 15,15,16341,3,0
2015-04-22 16,16,16455,3,0
2015-04-22 17,17,16295,3,0
2015-04-22 18,18,16473,3,0
2015-04-22 19,19,16484,3,0
2015-04-22 20,20,16128,3,0
2015-04-22 21,21,15726,3,0
2015-04-22 22,22,14847,3,0
2015-04-22 23,23,13598,3,0
2015-04-23 00,0,12664,4,0
2015-04-23 01,1,12265,4,0
2015-04-23 02,2,11917,4,0
2015-04-23 03,3,11738,4,0
2015-04-23 04,4,11916,4,0
2015-04-23 05,5,12619,4,0
2015-04-23 06,6,13355,4,0
2015-04-23 07,7,14831,4,0
2015-04-23 08,8,16270,4,0
2015-04-23 09,9,16781,4,0
2015-04-23 10,10,16909,4,0
2015-04-23 11,11,16637,4,0
2015-04-23 12,12,16313,4,0
2015-04-23 13,13,16345,4,0
2015-04-23 14,14,16237,4,0
2015-04-23 15,15,16440,4,0
2015-04-23 16,16,16472,4,0
2015-04-23 17,17,16394,4,0
2015-04-23 18,18,16562,4,0
2015-04-23 19,19,16542,4,0
2015-04-23 20,20,16225,4,0
2015-04-23 21,21,15825,4,0
2015-04-23 22,22,14941,4,0
2015-04-23 23,23,13671,4,0
2015-04-24 00,0,12664,5,0
2015-04-24 01,1,12282,5,0
2015-04-24 02,2,11931,5,0
2015-04-24 03,3,11704,5,0
2015-04-24 04,4,11932,5,0
2015-04-24 05,5,12815,5,0
2015-04-24 06,6,13549,5,0
2015-04-24 07,7,15052,5,0
2015-04-24 08,8,16630,5,0
2015-04-24 09,9,17139,5,0
2015-04-24 10,10,17145,5,0
2015-04-24 11,11,16869,5,0
2015-04-24 12,12,16444,5,0
2015-04-24 13,13,16547,5,0
2015-04-24 14,14,16514,5,0
2015-04-24 15,15,16554,5,0
2015-04-24 16,16,16626,5,0
2015-04-24 17,17,16441,5,0
2015-04-24 18,18,16597,5,0
2015-04-24 19,19,16596,5,0
2015-04-24 20,20,16458,5,0
2015-04-24 21,21,15989,5,0
2015-04-24 22,22,15159,5,0
2015-04-24 23,23,13978,5,0
2015-04-25 00,0,12577,6,1
2015-04-25 01,1,11953,6,1
2015-04-25 02,2,11636,6,1
2015-04-25 03,3,11456,6,1
2015-04-25 04,4,11628,6,1
2015-04-25 05,5,11884,6,1
2015-04-25 06,6,12256,6,1
2015-04-25 07,7,13317,6,1
2015-04-25 08,8,14918,6,1
2015-04-25 09,9,15577,6,1
2015-04-25 10,10,15739,6,1
2015-04-25 11,11,15436,6,1
2015-04-25 12,12,15171,6,1
2015-04-25 13,13,15217,6,1
2015-04-25 14,14,15096,6,1
2015-04-25 15,15,15266,6,1
2015-04-25 16,16,15345,6,1
2015-04-25 17,17,15135,6,1
2015-04-25 18,18,15514,6,1
2015-04-25 19,19,15597,6,1
2015-04-25 20,20,15373,6,1
2015-04-25 21,21,15068,6,1
2015-04-25 22,22,14409,6,1
2015-04-25 23,23,13288,6,1
2015-04-26 00,0,12282,7,1
2015-04-26 01,1,11620,7,1
2015-04-26 02,2,11280,7,1
2015-04-26 03,3,11081,7,1
2015-04-26 04,4,11173,7,1
2015-04-26 05,5,11454,7,1
2015-04-26 06,6,11667,7,1
2015-04-26 07,7,12801,7,1
2015-04-26 08,8,13786,7,1
2015-04-26 09,9,14507,7,1
2015-04-26 10,10,14580,7,1
2015-04-26 11,11,14440,7,1
2015-04-26 12,12,14082,7,1
2015-04-26 13,13,14107,7,1
2015-04-26 14,14,14055,7,1
2015-04-26 15,15,14472,7,1
2015-04-26 16,16,14690,7,1
2015-04-26 17,17,14729,7,1
2015-04-26 18,18,14972,7,1
2015-04-26 19,19,14978,7,1
2015-04-26 20,20,14813,7,1
2015-04-26 21,21,14479,7,1
2015-04-26 22,22,13664,7,1
2015-04-26 23,23,12598,7,1
2015-04-27 00,0,11591,1,0
2015-04-27 01,1,11151,1,0
2015-04-27 02,2,10856,1,0
2015-04-27 03,3,10768,1,0
2015-04-27 04,4,11060,1,0
2015-04-27 05,5,11484,1,0
2015-04-27 06,6,12536,1,0
2015-04-27 07,7,14378,1,0
2015-04-27 08,8,16135,1,0
2015-04-27 09,9,17139,1,0
2015-04-27 10,10,17161,1,0
2015-04-27 11,11,16704,1,0
2015-04-27 12,12,16329,1,0
2015-04-27 13,13,16603,1,0
2015-04-27 14,14,16643,1,0
2015-04-27 15,15,16449,1,0
2015-04-27 16,16,16449,1,0
2015-04-27 17,17,16449,1,0
2015-04-27 18,18,16449,1,0
2015-04-27 19,19,16410,1,0
2015-04-27 20,20,16134,1,0
2015-04-27 21,21,15691,1,0
2015-04-27 22,22,14767,1,0
2015-04-27 23,23,13696,1,0
2015-04-28 00,0,12543,2,0
2015-04-28 01,1,12145,2,0
2015-04-28 02,2,11821,2,0
2015-04-28 03,3,11677,2,0
2015-04-28 04,4,11890,2,0
2015-04-28 05,5,12349,2,0
2015-04-28 06,6,13434,2,0
2015-04-28 07,7,14959,2,0
2015-04-28 08,8,16486,2,0
2015-04-28 09,9,17487,2,0
2015-04-28 10,10,17559,2,0
2015-04-28 11,11,17207,2,0
2015-04-28 12,12,17103,2,0
2015-04-28 13,13,17211,2,0
2015-04-28 14,14,17102,2,0
2015-04-28 15,15,17238,2,0
2015-04-28 16,16,17231,2,0
2015-04-28 17,17,16943,2,0
2015-04-28 18,18,16937,2,0
2015-04-28 19,19,16967,2,0
2015-04-28 20,20,16497,2,0
2015-04-28 21,21,15997,2,0
2015-04-28 22,22,15133,2,0
2015-04-28 23,23,13715,2,0
2015-04-29 00,0,12868,3,0
2015-04-29 01,1,12334,3,0
2015-04-29 02,2,12037,3,0
2015-04-29 03,3,11691,3,0
2015-04-29 04,4,12117,3,0
2015-04-29 05,5,12802,3,0
2015-04-29 06,6,14113,3,0
2015-04-29 07,7,15649,3,0
2015-04-29 08,8,17146,3,0
2015-04-29 09,9,17659,3,0
2015-04-29 10,10,17731,3,0
2015-04-29 11,11,17407,3,0
2015-04-29 12,12,17285,3,0
2015-04-29 13,13,17394,3,0
2015-04-29 14,14,17259,3,0
2015-04-29 15,15,17418,3,0
2015-04-29 16,16,17410,3,0
2015-04-29 17,17,17134,3,0
2015-04-29 18,18,17199,3,0
2015-04-29 19,19,17158,3,0
2015-04-29 20,20,16989,3,0
2015-04-29 21,21,16688,3,0
2015-04-29 22,22,15775,3,0
2015-04-29 23,23,14234,3,0
2015-04-30 00,0,12940,4,0
2015-04-30 01,1,12144,4,0
2015-04-30 02,2,11846,4,0
2015-04-30 03,3,11646,4,0
2015-04-30 04,4,11951,4,0
2015-04-30 05,5,12603,4,0
2015-04-30 06,6,13717,4,0
2015-04-30 07,7,15644,4,0
2015-04-30 08,8,17146,4,0
2015-04-30 09,9,17655,4,0
2015-04-30 10,10,17731,4,0
2015-04-30 11,11,17414,4,0
2015-04-30 12,12,17286,4,0
2015-04-30 13,13,17394,4,0
2015-04-30 14,14,17257,4,0
2015-04-30 15,15,17416,4,0
2015-04-30 16,16,17412,4,0
2015-04-30 17,17,17133,4,0
2015-04-30 18,18,17199,4,0
2015-04-30 19,19,17144,4,0
2015-04-30 20,20,16841,4,0
2015-04-30 21,21,15978,4,0
2015-04-30 22,22,14382,4,0
2015-04-30 23,23,13050,4,0
2015-05-01 00,0,11881,5,-1
2015-05-01 01,1,11236,5,-1
2015-05-01 02,2,10879,5,-1
2015-05-01 03,3,10534,5,-1
2015-05-01 04,4,10689,5,-1
2015-05-01 05,5,10719,5,-1
2015-05-01 06,6,10611,5,-1
2015-05-01 07,7,11000,5,-1
2015-05-01 08,8,11613,5,-1
2015-05-01 09,9,12075,5,-1
2015-05-01 10,10,12447,5,-1
2015-05-01 11,11,12234,5,-1
2015-05-01 12,12,12068,5,-1
2015-05-01 13,13,11906,5,-1
2015-05-01 14,14,11877,5,-1
2015-05-01 15,15,12004,5,-1
2015-05-01 16,16,12298,5,-1
2015-05-01 17,17,12428,5,-1
2015-05-01 18,18,13035,5,-1
2015-05-01 19,19,13156,5,-1
2015-05-01 20,20,13007,5,-1
2015-05-01 21,21,12705,5,-1
2015-05-01 22,22,12145,5,-1
2015-05-01 23,23,11354,5,-1
2015-05-02 00,0,10594,6,1
2015-05-02 01,1,9942,6,1
2015-05-02 02,2,9645,6,1
2015-05-02 03,3,9475,6,1
2015-05-02 04,4,9663,6,1
2015-05-02 05,5,10083,6,1
2015-05-02 06,6,10457,6,1
2015-05-02 07,7,11368,6,1
2015-05-02 08,8,12409,6,1
2015-05-02 09,9,13106,6,1
2015-05-02 10,10,13365,6,1
2015-05-02 11,11,13471,6,1
2015-05-02 12,12,13115,6,1
2015-05-02 13,13,13184,6,1
2015-05-02 14,14,12973,6,1
2015-05-02 15,15,13356,6,1
2015-05-02 16,16,13801,6,1
2015-05-02 17,17,13845,6,1
2015-05-02 18,18,13978,6,1
2015-05-02 19,19,14040,6,1
2015-05-02 20,20,13804,6,1
2015-05-02 21,21,13466,6,1
2015-05-02 22,22,12821,6,1
2015-05-02 23,23,11839,6,1
2015-05-03 00,0,11058,7,1
2015-05-03 01,1,10641,7,1
2015-05-03 02,2,10340,7,1
2015-05-03 03,3,10106,7,1
2015-05-03 04,4,10394,7,1
2015-05-03 05,5,10562,7,1
2015-05-03 06,6,11092,7,1
2015-05-03 07,7,12407,7,1
2015-05-03 08,8,13560,7,1
2015-05-03 09,9,14304,7,1
2015-05-03 10,10,14520,7,1
2015-05-03 11,11,14370,7,1
2015-05-03 12,12,13960,7,1
2015-05-03 13,13,13962,7,1
2015-05-03 14,14,13879,7,1
2015-05-03 15,15,14084,7,1
2015-05-03 16,16,14195,7,1
2015-05-03 17,17,14201,7,1
2015-05-03 18,18,14590,7,1
2015-05-03 19,19,14720,7,1
2015-05-03 20,20,14654,7,1
2015-05-03 21,21,14357,7,1
2015-05-03 22,22,13586,7,1
2015-05-03 23,23,12521,7,1
2015-05-04 00,0,11673,1,0
2015-05-04 01,1,11196,1,0
2015-05-04 02,2,10848,1,0
2015-05-04 03,3,10698,1,0
2015-05-04 04,4,10950,1,0
2015-05-04 05,5,11398,1,0
2015-05-04 06,6,12413,1,0
2015-05-04 07,7,14382,1,0
2015-05-04 08,8,16064,1,0
2015-05-04 09,9,16836,1,0
2015-05-04 10,10,17095,1,0
2015-05-04 11,11,16671,1,0
2015-05-04 12,12,16304,1,0
2015-05-04 13,13,16524,1,0
2015-05-04 14,14,16379,1,0
2015-05-04 15,15,16539,1,0
2015-05-04 16,16,16577,1,0
2015-05-04 17,17,16467,1,0
2015-05-04 18,18,16341,1,0
2015-05-04 19,19,16393,1,0
2015-05-04 20,20,15968,1,0
2015-05-04 21,21,15455,1,0
2015-05-04 22,22,14377,1,0
2015-05-04 23,23,13207,1,0
2015-05-05 00,0,12401,2,0
2015-05-05 01,1,11894,2,0
2015-05-05 02,2,11606,2,0
2015-05-05 03,3,11494,2,0
2015-05-05 04,4,11793,2,0
2015-05-05 05,5,12182,2,0
2015-05-05 06,6,12913,2,0
2015-05-05 07,7,15132,2,0
2015-05-05 08,8,16293,2,0
2015-05-05 09,9,17050,2,0
2015-05-05 10,10,17159,2,0
2015-05-05 11,11,16887,2,0
2015-05-05 12,12,16466,2,0
2015-05-05 13,13,16499,2,0
2015-05-05 14,14,16495,2,0
2015-05-05 15,15,16670,2,0
2015-05-05 16,16,16692,2,0
2015-05-05 17,17,16412,2,0
2015-05-05 18,18,16661,2,0
2015-05-05 19,19,16741,2,0
2015-05-05 20,20,16607,2,0
2015-05-05 21,21,16099,2,0
2015-05-05 22,22,15279,2,0
2015-05-05 23,23,14023,2,0
2015-05-06 00,0,12546,3,0
2015-05-06 01,1,12141,3,0
2015-05-06 02,2,11812,3,0
2015-05-06 03,3,11568,3,0
2015-05-06 04,4,11771,3,0
2015-05-06 05,5,12303,3,0
2015-05-06 06,6,13072,3,0
2015-05-06 07,7,14727,3,0
2015-05-06 08,8,16516,3,0
2015-05-06 09,9,16997,3,0
2015-05-06 10,10,17202,3,0
2015-05-06 11,11,16847,3,0
2015-05-06 12,12,16458,3,0
2015-05-06 13,13,16635,3,0
2015-05-06 14,14,16556,3,0
2015-05-06 15,15,16726,3,0
2015-05-06 16,16,16733,3,0
2015-05-06 17,17,16392,3,0
2015-05-06 18,18,16394,3,0
2015-05-06 19,19,16395,3,0
2015-05-06 20,20,16031,3,0
2015-05-06 21,21,15563,3,0
2015-05-06 22,22,14851,3,0
2015-05-06 23,23,13821,3,0
2015-05-07 00,0,12865,4,0
2015-05-07 01,1,12268,4,0
2015-05-07 02,2,11916,4,0
2015-05-07 03,3,11673,4,0
2015-05-07 04,4,11988,4,0
2015-05-07 05,5,12277,4,0
2015-05-07 06,6,13247,4,0
2015-05-07 07,7,14772,4,0
2015-05-07 08,8,16439,4,0
2015-05-07 09,9,17126,4,0
2015-05-07 10,10,17165,4,0
2015-05-07 11,11,16841,4,0
2015-05-07 12,12,16460,4,0
2015-05-07 13,13,16551,4,0
2015-05-07 14,14,16456,4,0
2015-05-07 15,15,16630,4,0
2015-05-07 16,16,16632,4,0
2015-05-07 17,17,16299,4,0
2015-05-07 18,18,16292,4,0
2015-05-07 19,19,16294,4,0
2015-05-07 20,20,15937,4,0
2015-05-07 21,21,15489,4,0
2015-05-07 22,22,14864,4,0
2015-05-07 23,23,13802,4,0
2015-05-08 00,0,12770,5,0
2015-05-08 01,1,12352,5,0
2015-05-08 02,2,12026,5,0
2015-05-08 03,3,11801,5,0
2015-05-08 04,4,12108,5,0
2015-05-08 05,5,12479,5,0
2015-05-08 06,6,13132,5,0
2015-05-08 07,7,14899,5,0
2015-05-08 08,8,16692,5,0
2015-05-08 09,9,17330,5,0
2015-05-08 10,10,17428,5,0
2015-05-08 11,11,17162,5,0
2015-05-08 12,12,16731,5,0
2015-05-08 13,13,16968,5,0
2015-05-08 14,14,16931,5,0
2015-05-08 15,15,17044,5,0
2015-05-08 16,16,17089,5,0
2015-05-08 17,17,16803,5,0
2015-05-08 18,18,16630,5,0
2015-05-08 19,19,16672,5,0
2015-05-08 20,20,16036,5,0
2015-05-08 21,21,15658,5,0
2015-05-08 22,22,14765,5,0
2015-05-08 23,23,13929,5,0
2015-05-09 00,0,13014,6,1
2015-05-09 01,1,12366,6,1
2015-05-09 02,2,12107,6,1
2015-05-09 03,3,11829,6,1
2015-05-09 04,4,11853,6,1
2015-05-09 05,5,12235,6,1
2015-05-09 06,6,12436,6,1
2015-05-09 07,7,13853,6,1
2015-05-09 08,8,15103,6,1
2015-05-09 09,9,16044,6,1
2015-05-09 10,10,16167,6,1
2015-05-09 11,11,15829,6,1
2015-05-09 12,12,15516,6,1
2015-05-09 13,13,15615,6,1
2015-05-09 14,14,15604,6,1
2015-05-09 15,15,15667,6,1
2015-05-09 16,16,15707,6,1
2015-05-09 17,17,15478,6,1
2015-05-09 18,18,15586,6,1
2015-05-09 19,19,15642,6,1
2015-05-09 20,20,15528,6,1
2015-05-09 21,21,15119,6,1
2015-05-09 22,22,14519,6,1
2015-05-09 23,23,13614,6,1
2015-05-10 00,0,12627,7,1
2015-05-10 01,1,12015,7,1
2015-05-10 02,2,11620,7,1
2015-05-10 03,3,11301,7,1
2015-05-10 04,4,11575,7,1
2015-05-10 05,5,11834,7,1
2015-05-10 06,6,12005,7,1
2015-05-10 07,7,13032,7,1
2015-05-10 08,8,14046,7,1
2015-05-10 09,9,14655,7,1
2015-05-10 10,10,14817,7,1
2015-05-10 11,11,14629,7,1
2015-05-10 12,12,14212,7,1
2015-05-10 13,13,14240,7,1
2015-05-10 14,14,14232,7,1
2015-05-10 15,15,14401,7,1
2015-05-10 16,16,14565,7,1
2015-05-10 17,17,14595,7,1
2015-05-10 18,18,15063,7,1
2015-05-10 19,19,15114,7,1
2015-05-10 20,20,14938,7,1
2015-05-10 21,21,14610,7,1
2015-05-10 22,22,13998,7,1
2015-05-10 23,23,12820,7,1
2015-05-11 00,0,11918,1,0
2015-05-11 01,1,11543,1,0
2015-05-11 02,2,11223,1,0
2015-05-11 03,3,11120,1,0
2015-05-11 04,4,11320,1,0
2015-05-11 05,5,11985,1,0
2015-05-11 06,6,12838,1,0
2015-05-11 07,7,14567,1,0
2015-05-11 08,8,16494,1,0
2015-05-11 09,9,17318,1,0
2015-05-11 10,10,17458,1,0
2015-05-11 11,11,17037,1,0
2015-05-11 12,12,16700,1,0
2015-05-11 13,13,16929,1,0
2015-05-11 14,14,16983,1,0
2015-05-11 15,15,17071,1,0
2015-05-11 16,16,17078,1,0
2015-05-11 17,17,16739,1,0
2015-05-11 18,18,16633,1,0
2015-05-11 19,19,16640,1,0
2015-05-11 20,20,16195,1,0
2015-05-11 21,21,15570,1,0
2015-05-11 22,22,14664,1,0
2015-05-11 23,23,13647,1,0
2015-05-12 00,0,12596,2,0
2015-05-12 01,1,12232,2,0
2015-05-12 02,2,11924,2,0
2015-05-12 03,3,11736,2,0
2015-05-12 04,4,12085,2,0
2015-05-12 05,5,12397,2,0
2015-05-12 06,6,13072,2,0
2015-05-12 07,7,14766,2,0
2015-05-12 08,8,16550,2,0
2015-05-12 09,9,17255,2,0
2015-05-12 10,10,17521,2,0
2015-05-12 11,11,16785,2,0
2015-05-12 12,12,16563,2,0
2015-05-12 13,13,16742,2,0
2015-05-12 14,14,16732,2,0
2015-05-12 15,15,16767,2,0
2015-05-12 16,16,16911,2,0
2015-05-12 17,17,16420,2,0
2015-05-12 18,18,16469,2,0
2015-05-12 19,19,16614,2,0
2015-05-12 20,20,16297,2,0
2015-05-12 21,21,15810,2,0
2015-05-12 22,22,15042,2,0
2015-05-12 23,23,13837,2,0
2015-05-13 00,0,12974,3,0
2015-05-13 01,1,12339,3,0
2015-05-13 02,2,11964,3,0
2015-05-13 03,3,11888,3,0
2015-05-13 04,4,12127,3,0
2015-05-13 05,5,12544,3,0
2015-05-13 06,6,13355,3,0
2015-05-13 07,7,14892,3,0
2015-05-13 08,8,16713,3,0
2015-05-13 09,9,17374,3,0
2015-05-13 10,10,17696,3,0
2015-05-13 11,11,17303,3,0
2015-05-13 12,12,16926,3,0
2015-05-13 13,13,17140,3,0
2015-05-13 14,14,17142,3,0
2015-05-13 15,15,17199,3,0
2015-05-13 16,16,17261,3,0
2015-05-13 17,17,16863,3,0
2015-05-13 18,18,16774,3,0
2015-05-13 19,19,16868,3,0
2015-05-13 20,20,16671,3,0
2015-05-13 21,21,16118,3,0
2015-05-13 22,22,15308,3,0
2015-05-13 23,23,14102,3,0
2015-05-14 00,0,13165,4,0
2015-05-14 01,1,12531,4,0
2015-05-14 02,2,12232,4,0
2015-05-14 03,3,12049,4,0
2015-05-14 04,4,12289,4,0
2015-05-14 05,5,12701,4,0
2015-05-14 06,6,13373,4,0
2015-05-14 07,7,15266,4,0
2015-05-14 08,8,16957,4,0
2015-05-14 09,9,17716,4,0
2015-05-14 10,10,17850,4,0
2015-05-14 11,11,17485,4,0
2015-05-14 12,12,16993,4,0
2015-05-14 13,13,17141,4,0
2015-05-14 14,14,17142,4,0
2015-05-14 15,15,17197,4,0
2015-05-14 16,16,17268,4,0
2015-05-14 17,17,16934,4,0
2015-05-14 18,18,17157,4,0
2015-05-14 19,19,17161,4,0
2015-05-14 20,20,16921,4,0
2015-05-14 21,21,16390,4,0
2015-05-14 22,22,15499,4,0
2015-05-14 23,23,14221,4,0
2015-05-15 00,0,13291,5,0
2015-05-15 01,1,12566,5,0
2015-05-15 02,2,12244,5,0
2015-05-15 03,3,12051,5,0
2015-05-15 04,4,12376,5,0
2015-05-15 05,5,12666,5,0
2015-05-15 06,6,13375,5,0
2015-05-15 07,7,15296,5,0
2015-05-15 08,8,16954,5,0
2015-05-15 09,9,17715,5,0
2015-05-15 10,10,17852,5,0
2015-05-15 11,11,17482,5,0
2015-05-15 12,12,16993,5,0
2015-05-15 13,13,17141,5,0
2015-05-15 14,14,17140,5,0
2015-05-15 15,15,17199,5,0
2015-05-15 16,16,17271,5,0
2015-05-15 17,17,16933,5,0
2015-05-15 18,18,16978,5,0
2015-05-15 19,19,16967,5,0
2015-05-15 20,20,16420,5,0
2015-05-15 21,21,15913,5,0
2015-05-15 22,22,15110,5,0
2015-05-15 23,23,14059,5,0
2015-05-16 00,0,12984,6,1
2015-05-16 01,1,12455,6,1
2015-05-16 02,2,11982,6,1
2015-05-16 03,3,11728,6,1
2015-05-16 04,4,11878,6,1
2015-05-16 05,5,12213,6,1
2015-05-16 06,6,12594,6,1
2015-05-16 07,7,13939,6,1
2015-05-16 08,8,15214,6,1
2015-05-16 09,9,15982,6,1
2015-05-16 10,10,16081,6,1
2015-05-16 11,11,15802,6,1
2015-05-16 12,12,15469,6,1
2015-05-16 13,13,15548,6,1
2015-05-16 14,14,15571,6,1
2015-05-16 15,15,15620,6,1
2015-05-16 16,16,15630,6,1
2015-05-16 17,17,15446,6,1
2015-05-16 18,18,15441,6,1
2015-05-16 19,19,15473,6,1
2015-05-16 20,20,15415,6,1
2015-05-16 21,21,15124,6,1
2015-05-16 22,22,14539,6,1
2015-05-16 23,23,13553,6,1
2015-05-17 00,0,12473,7,1
2015-05-17 01,1,11962,7,1
2015-05-17 02,2,11578,7,1
2015-05-17 03,3,11186,7,1
2015-05-17 04,4,11372,7,1
2015-05-17 05,5,11694,7,1
2015-05-17 06,6,12148,7,1
2015-05-17 07,7,12990,7,1
2015-05-17 08,8,14019,7,1
2015-05-17 09,9,14694,7,1
2015-05-17 10,10,14791,7,1
2015-05-17 11,11,14658,7,1
2015-05-17 12,12,14241,7,1
2015-05-17 13,13,14266,7,1
2015-05-17 14,14,14235,7,1
2015-05-17 15,15,14562,7,1
2015-05-17 16,16,14583,7,1
2015-05-17 17,17,14672,7,1
2015-05-17 18,18,15063,7,1
2015-05-17 19,19,15220,7,1
2015-05-17 20,20,15112,7,1
2015-05-17 21,21,14761,7,1
2015-05-17 22,22,14178,7,1
2015-05-17 23,23,13100,7,1
2015-05-18 00,0,12191,1,0
2015-05-18 01,1,11469,1,0
2015-05-18 02,2,11106,1,0
2015-05-18 03,3,10975,1,0
2015-05-18 04,4,11140,1,0
2015-05-18 05,5,11972,1,0
2015-05-18 06,6,13444,1,0
2015-05-18 07,7,15494,1,0
2015-05-18 08,8,17163,1,0
2015-05-18 09,9,18189,1,0
2015-05-18 10,10,18234,1,0
2015-05-18 11,11,17888,1,0
2015-05-18 12,12,17504,1,0
2015-05-18 13,13,17753,1,0
2015-05-18 14,14,17943,1,0
2015-05-18 15,15,17725,1,0
2015-05-18 16,16,17763,1,0
2015-05-18 17,17,17410,1,0
2015-05-18 18,18,17237,1,0
2015-05-18 19,19,17229,1,0
2015-05-18 20,20,16558,1,0
2015-05-18 21,21,16040,1,0
2015-05-18 22,22,15225,1,0
2015-05-18 23,23,13990,1,0
2015-05-19 00,0,12928,2,0
2015-05-19 01,1,12309,2,0
2015-05-19 02,2,11863,2,0
2015-05-19 03,3,11788,2,0
2015-05-19 04,4,12029,2,0
2015-05-19 05,5,12558,2,0
2015-05-19 06,6,13376,2,0
2015-05-19 07,7,15241,2,0
2015-05-19 08,8,16910,2,0
2015-05-19 09,9,17854,2,0
2015-05-19 10,10,18114,2,0
2015-05-19 11,11,17862,2,0
2015-05-19 12,12,17674,2,0
2015-05-19 13,13,18075,2,0
2015-05-19 14,14,18018,2,0
2015-05-19 15,15,18077,2,0
2015-05-19 16,16,18092,2,0
2015-05-19 17,17,17453,2,0
2015-05-19 18,18,17259,2,0
2015-05-19 19,19,17362,2,0
2015-05-19 20,20,16882,2,0
2015-05-19 21,21,16424,2,0
2015-05-19 22,22,15558,2,0
2015-05-19 23,23,14363,2,0
2015-05-20 00,0,13203,3,0
2015-05-20 01,1,12583,3,0
2015-05-20 02,2,12276,3,0
2015-05-20 03,3,12150,3,0
2015-05-20 04,4,12297,3,0
2015-05-20 05,5,12761,3,0
2015-05-20 06,6,13640,3,0
2015-05-20 07,7,15115,3,0
2015-05-20 08,8,17085,3,0
2015-05-20 09,9,17866,3,0
2015-05-20 10,10,17967,3,0
2015-05-20 11,11,17470,3,0
2015-05-20 12,12,17337,3,0
2015-05-20 13,13,17573,3,0
2015-05-20 14,14,17468,3,0
2015-05-20 15,15,17442,3,0
2015-05-20 16,16,17399,3,0
2015-05-20 17,17,16830,3,0
2015-05-20 18,18,16518,3,0
2015-05-20 19,19,16708,3,0
2015-05-20 20,20,16376,3,0
2015-05-20 21,21,15870,3,0
2015-05-20 22,22,15072,3,0
2015-05-20 23,23,14114,3,0
2015-05-21 00,0,12997,4,0
2015-05-21 01,1,12429,4,0
2015-05-21 02,2,12116,4,0
2015-05-21 03,3,11868,4,0
2015-05-21 04,4,12276,4,0
2015-05-21 05,5,12661,4,0
2015-05-21 06,6,13399,4,0
2015-05-21 07,7,14966,4,0
2015-05-21 08,8,16987,4,0
2015-05-21 09,9,17658,4,0
2015-05-21 10,10,17827,4,0
2015-05-21 11,11,17482,4,0
2015-05-21 12,12,16937,4,0
2015-05-21 13,13,17197,4,0
2015-05-21 14,14,17135,4,0
2015-05-21 15,15,17236,4,0
2015-05-21 16,16,17155,4,0
2015-05-21 17,17,16724,4,0
2015-05-21 18,18,16421,4,0
2015-05-21 19,19,16673,4,0
2015-05-21 20,20,16383,4,0
2015-05-21 21,21,15922,4,0
2015-05-21 22,22,15083,4,0
2015-05-21 23,23,13958,4,0
2015-05-22 00,0,12978,5,0
2015-05-22 01,1,12346,5,0
2015-05-22 02,2,12118,5,0
2015-05-22 03,3,11906,5,0
2015-05-22 04,4,12190,5,0
2015-05-22 05,5,12712,5,0
2015-05-22 06,6,13359,5,0
2015-05-22 07,7,15134,5,0
2015-05-22 08,8,17000,5,0
2015-05-22 09,9,17579,5,0
2015-05-22 10,10,17640,5,0
2015-05-22 11,11,17313,5,0
2015-05-22 12,12,16899,5,0
2015-05-22 13,13,17201,5,0
2015-05-22 14,14,17175,5,0
2015-05-22 15,15,17305,5,0
2015-05-22 16,16,17288,5,0
2015-05-22 17,17,16823,5,0
2015-05-22 18,18,16538,5,0
2015-05-22 19,19,16734,5,0
2015-05-22 20,20,16409,5,0
2015-05-22 21,21,16000,5,0
2015-05-22 22,22,15176,5,0
2015-05-22 23,23,14064,5,0
2015-05-23 00,0,13147,6,1
2015-05-23 01,1,12450,6,1
2015-05-23 02,2,12295,6,1
2015-05-23 03,3,12056,6,1
2015-05-23 04,4,12084,6,1
2015-05-23 05,5,12449,6,1
2015-05-23 06,6,12584,6,1
2015-05-23 07,7,13816,6,1
2015-05-23 08,8,15279,6,1
2015-05-23 09,9,16046,6,1
2015-05-23 10,10,16406,6,1
2015-05-23 11,11,15983,6,1
2015-05-23 12,12,15606,6,1
2015-05-23 13,13,15827,6,1
2015-05-23 14,14,15716,6,1
2015-05-23 15,15,15812,6,1
2015-05-23 16,16,15915,6,1
2015-05-23 17,17,15703,6,1
2015-05-23 18,18,15671,6,1
2015-05-23 19,19,15866,6,1
2015-05-23 20,20,15633,6,1
2015-05-23 21,21,15292,6,1
2015-05-23 22,22,14494,6,1
2015-05-23 23,23,13623,6,1
2015-05-24 00,0,12483,7,1
2015-05-24 01,1,12024,7,1
2015-05-24 02,2,11682,7,1
2015-05-24 03,3,11444,7,1
2015-05-24 04,4,11611,7,1
2015-05-24 05,5,11951,7,1
2015-05-24 06,6,12043,7,1
2015-05-24 07,7,13014,7,1
2015-05-24 08,8,14029,7,1
2015-05-24 09,9,14789,7,1
2015-05-24 10,10,15177,7,1
2015-05-24 11,11,14906,7,1
2015-05-24 12,12,14457,7,1
2015-05-24 13,13,14545,7,1
2015-05-24 14,14,14492,7,1
2015-05-24 15,15,14526,7,1
2015-05-24 16,16,14949,7,1
2015-05-24 17,17,14868,7,1
2015-05-24 18,18,14921,7,1
2015-05-24 19,19,15217,7,1
2015-05-24 20,20,15159,7,1
2015-05-24 21,21,14685,7,1
2015-05-24 22,22,13972,7,1
2015-05-24 23,23,12997,7,1
2015-05-25 00,0,12173,1,0
2015-05-25 01,1,11556,1,0
2015-05-25 02,2,11201,1,0
2015-05-25 03,3,11129,1,0
2015-05-25 04,4,11521,1,0
2015-05-25 05,5,11997,1,0
2015-05-25 06,6,13029,1,0
2015-05-25 07,7,14758,1,0
2015-05-25 08,8,16781,1,0
2015-05-25 09,9,17667,1,0
2015-05-25 10,10,17919,1,0
2015-05-25 11,11,17548,1,0
2015-05-25 12,12,17313,1,0
2015-05-25 13,13,17630,1,0
2015-05-25 14,14,17538,1,0
2015-05-25 15,15,17606,1,0
2015-05-25 16,16,17688,1,0
2015-05-25 17,17,16994,1,0
2015-05-25 18,18,16685,1,0
2015-05-25 19,19,16894,1,0
2015-05-25 20,20,16505,1,0
2015-05-25 21,21,15899,1,0
2015-05-25 22,22,15151,1,0
2015-05-25 23,23,13954,1,0
2015-05-26 00,0,13053,2,0
2015-05-26 01,1,12427,2,0
2015-05-26 02,2,12111,2,0
2015-05-26 03,3,11844,2,0
2015-05-26 04,4,12199,2,0
2015-05-26 05,5,12519,2,0
2015-05-26 06,6,13331,2,0
2015-05-26 07,7,15057,2,0
2015-05-26 08,8,16870,2,0
2015-05-26 09,9,17562,2,0
2015-05-26 10,10,17781,2,0
2015-05-26 11,11,17325,2,0
2015-05-26 12,12,16925,2,0
2015-05-26 13,13,17342,2,0
2015-05-26 14,14,17333,2,0
2015-05-26 15,15,17399,2,0
2015-05-26 16,16,17344,2,0
2015-05-26 17,17,16862,2,0
2015-05-26 18,18,16636,2,0
2015-05-26 19,19,16750,2,0
2015-05-26 20,20,16466,2,0
2015-05-26 21,21,15960,2,0
2015-05-26 22,22,15142,2,0
2015-05-26 23,23,14073,2,0
2015-05-27 00,0,13068,3,0
2015-05-27 01,1,12433,3,0
2015-05-27 02,2,12171,3,0
2015-05-27 03,3,12106,3,0
2015-05-27 04,4,12341,3,0
2015-05-27 05,5,12740,3,0
2015-05-27 06,6,13494,3,0
2015-05-27 07,7,15273,3,0
2015-05-27 08,8,17219,3,0
2015-05-27 09,9,17846,3,0
2015-05-27 10,10,18031,3,0
2015-05-27 11,11,17628,3,0
2015-05-27 12,12,17419,3,0
2015-05-27 13,13,17810,3,0
2015-05-27 14,14,17809,3,0
2015-05-27 15,15,17766,3,0
2015-05-27 16,16,17966,3,0
2015-05-27 17,17,17557,3,0
2015-05-27 18,18,17131,3,0
2015-05-27 19,19,17109,3,0
2015-05-27 20,20,16674,3,0
2015-05-27 21,21,15977,3,0
2015-05-27 22,22,15049,3,0
2015-05-27 23,23,14059,3,0
2015-05-28 00,0,13086,4,0
2015-05-28 01,1,12654,4,0
2015-05-28 02,2,12285,4,0
2015-05-28 03,3,12056,4,0
2015-05-28 04,4,12195,4,0
2015-05-28 05,5,12753,4,0
2015-05-28 06,6,13562,4,0
2015-05-28 07,7,15306,4,0
2015-05-28 08,8,17187,4,0
2015-05-28 09,9,17941,4,0
2015-05-28 10,10,18300,4,0
2015-05-28 11,11,17748,4,0
2015-05-28 12,12,17429,4,0
2015-05-28 13,13,17673,4,0
2015-05-28 14,14,17559,4,0
2015-05-28 15,15,17585,4,0
2015-05-28 16,16,17657,4,0
2015-05-28 17,17,17209,4,0
2015-05-28 18,18,16874,4,0
2015-05-28 19,19,16869,4,0
2015-05-28 20,20,16642,4,0
2015-05-28 21,21,16155,4,0
2015-05-28 22,22,15292,4,0
2015-05-28 23,23,14235,4,0
2015-05-29 00,0,13187,5,0
2015-05-29 01,1,12656,5,0
2015-05-29 02,2,12206,5,0
2015-05-29 03,3,12069,5,0
2015-05-29 04,4,12294,5,0
2015-05-29 05,5,12765,5,0
2015-05-29 06,6,13515,5,0
2015-05-29 07,7,15260,5,0
2015-05-29 08,8,17116,5,0
2015-05-29 09,9,18048,5,0
2015-05-29 10,10,18244,5,0
2015-05-29 11,11,17769,5,0
2015-05-29 12,12,17373,5,0
2015-05-29 13,13,17617,5,0
2015-05-29 14,14,17642,5,0
2015-05-29 15,15,17661,5,0
2015-05-29 16,16,17805,5,0
2015-05-29 17,17,17192,5,0
2015-05-29 18,18,16842,5,0
2015-05-29 19,19,17169,5,0
2015-05-29 20,20,16695,5,0
2015-05-29 21,21,16254,5,0
2015-05-29 22,22,15368,5,0
2015-05-29 23,23,14432,5,0
2015-05-30 00,0,13349,6,1
2015-05-30 01,1,12754,6,1
2015-05-30 02,2,12318,6,1
2015-05-30 03,3,12108,6,1
2015-05-30 04,4,12130,6,1
2015-05-30 05,5,12451,6,1
2015-05-30 06,6,12697,6,1
2015-05-30 07,7,14001,6,1
2015-05-30 08,8,15345,6,1
2015-05-30 09,9,16268,6,1
2015-05-30 10,10,16489,6,1
2015-05-30 11,11,16230,6,1
2015-05-30 12,12,15748,6,1
2015-05-30 13,13,15909,6,1
2015-05-30 14,14,15798,6,1
2015-05-30 15,15,15872,6,1
2015-05-30 16,16,15947,6,1
2015-05-30 17,17,15681,6,1
2015-05-30 18,18,15578,6,1
2015-05-30 19,19,15766,6,1
2015-05-30 20,20,15619,6,1
2015-05-30 21,21,15332,6,1
2015-05-30 22,22,14540,6,1
2015-05-30 23,23,13625,6,1
2015-05-31 00,0,12634,7,1
2015-05-31 01,1,12126,7,1
2015-05-31 02,2,11742,7,1
2015-05-31 03,3,11478,7,1
2015-05-31 04,4,11671,7,1
2015-05-31 05,5,11891,7,1
2015-05-31 06,6,12105,7,1
2015-05-31 07,7,12915,7,1
2015-05-31 08,8,13952,7,1
2015-05-31 09,9,14658,7,1
2015-05-31 10,10,15039,7,1
2015-05-31 11,11,14898,7,1
2015-05-31 12,12,14581,7,1
2015-05-31 13,13,14622,7,1
2015-05-31 14,14,14440,7,1
2015-05-31 15,15,14657,7,1
2015-05-31 16,16,14905,7,1
2015-05-31 17,17,14886,7,1
2015-05-31 18,18,14934,7,1
2015-05-31 19,19,15115,7,1
2015-05-31 20,20,15087,7,1
2015-05-31 21,21,14741,7,1
2015-05-31 22,22,14010,7,1
2015-05-31 23,23,13041,7,1
2015-06-01 00,0,12138,1,0
2015-06-01 01,1,11600,1,0
2015-06-01 02,2,11398,1,0
2015-06-01 03,3,11097,1,0
2015-06-01 04,4,11482,1,0
2015-06-01 05,5,11916,1,0
2015-06-01 06,6,12872,1,0
2015-06-01 07,7,14830,1,0
2015-06-01 08,8,16636,1,0
2015-06-01 09,9,17871,1,0
2015-06-01 10,10,18084,1,0
2015-06-01 11,11,17856,1,0
2015-06-01 12,12,17765,1,0
2015-06-01 13,13,18168,1,0
2015-06-01 14,14,18087,1,0
2015-06-01 15,15,18281,1,0
2015-06-01 16,16,18285,1,0
2015-06-01 17,17,17773,1,0
2015-06-01 18,18,17329,1,0
2015-06-01 19,19,17356,1,0
2015-06-01 20,20,17124,1,0
2015-06-01 21,21,16615,1,0
2015-06-01 22,22,15549,1,0
2015-06-01 23,23,14504,1,0
2015-06-02 00,0,13432,2,0
2015-06-02 01,1,12784,2,0
2015-06-02 02,2,12560,2,0
2015-06-02 03,3,12276,2,0
2015-06-02 04,4,12480,2,0
2015-06-02 05,5,12896,2,0
2015-06-02 06,6,13913,2,0
2015-06-02 07,7,15723,2,0
2015-06-02 08,8,17915,2,0
2015-06-02 09,9,18838,2,0
2015-06-02 10,10,18976,2,0
2015-06-02 11,11,18635,2,0
2015-06-02 12,12,18258,2,0
2015-06-02 13,13,18483,2,0
2015-06-02 14,14,18505,2,0
2015-06-02 15,15,18693,2,0
2015-06-02 16,16,18709,2,0
2015-06-02 17,17,18289,2,0
2015-06-02 18,18,17825,2,0
2015-06-02 19,19,17885,2,0
2015-06-02 20,20,17451,2,0
2015-06-02 21,21,16791,2,0
2015-06-02 22,22,15838,2,0
2015-06-02 23,23,14631,2,0
2015-06-03 00,0,13741,3,0
2015-06-03 01,1,13139,3,0
2015-06-03 02,2,12793,3,0
2015-06-03 03,3,12423,3,0
2015-06-03 04,4,12783,3,0
2015-06-03 05,5,12955,3,0
2015-06-03 06,6,13808,3,0
2015-06-03 07,7,15589,3,0
2015-06-03 08,8,17584,3,0
2015-06-03 09,9,18238,3,0
2015-06-03 10,10,18556,3,0
2015-06-03 11,11,18070,3,0
2015-06-03 12,12,17668,3,0
2015-06-03 13,13,17848,3,0
2015-06-03 14,14,17776,3,0
2015-06-03 15,15,17759,3,0
2015-06-03 16,16,17687,3,0
2015-06-03 17,17,17142,3,0
2015-06-03 18,18,16879,3,0
2015-06-03 19,19,16864,3,0
2015-06-03 20,20,16456,3,0
2015-06-03 21,21,15987,3,0
2015-06-03 22,22,15172,3,0
2015-06-03 23,23,14176,3,0
2015-06-04 00,0,13157,4,0
2015-06-04 01,1,12592,4,0
2015-06-04 02,2,12255,4,0
2015-06-04 03,3,12021,4,0
2015-06-04 04,4,12278,4,0
2015-06-04 05,5,12757,4,0
2015-06-04 06,6,13508,4,0
2015-06-04 07,7,15259,4,0
2015-06-04 08,8,17797,4,0
2015-06-04 09,9,18456,4,0
2015-06-04 10,10,18492,4,0
2015-06-04 11,11,18280,4,0
2015-06-04 12,12,17713,4,0
2015-06-04 13,13,17914,4,0
2015-06-04 14,14,17911,4,0
2015-06-04 15,15,17820,4,0
2015-06-04 16,16,17787,4,0
2015-06-04 17,17,17594,4,0
2015-06-04 18,18,17311,4,0
2015-06-04 19,19,17427,4,0
2015-06-04 20,20,17349,4,0
2015-06-04 21,21,16897,4,0
2015-06-04 22,22,15916,4,0
2015-06-04 23,23,14587,4,0
2015-06-05 00,0,13462,5,0
2015-06-05 01,1,12575,5,0
2015-06-05 02,2,12260,5,0
2015-06-05 03,3,12046,5,0
2015-06-05 04,4,12400,5,0
2015-06-05 05,5,12793,5,0
2015-06-05 06,6,13633,5,0
2015-06-05 07,7,15735,5,0
2015-06-05 08,8,17598,5,0
2015-06-05 09,9,18259,5,0
2015-06-05 10,10,18303,5,0
2015-06-05 11,11,18086,5,0
2015-06-05 12,12,17518,5,0
2015-06-05 13,13,17866,5,0
2015-06-05 14,14,17907,5,0
2015-06-05 15,15,18082,5,0
2015-06-05 16,16,18030,5,0
2015-06-05 17,17,17491,5,0
2015-06-05 18,18,17112,5,0
2015-06-05 19,19,17230,5,0
2015-06-05 20,20,17151,5,0
2015-06-05 21,21,16704,5,0
2015-06-05 22,22,15710,5,0
2015-06-05 23,23,14446,5,0
2015-06-06 00,0,13158,6,1
2015-06-06 01,1,12767,6,1
2015-06-06 02,2,12338,6,1
2015-06-06 03,3,12170,6,1
2015-06-06 04,4,12251,6,1
2015-06-06 05,5,12504,6,1
2015-06-06 06,6,12888,6,1
2015-06-06 07,7,14246,6,1
2015-06-06 08,8,15847,6,1
2015-06-06 09,9,16731,6,1
2015-06-06 10,10,17021,6,1
2015-06-06 11,11,16868,6,1
2015-06-06 12,12,16204,6,1
2015-06-06 13,13,16126,6,1
2015-06-06 14,14,16022,6,1
2015-06-06 15,15,16088,6,1
2015-06-06 16,16,16107,6,1
2015-06-06 17,17,15796,6,1
2015-06-06 18,18,15650,6,1
2015-06-06 19,19,15845,6,1
2015-06-06 20,20,15749,6,1
2015-06-06 21,21,15409,6,1
2015-06-06 22,22,14650,6,1
2015-06-06 23,23,13920,6,1
2015-06-07 00,0,12749,7,1
2015-06-07 01,1,12221,7,1
2015-06-07 02,2,11962,7,1
2015-06-07 03,3,11680,7,1
2015-06-07 04,4,11875,7,1
2015-06-07 05,5,11977,7,1
2015-06-07 06,6,12298,7,1
2015-06-07 07,7,13144,7,1
2015-06-07 08,8,14134,7,1
2015-06-07 09,9,15076,7,1
2015-06-07 10,10,15411,7,1
2015-06-07 11,11,15331,7,1
2015-06-07 12,12,14889,7,1
2015-06-07 13,13,14974,7,1
2015-06-07 14,14,14837,7,1
2015-06-07 15,15,15148,7,1
2015-06-07 16,16,15359,7,1
2015-06-07 17,17,15307,7,1
2015-06-07 18,18,15167,7,1
2015-06-07 19,19,15410,7,1
2015-06-07 20,20,15389,7,1
2015-06-07 21,21,14931,7,1
2015-06-07 22,22,14170,7,1
2015-06-07 23,23,13180,7,1
2015-06-08 00,0,12283,1,0
2015-06-08 01,1,11732,1,0
2015-06-08 02,2,11472,1,0
2015-06-08 03,3,11335,1,0
2015-06-08 04,4,11687,1,0
2015-06-08 05,5,12050,1,0
2015-06-08 06,6,13101,1,0
2015-06-08 07,7,15175,1,0
2015-06-08 08,8,17136,1,0
2015-06-08 09,9,18429,1,0
2015-06-08 10,10,18725,1,0
2015-06-08 11,11,18392,1,0
2015-06-08 12,12,17815,1,0
2015-06-08 13,13,18024,1,0
2015-06-08 14,14,18038,1,0
2015-06-08 15,15,18156,1,0
2015-06-08 16,16,18155,1,0
2015-06-08 17,17,17591,1,0
2015-06-08 18,18,16944,1,0
2015-06-08 19,19,17086,1,0
2015-06-08 20,20,16920,1,0
2015-06-08 21,21,16249,1,0
2015-06-08 22,22,15277,1,0
2015-06-08 23,23,14243,1,0
2015-06-09 00,0,13299,2,0
2015-06-09 01,1,12766,2,0
2015-06-09 02,2,12347,2,0
2015-06-09 03,3,12164,2,0
2015-06-09 04,4,12271,2,0
2015-06-09 05,5,12775,2,0
2015-06-09 06,6,13555,2,0
2015-06-09 07,7,15592,2,0
2015-06-09 08,8,17567,2,0
2015-06-09 09,9,18437,2,0
2015-06-09 10,10,18536,2,0
2015-06-09 11,11,18290,2,0
2015-06-09 12,12,18027,2,0
2015-06-09 13,13,18222,2,0
2015-06-09 14,14,18227,2,0
2015-06-09 15,15,18387,2,0
2015-06-09 16,16,18353,2,0
2015-06-09 17,17,18083,2,0
2015-06-09 18,18,17478,2,0
2015-06-09 19,19,17445,2,0
2015-06-09 20,20,17040,2,0
2015-06-09 21,21,16480,2,0
2015-06-09 22,22,15578,2,0
2015-06-09 23,23,14382,2,0
2015-06-10 00,0,13309,3,0
2015-06-10 01,1,12582,3,0
2015-06-10 02,2,12242,3,0
2015-06-10 03,3,12068,3,0
2015-06-10 04,4,12296,3,0
2015-06-10 05,5,12689,3,0
2015-06-10 06,6,13549,3,0
2015-06-10 07,7,15590,3,0
2015-06-10 08,8,17529,3,0
2015-06-10 09,9,18643,3,0
2015-06-10 10,10,18743,3,0
2015-06-10 11,11,18404,3,0
2015-06-10 12,12,18012,3,0
2015-06-10 13,13,18266,3,0
2015-06-10 14,14,18217,3,0
2015-06-10 15,15,18312,3,0
2015-06-10 16,16,18367,3,0
2015-06-10 17,17,17978,3,0
2015-06-10 18,18,17505,3,0
2015-06-10 19,19,17462,3,0
2015-06-10 20,20,17382,3,0
2015-06-10 21,21,16629,3,0
2015-06-10 22,22,15983,3,0
2015-06-10 23,23,14866,3,0
2015-06-11 00,0,13753,4,0
2015-06-11 01,1,13003,4,0
2015-06-11 02,2,12440,4,0
2015-06-11 03,3,12247,4,0
2015-06-11 04,4,12598,4,0
2015-06-11 05,5,12822,4,0
2015-06-11 06,6,13885,4,0
2015-06-11 07,7,16053,4,0
2015-06-11 08,8,18314,4,0
2015-06-11 09,9,19467,4,0
2015-06-11 10,10,19578,4,0
2015-06-11 11,11,19238,4,0
2015-06-11 12,12,18853,4,0
2015-06-11 13,13,19233,4,0
2015-06-11 14,14,19287,4,0
2015-06-11 15,15,19326,4,0
2015-06-11 16,16,19311,4,0
2015-06-11 17,17,18753,4,0
2015-06-11 18,18,18068,4,0
2015-06-11 19,19,17976,4,0
2015-06-11 20,20,17612,4,0
2015-06-11 21,21,16984,4,0
2015-06-11 22,22,16056,4,0
2015-06-11 23,23,14910,4,0
2015-06-12 00,0,13921,5,0
2015-06-12 01,1,13323,5,0
2015-06-12 02,2,12853,5,0
2015-06-12 03,3,12654,5,0
2015-06-12 04,4,12964,5,0
2015-06-12 05,5,13296,5,0
2015-06-12 06,6,14372,5,0
2015-06-12 07,7,16791,5,0
2015-06-12 08,8,19170,5,0
2015-06-12 09,9,20385,5,0
2015-06-12 10,10,20560,5,0
2015-06-12 11,11,20319,5,0
2015-06-12 12,12,20187,5,0
2015-06-12 13,13,20469,5,0
2015-06-12 14,14,20370,5,0
2015-06-12 15,15,20328,5,0
2015-06-12 16,16,20200,5,0
2015-06-12 17,17,19403,5,0
2015-06-12 18,18,18647,5,0
2015-06-12 19,19,18577,5,0
2015-06-12 20,20,18284,5,0
2015-06-12 21,21,17540,5,0
2015-06-12 22,22,16584,5,0
2015-06-12 23,23,15477,5,0
2015-06-13 00,0,14200,6,1
2015-06-13 01,1,13556,6,1
2015-06-13 02,2,13108,6,1
2015-06-13 03,3,12871,6,1
2015-06-13 04,4,13220,6,1
2015-06-13 05,5,13397,6,1
2015-06-13 06,6,13857,6,1
2015-06-13 07,7,15310,6,1
2015-06-13 08,8,17325,6,1
2015-06-13 09,9,18316,6,1
2015-06-13 10,10,18762,6,1
2015-06-13 11,11,18601,6,1
2015-06-13 12,12,18442,6,1
2015-06-13 13,13,18577,6,1
2015-06-13 14,14,18622,6,1
2015-06-13 15,15,18651,6,1
2015-06-13 16,16,18419,6,1
2015-06-13 17,17,18076,6,1
2015-06-13 18,18,17521,6,1
2015-06-13 19,19,17465,6,1
2015-06-13 20,20,16923,6,1
2015-06-13 21,21,16235,6,1
2015-06-13 22,22,15446,6,1
2015-06-13 23,23,14777,6,1
2015-06-14 00,0,13783,7,1
2015-06-14 01,1,13039,7,1
2015-06-14 02,2,12593,7,1
2015-06-14 03,3,12353,7,1
2015-06-14 04,4,12654,7,1
2015-06-14 05,5,12810,7,1
2015-06-14 06,6,13282,7,1
2015-06-14 07,7,14745,7,1
2015-06-14 08,8,16352,7,1
2015-06-14 09,9,17174,7,1
2015-06-14 10,10,17318,7,1
2015-06-14 11,11,17311,7,1
2015-06-14 12,12,17375,7,1
2015-06-14 13,13,17349,7,1
2015-06-14 14,14,17305,7,1
2015-06-14 15,15,17304,7,1
2015-06-14 16,16,17265,7,1
2015-06-14 17,17,17078,7,1
2015-06-14 18,18,16677,7,1
2015-06-14 19,19,16728,7,1
2015-06-14 20,20,16426,7,1
2015-06-14 21,21,15866,7,1
2015-06-14 22,22,15171,7,1
2015-06-14 23,23,14578,7,1
2015-06-15 00,0,13512,1,0
2015-06-15 01,1,12791,1,0
2015-06-15 02,2,12213,1,0
2015-06-15 03,3,11954,1,0
2015-06-15 04,4,12298,1,0
2015-06-15 05,5,12915,1,0
2015-06-15 06,6,14188,1,0
2015-06-15 07,7,16369,1,0
2015-06-15 08,8,18585,1,0
2015-06-15 09,9,19670,1,0
2015-06-15 10,10,19790,1,0
2015-06-15 11,11,19770,1,0
2015-06-15 12,12,19548,1,0
2015-06-15 13,13,19598,1,0
2015-06-15 14,14,19598,1,0
2015-06-15 15,15,19578,1,0
2015-06-15 16,16,19507,1,0
2015-06-15 17,17,19242,1,0
2015-06-15 18,18,18437,1,0
2015-06-15 19,19,17766,1,0
2015-06-15 20,20,17206,1,0
2015-06-15 21,21,16508,1,0
2015-06-15 22,22,15886,1,0
2015-06-15 23,23,14810,1,0
2015-06-16 00,0,13908,2,0
2015-06-16 01,1,13575,2,0
2015-06-16 02,2,13161,2,0
2015-06-16 03,3,12685,2,0
2015-06-16 04,4,13043,2,0
2015-06-16 05,5,13439,2,0
2015-06-16 06,6,14547,2,0
2015-06-16 07,7,16810,2,0
2015-06-16 08,8,18763,2,0
2015-06-16 09,9,19472,2,0
2015-06-16 10,10,19567,2,0
2015-06-16 11,11,19544,2,0
2015-06-16 12,12,19364,2,0
2015-06-16 13,13,19406,2,0
2015-06-16 14,14,19407,2,0
2015-06-16 15,15,19389,2,0
2015-06-16 16,16,19312,2,0
2015-06-16 17,17,19050,2,0
2015-06-16 18,18,18433,2,0
2015-06-16 19,19,17743,2,0
2015-06-16 20,20,17177,2,0
2015-06-16 21,21,16538,2,0
2015-06-16 22,22,15830,2,0
2015-06-16 23,23,14610,2,0
2015-06-17 00,0,13469,3,0
2015-06-17 01,1,13093,3,0
2015-06-17 02,2,12686,3,0
2015-06-17 03,3,12635,3,0
2015-06-17 04,4,12616,3,0
2015-06-17 05,5,13265,3,0
2015-06-17 06,6,14529,3,0
2015-06-17 07,7,16808,3,0
2015-06-17 08,8,18715,3,0
2015-06-17 09,9,19470,3,0
2015-06-17 10,10,19567,3,0
2015-06-17 11,11,19545,3,0
2015-06-17 12,12,19366,3,0
2015-06-17 13,13,19406,3,0
2015-06-17 14,14,19407,3,0
2015-06-17 15,15,19388,3,0
2015-06-17 16,16,19311,3,0
2015-06-17 17,17,19050,3,0
2015-06-17 18,18,18433,3,0
2015-06-17 19,19,17746,3,0
2015-06-17 20,20,17182,3,0
2015-06-17 21,21,16538,3,0
2015-06-17 22,22,15825,3,0
2015-06-17 23,23,14615,3,0
2015-06-18 00,0,13487,4,0
2015-06-18 01,1,12842,4,0
2015-06-18 02,2,12582,4,0
2015-06-18 03,3,12430,4,0
2015-06-18 04,4,12538,4,0
2015-06-18 05,5,13052,4,0
2015-06-18 06,6,14448,4,0
2015-06-18 07,7,16511,4,0
2015-06-18 08,8,18285,4,0
2015-06-18 09,9,19039,4,0
2015-06-18 10,10,19078,4,0
2015-06-18 11,11,19083,4,0
2015-06-18 12,12,18979,4,0
2015-06-18 13,13,18986,4,0
2015-06-18 14,14,18749,4,0
2015-06-18 15,15,18808,4,0
2015-06-18 16,16,18891,4,0
2015-06-18 17,17,18636,4,0
2015-06-18 18,18,18048,4,0
2015-06-18 19,19,17493,4,0
2015-06-18 20,20,16967,4,0
2015-06-18 21,21,16500,4,0
2015-06-18 22,22,15647,4,0
2015-06-18 23,23,14485,4,0
2015-06-19 00,0,13483,5,0
2015-06-19 01,1,12918,5,0
2015-06-19 02,2,12592,5,0
2015-06-19 03,3,12266,5,0
2015-06-19 04,4,12596,5,0
2015-06-19 05,5,13146,5,0
2015-06-19 06,6,14382,5,0
2015-06-19 07,7,16174,5,0
2015-06-19 08,8,17990,5,0
2015-06-19 09,9,18826,5,0
2015-06-19 10,10,18968,5,0
2015-06-19 11,11,18831,5,0
2015-06-19 12,12,18892,5,0
2015-06-19 13,13,19149,5,0
2015-06-19 14,14,19113,5,0
2015-06-19 15,15,19242,5,0
2015-06-19 16,16,19398,5,0
2015-06-19 17,17,19079,5,0
2015-06-19 18,18,18728,5,0
2015-06-19 19,19,18457,5,0
2015-06-19 20,20,17840,5,0
2015-06-19 21,21,17025,5,0
2015-06-19 22,22,15313,5,0
2015-06-19 23,23,14142,5,0
2015-06-20 00,0,12714,6,-1
2015-06-20 01,1,11089,6,-1
2015-06-20 02,2,10676,6,-1
2015-06-20 03,3,10476,6,-1
2015-06-20 04,4,10587,6,-1
2015-06-20 05,5,10615,6,-1
2015-06-20 06,6,10662,6,-1
2015-06-20 07,7,10797,6,-1
2015-06-20 08,8,11530,6,-1
2015-06-20 09,9,12142,6,-1
2015-06-20 10,10,12333,6,-1
2015-06-20 11,11,12244,6,-1
2015-06-20 12,12,11849,6,-1
2015-06-20 13,13,11801,6,-1
2015-06-20 14,14,11768,6,-1
2015-06-20 15,15,11929,6,-1
2015-06-20 16,16,12113,6,-1
2015-06-20 17,17,12263,6,-1
2015-06-20 18,18,12781,6,-1
2015-06-20 19,19,12897,6,-1
2015-06-20 20,20,12877,6,-1
2015-06-20 21,21,12609,6,-1
2015-06-20 22,22,12049,6,-1
2015-06-20 23,23,11104,6,-1
2015-06-21 00,0,11113,7,1
2015-06-21 01,1,10756,7,1
2015-06-21 02,2,10560,7,1
2015-06-21 03,3,10430,7,1
2015-06-21 04,4,10633,7,1
2015-06-21 05,5,10675,7,1
2015-06-21 06,6,11109,7,1
2015-06-21 07,7,12279,7,1
2015-06-21 08,8,13433,7,1
2015-06-21 09,9,14379,7,1
2015-06-21 10,10,14679,7,1
2015-06-21 11,11,14676,7,1
2015-06-21 12,12,14276,7,1
2015-06-21 13,13,14305,7,1
2015-06-21 14,14,14147,7,1
2015-06-21 15,15,14381,7,1
2015-06-21 16,16,14602,7,1
2015-06-21 17,17,14622,7,1
2015-06-21 18,18,14752,7,1
2015-06-21 19,19,14804,7,1
2015-06-21 20,20,14693,7,1
2015-06-21 21,21,14345,7,1
2015-06-21 22,22,13429,7,1
2015-06-21 23,23,12361,7,1
2015-06-22 00,0,11728,1,1
2015-06-22 01,1,11253,1,1
2015-06-22 02,2,11260,1,1
2015-06-22 03,3,11164,1,1
2015-06-22 04,4,11340,1,1
2015-06-22 05,5,11678,1,1
2015-06-22 06,6,12403,1,1
2015-06-22 07,7,13711,1,1
2015-06-22 08,8,15161,1,1
2015-06-22 09,9,16093,1,1
2015-06-22 10,10,16223,1,1
2015-06-22 11,11,16030,1,1
2015-06-22 12,12,15546,1,1
2015-06-22 13,13,15774,1,1
2015-06-22 14,14,15876,1,1
2015-06-22 15,15,15966,1,1
2015-06-22 16,16,15994,1,1
2015-06-22 17,17,15966,1,1
2015-06-22 18,18,15995,1,1
2015-06-22 19,19,16249,1,1
2015-06-22 20,20,16154,1,1
2015-06-22 21,21,15846,1,1
2015-06-22 22,22,14918,1,1
2015-06-22 23,23,13681,1,1
2015-06-23 00,0,12808,2,0
2015-06-23 01,1,11989,2,0
2015-06-23 02,2,11738,2,0
2015-06-23 03,3,11715,2,0
2015-06-23 04,4,12021,2,0
2015-06-23 05,5,12642,2,0
2015-06-23 06,6,14424,2,0
2015-06-23 07,7,16878,2,0
2015-06-23 08,8,18698,2,0
2015-06-23 09,9,19682,2,0
2015-06-23 10,10,20018,2,0
2015-06-23 11,11,19854,2,0
2015-06-23 12,12,19745,2,0
2015-06-23 13,13,19996,2,0
2015-06-23 14,14,19931,2,0
2015-06-23 15,15,19885,2,0
2015-06-23 16,16,19946,2,0
2015-06-23 17,17,19091,2,0
2015-06-23 18,18,18996,2,0
2015-06-23 19,19,18996,2,0
2015-06-23 20,20,18439,2,0
2015-06-23 21,21,17553,2,0
2015-06-23 22,22,16474,2,0
2015-06-23 23,23,14877,2,0
2015-06-24 00,0,14119,3,0
2015-06-24 01,1,13476,3,0
2015-06-24 02,2,13113,3,0
2015-06-24 03,3,12810,3,0
2015-06-24 04,4,13104,3,0
2015-06-24 05,5,13476,3,0
2015-06-24 06,6,14246,3,0
2015-06-24 07,7,16433,3,0
2015-06-24 08,8,19038,3,0
2015-06-24 09,9,20346,3,0
2015-06-24 10,10,20698,3,0
2015-06-24 11,11,20381,3,0
2015-06-24 12,12,20598,3,0
2015-06-24 13,13,20979,3,0
2015-06-24 14,14,20827,3,0
2015-06-24 15,15,20954,3,0
2015-06-24 16,16,21094,3,0
2015-06-24 17,17,20663,3,0
2015-06-24 18,18,20029,3,0
2015-06-24 19,19,20156,3,0
2015-06-24 20,20,19715,3,0
2015-06-24 21,21,18783,3,0
2015-06-24 22,22,17314,3,0
2015-06-24 23,23,15535,3,0
2015-06-25 00,0,14313,4,0
2015-06-25 01,1,13957,4,0
2015-06-25 02,2,13943,4,0
2015-06-25 03,3,13767,4,0
2015-06-25 04,4,14723,4,0
2015-06-25 05,5,15470,4,0
2015-06-25 06,6,16283,4,0
2015-06-25 07,7,17963,4,0
2015-06-25 08,8,19725,4,0
2015-06-25 09,9,21375,4,0
2015-06-25 10,10,21560,4,0
2015-06-25 11,11,21398,4,0
2015-06-25 12,12,23164,4,0
2015-06-25 13,13,24032,4,0
2015-06-25 14,14,23957,4,0
2015-06-25 15,15,23975,4,0
2015-06-25 16,16,23400,4,0
2015-06-25 17,17,22519,4,0
2015-06-25 18,18,20813,4,0
2015-06-25 19,19,20391,4,0
2015-06-25 20,20,20191,4,0
2015-06-25 21,21,19230,4,0
2015-06-25 22,22,17795,4,0
2015-06-25 23,23,15463,4,0
2015-06-26 00,0,16260,5,0
2015-06-26 01,1,15650,5,0
2015-06-26 02,2,15245,5,0
2015-06-26 03,3,15005,5,0
2015-06-26 04,4,15083,5,0
2015-06-26 05,5,16598,5,0
2015-06-26 06,6,18535,5,0
2015-06-26 07,7,20869,5,0
2015-06-26 08,8,21873,5,0
2015-06-26 09,9,23487,5,0
2015-06-26 10,10,23632,5,0
2015-06-26 11,11,23507,5,0
2015-06-26 12,12,23457,5,0
2015-06-26 13,13,23516,5,0
2015-06-26 14,14,23600,5,0
2015-06-26 15,15,23756,5,0
2015-06-26 16,16,23854,5,0
2015-06-26 17,17,23631,5,0
2015-06-26 18,18,23564,5,0
2015-06-26 19,19,23542,5,0
2015-06-26 20,20,23395,5,0
2015-06-26 21,21,22311,5,0
2015-06-26 22,22,20704,5,0
2015-06-26 23,23,17021,5,0
2015-06-27 00,0,15122,6,1
2015-06-27 01,1,14284,6,1
2015-06-27 02,2,13527,6,1
2015-06-27 03,3,13202,6,1
2015-06-27 04,4,14175,6,1
2015-06-27 05,5,15914,6,1
2015-06-27 06,6,17819,6,1
2015-06-27 07,7,20172,6,1
2015-06-27 08,8,21836,6,1
2015-06-27 09,9,22740,6,1
2015-06-27 10,10,22890,6,1
2015-06-27 11,11,22762,6,1
2015-06-27 12,12,22706,6,1
2015-06-27 13,13,22772,6,1
2015-06-27 14,14,22711,6,1
2015-06-27 15,15,22873,6,1
2015-06-27 16,16,22958,6,1
2015-06-27 17,17,22753,6,1
2015-06-27 18,18,22676,6,1
2015-06-27 19,19,22545,6,1
2015-06-27 20,20,21103,6,1
2015-06-27 21,21,18378,6,1
2015-06-27 22,22,16454,6,1
2015-06-27 23,23,15384,6,1
2015-06-28 00,0,14387,7,1
2015-06-28 01,1,12656,7,1
2015-06-28 02,2,12299,7,1
2015-06-28 03,3,12001,7,1
2015-06-28 04,4,12202,7,1
2015-06-28 05,5,12124,7,1
2015-06-28 06,6,12366,7,1
2015-06-28 07,7,13245,7,1
2015-06-28 08,8,15493,7,1
2015-06-28 09,9,16274,7,1
2015-06-28 10,10,16415,7,1
2015-06-28 11,11,15425,7,1
2015-06-28 12,12,14999,7,1
2015-06-28 13,13,15006,7,1
2015-06-28 14,14,14967,7,1
2015-06-28 15,15,15060,7,1
2015-06-28 16,16,15364,7,1
2015-06-28 17,17,15405,7,1
2015-06-28 18,18,15106,7,1
2015-06-28 19,19,15346,7,1
2015-06-28 20,20,15342,7,1
2015-06-28 21,21,15014,7,1
2015-06-28 22,22,14430,7,1
2015-06-28 23,23,13395,7,1
2015-06-29 00,0,12734,1,0
2015-06-29 01,1,12015,1,0
2015-06-29 02,2,11694,1,0
2015-06-29 03,3,11469,1,0
2015-06-29 04,4,11739,1,0
2015-06-29 05,5,12902,1,0
2015-06-29 06,6,15212,1,0
2015-06-29 07,7,17457,1,0
2015-06-29 08,8,19253,1,0
2015-06-29 09,9,20153,1,0
2015-06-29 10,10,20511,1,0
2015-06-29 11,11,20261,1,0
2015-06-29 12,12,20267,1,0
2015-06-29 13,13,20913,1,0
2015-06-29 14,14,20954,1,0
2015-06-29 15,15,20819,1,0
2015-06-29 16,16,20966,1,0
2015-06-29 17,17,20780,1,0
2015-06-29 18,18,20549,1,0
2015-06-29 19,19,20338,1,0
2015-06-29 20,20,19513,1,0
2015-06-29 21,21,18648,1,0
2015-06-29 22,22,17706,1,0
2015-06-29 23,23,16073,1,0
2015-06-30 00,0,14032,2,0
2015-06-30 01,1,13261,2,0
2015-06-30 02,2,12886,2,0
2015-06-30 03,3,12590,2,0
2015-06-30 04,4,12659,2,0
2015-06-30 05,5,12965,2,0
2015-06-30 06,6,14498,2,0
2015-06-30 07,7,17718,2,0
2015-06-30 08,8,20866,2,0
2015-06-30 09,9,22370,2,0
2015-06-30 10,10,22755,2,0
2015-06-30 11,11,22621,2,0
2015-06-30 12,12,22670,2,0
2015-06-30 13,13,22830,2,0
2015-06-30 14,14,22837,2,0
2015-06-30 15,15,22973,2,0
2015-06-30 16,16,23178,2,0
2015-06-30 17,17,22183,2,0
2015-06-30 18,18,21019,2,0
2015-06-30 19,19,21378,2,0
2015-06-30 20,20,21305,2,0
2015-06-30 21,21,20550,2,0
2015-06-30 22,22,18861,2,0
2015-06-30 23,23,17151,2,0
2015-07-01 00,0,14848,3,0
2015-07-01 01,1,13364,3,0
2015-07-01 02,2,12936,3,0
2015-07-01 03,3,12629,3,0
2015-07-01 04,4,12708,3,0
2015-07-01 05,5,13099,3,0
2015-07-01 06,6,14061,3,0
2015-07-01 07,7,16542,3,0
2015-07-01 08,8,18971,3,0
2015-07-01 09,9,19457,3,0
2015-07-01 10,10,20010,3,0
2015-07-01 11,11,20003,3,0
2015-07-01 12,12,19485,3,0
2015-07-01 13,13,19745,3,0
2015-07-01 14,14,19652,3,0
2015-07-01 15,15,19549,3,0
2015-07-01 16,16,19808,3,0
2015-07-01 17,17,19456,3,0
2015-07-01 18,18,19027,3,0
2015-07-01 19,19,18906,3,0
2015-07-01 20,20,18692,3,0
2015-07-01 21,21,17394,3,0
2015-07-01 22,22,16026,3,0
2015-07-01 23,23,14787,3,0
2015-07-02 00,0,13948,4,0
2015-07-02 01,1,13168,4,0
2015-07-02 02,2,12724,4,0
2015-07-02 03,3,12590,4,0
2015-07-02 04,4,12668,4,0
2015-07-02 05,5,13130,4,0
2015-07-02 06,6,14080,4,0
2015-07-02 07,7,16218,4,0
2015-07-02 08,8,18692,4,0
2015-07-02 09,9,19322,4,0
2015-07-02 10,10,19730,4,0
2015-07-02 11,11,19720,4,0
2015-07-02 12,12,19364,4,0
2015-07-02 13,13,19447,4,0
2015-07-02 14,14,19387,4,0
2015-07-02 15,15,19628,4,0
2015-07-02 16,16,19643,4,0
2015-07-02 17,17,19175,4,0
2015-07-02 18,18,19155,4,0
2015-07-02 19,19,19265,4,0
2015-07-02 20,20,18950,4,0
2015-07-02 21,21,17275,4,0
2015-07-02 22,22,16259,4,0
2015-07-02 23,23,15174,4,0
2015-07-03 00,0,14145,5,0
2015-07-03 01,1,13368,5,0
2015-07-03 02,2,12855,5,0
2015-07-03 03,3,12751,5,0
2015-07-03 04,4,12911,5,0
2015-07-03 05,5,13279,5,0
2015-07-03 06,6,14067,5,0
2015-07-03 07,7,16317,5,0
2015-07-03 08,8,18763,5,0
2015-07-03 09,9,19833,5,0
2015-07-03 10,10,20167,5,0
2015-07-03 11,11,19859,5,0
2015-07-03 12,12,19459,5,0
2015-07-03 13,13,19711,5,0
2015-07-03 14,14,19382,5,0
2015-07-03 15,15,19313,5,0
2015-07-03 16,16,19317,5,0
2015-07-03 17,17,18932,5,0
2015-07-03 18,18,18955,5,0
2015-07-03 19,19,19068,5,0
2015-07-03 20,20,18732,5,0
2015-07-03 21,21,17026,5,0
2015-07-03 22,22,16342,5,0
2015-07-03 23,23,15311,5,0
2015-07-04 00,0,13594,6,1
2015-07-04 01,1,12774,6,1
2015-07-04 02,2,12526,6,1
2015-07-04 03,3,12344,6,1
2015-07-04 04,4,12398,6,1
2015-07-04 05,5,12503,6,1
2015-07-04 06,6,13194,6,1
2015-07-04 07,7,14308,6,1
2015-07-04 08,8,15835,6,1
2015-07-04 09,9,16617,6,1
2015-07-04 10,10,16960,6,1
2015-07-04 11,11,16904,6,1
2015-07-04 12,12,16813,6,1
2015-07-04 13,13,16574,6,1
2015-07-04 14,14,16513,6,1
2015-07-04 15,15,16572,6,1
2015-07-04 16,16,17084,6,1
2015-07-04 17,17,17030,6,1
2015-07-04 18,18,16772,6,1
2015-07-04 19,19,16782,6,1
2015-07-04 20,20,16686,6,1
2015-07-04 21,21,15873,6,1
2015-07-04 22,22,14921,6,1
2015-07-04 23,23,13727,6,1
2015-07-05 00,0,12782,7,1
2015-07-05 01,1,12250,7,1
2015-07-05 02,2,11884,7,1
2015-07-05 03,3,11762,7,1
2015-07-05 04,4,11716,7,1
2015-07-05 05,5,11906,7,1
2015-07-05 06,6,12127,7,1
2015-07-05 07,7,12983,7,1
2015-07-05 08,8,14397,7,1
2015-07-05 09,9,15018,7,1
2015-07-05 10,10,15953,7,1
2015-07-05 11,11,16148,7,1
2015-07-05 12,12,16138,7,1
2015-07-05 13,13,15602,7,1
2015-07-05 14,14,15249,7,1
2015-07-05 15,15,15313,7,1
2015-07-05 16,16,15824,7,1
2015-07-05 17,17,15871,7,1
2015-07-05 18,18,16036,7,1
2015-07-05 19,19,16180,7,1
2015-07-05 20,20,16158,7,1
2015-07-05 21,21,15204,7,1
2015-07-05 22,22,14378,7,1
2015-07-05 23,23,13266,7,1
2015-07-06 00,0,12118,1,0
2015-07-06 01,1,11811,1,0
2015-07-06 02,2,11323,1,0
2015-07-06 03,3,11115,1,0
2015-07-06 04,4,11382,1,0
2015-07-06 05,5,11943,1,0
2015-07-06 06,6,13883,1,0
2015-07-06 07,7,16636,1,0
2015-07-06 08,8,18689,1,0
2015-07-06 09,9,19170,1,0
2015-07-06 10,10,19610,1,0
2015-07-06 11,11,19706,1,0
2015-07-06 12,12,19686,1,0
2015-07-06 13,13,19448,1,0
2015-07-06 14,14,19400,1,0
2015-07-06 15,15,19372,1,0
2015-07-06 16,16,19569,1,0
2015-07-06 17,17,19388,1,0
2015-07-06 18,18,18792,1,0
2015-07-06 19,19,18591,1,0
2015-07-06 20,20,17429,1,0
2015-07-06 21,21,15912,1,0
2015-07-06 22,22,14972,1,0
2015-07-06 23,23,13820,1,0
2015-07-07 00,0,12807,2,0
2015-07-07 01,1,12499,2,0
2015-07-07 02,2,11985,2,0
2015-07-07 03,3,11847,2,0
2015-07-07 04,4,12089,2,0
2015-07-07 05,5,12457,2,0
2015-07-07 06,6,13123,2,0
2015-07-07 07,7,14459,2,0
2015-07-07 08,8,16464,2,0
2015-07-07 09,9,17519,2,0
2015-07-07 10,10,17695,2,0
2015-07-07 11,11,17393,2,0
2015-07-07 12,12,16831,2,0
2015-07-07 13,13,17184,2,0
2015-07-07 14,14,17185,2,0
2015-07-07 15,15,17337,2,0
2015-07-07 16,16,17497,2,0
2015-07-07 17,17,16941,2,0
2015-07-07 18,18,16693,2,0
2015-07-07 19,19,16651,2,0
2015-07-07 20,20,16434,2,0
2015-07-07 21,21,15983,2,0
2015-07-07 22,22,15218,2,0
2015-07-07 23,23,14062,2,0
2015-07-08 00,0,13178,3,0
2015-07-08 01,1,12595,3,0
2015-07-08 02,2,12231,3,0
2015-07-08 03,3,12049,3,0
2015-07-08 04,4,12188,3,0
2015-07-08 05,5,12584,3,0
2015-07-08 06,6,13432,3,0
2015-07-08 07,7,15221,3,0
2015-07-08 08,8,17330,3,0
2015-07-08 09,9,17935,3,0
2015-07-08 10,10,18133,3,0
2015-07-08 11,11,17853,3,0
2015-07-08 12,12,17577,3,0
2015-07-08 13,13,17622,3,0
2015-07-08 14,14,17646,3,0
2015-07-08 15,15,17725,3,0
2015-07-08 16,16,17871,3,0
2015-07-08 17,17,17838,3,0
2015-07-08 18,18,17568,3,0
2015-07-08 19,19,17569,3,0
2015-07-08 20,20,17298,3,0
2015-07-08 21,21,16761,3,0
2015-07-08 22,22,15894,3,0
2015-07-08 23,23,14409,3,0
2015-07-09 00,0,13381,4,0
2015-07-09 01,1,12832,4,0
2015-07-09 02,2,12606,4,0
2015-07-09 03,3,12316,4,0
2015-07-09 04,4,12534,4,0
2015-07-09 05,5,12925,4,0
2015-07-09 06,6,13871,4,0
2015-07-09 07,7,16140,4,0
2015-07-09 08,8,17856,4,0
2015-07-09 09,9,18863,4,0
2015-07-09 10,10,18764,4,0
2015-07-09 11,11,18530,4,0
2015-07-09 12,12,18544,4,0
2015-07-09 13,13,18940,4,0
2015-07-09 14,14,18911,4,0
2015-07-09 15,15,19015,4,0
2015-07-09 16,16,19223,4,0
2015-07-09 17,17,18564,4,0
2015-07-09 18,18,18121,4,0
2015-07-09 19,19,18059,4,0
2015-07-09 20,20,17788,4,0
2015-07-09 21,21,17144,4,0
2015-07-09 22,22,16299,4,0
2015-07-09 23,23,15078,4,0
2015-07-10 00,0,13947,5,0
2015-07-10 01,1,13116,5,0
2015-07-10 02,2,12878,5,0
2015-07-10 03,3,12615,5,0
2015-07-10 04,4,12769,5,0
2015-07-10 05,5,13167,5,0
2015-07-10 06,6,14121,5,0
2015-07-10 07,7,16358,5,0
2015-07-10 08,8,18671,5,0
2015-07-10 09,9,19429,5,0
2015-07-10 10,10,19548,5,0
2015-07-10 11,11,19378,5,0
2015-07-10 12,12,18917,5,0
2015-07-10 13,13,19163,5,0
2015-07-10 14,14,19140,5,0
2015-07-10 15,15,19378,5,0
2015-07-10 16,16,19356,5,0
2015-07-10 17,17,18438,5,0
2015-07-10 18,18,18123,5,0
2015-07-10 19,19,18039,5,0
2015-07-10 20,20,17553,5,0
2015-07-10 21,21,16735,5,0
2015-07-10 22,22,15731,5,0
2015-07-10 23,23,14302,5,0
2015-07-11 00,0,13268,6,1
2015-07-11 01,1,12620,6,1
2015-07-11 02,2,12538,6,1
2015-07-11 03,3,12246,6,1
2015-07-11 04,4,12185,6,1
2015-07-11 05,5,12408,6,1
2015-07-11 06,6,12797,6,1
2015-07-11 07,7,13965,6,1
2015-07-11 08,8,15196,6,1
2015-07-11 09,9,16156,6,1
2015-07-11 10,10,16292,6,1
2015-07-11 11,11,16153,6,1
2015-07-11 12,12,15575,6,1
2015-07-11 13,13,15644,6,1
2015-07-11 14,14,15329,6,1
2015-07-11 15,15,15444,6,1
2015-07-11 16,16,15747,6,1
2015-07-11 17,17,15517,6,1
2015-07-11 18,18,15226,6,1
2015-07-11 19,19,15457,6,1
2015-07-11 20,20,15130,6,1
2015-07-11 21,21,14695,6,1
2015-07-11 22,22,13953,6,1
2015-07-11 23,23,13031,6,1
2015-07-12 00,0,12111,7,1
2015-07-12 01,1,11743,7,1
2015-07-12 02,2,11327,7,1
2015-07-12 03,3,11253,7,1
2015-07-12 04,4,11294,7,1
2015-07-12 05,5,11644,7,1
2015-07-12 06,6,11905,7,1
2015-07-12 07,7,13292,7,1
2015-07-12 08,8,14430,7,1
2015-07-12 09,9,15159,7,1
2015-07-12 10,10,15370,7,1
2015-07-12 11,11,15230,7,1
2015-07-12 12,12,14814,7,1
2015-07-12 13,13,14970,7,1
2015-07-12 14,14,14932,7,1
2015-07-12 15,15,15416,7,1
2015-07-12 16,16,15613,7,1
2015-07-12 17,17,15566,7,1
2015-07-12 18,18,15606,7,1
2015-07-12 19,19,15835,7,1
2015-07-12 20,20,15875,7,1
2015-07-12 21,21,15558,7,1
2015-07-12 22,22,14923,7,1
2015-07-12 23,23,13891,7,1
2015-07-13 00,0,12830,1,0
2015-07-13 01,1,11876,1,0
2015-07-13 02,2,11621,1,0
2015-07-13 03,3,11382,1,0
2015-07-13 04,4,11662,1,0
2015-07-13 05,5,12525,1,0
2015-07-13 06,6,14694,1,0
2015-07-13 07,7,18306,1,0
2015-07-13 08,8,20325,1,0
2015-07-13 09,9,21199,1,0
2015-07-13 10,10,21592,1,0
2015-07-13 11,11,21535,1,0
2015-07-13 12,12,21422,1,0
2015-07-13 13,13,21916,1,0
2015-07-13 14,14,21996,1,0
2015-07-13 15,15,21916,1,0
2015-07-13 16,16,21906,1,0
2015-07-13 17,17,21110,1,0
2015-07-13 18,18,20378,1,0
2015-07-13 19,19,20403,1,0
2015-07-13 20,20,20117,1,0
2015-07-13 21,21,19605,1,0
2015-07-13 22,22,17592,1,0
2015-07-13 23,23,15754,1,0
2015-07-14 00,0,14631,2,0
2015-07-14 01,1,13707,2,0
2015-07-14 02,2,13172,2,0
2015-07-14 03,3,12952,2,0
2015-07-14 04,4,13201,2,0
2015-07-14 05,5,14318,2,0
2015-07-14 06,6,15840,2,0
2015-07-14 07,7,18271,2,0
2015-07-14 08,8,21418,2,0
2015-07-14 09,9,23038,2,0
2015-07-14 10,10,23322,2,0
2015-07-14 11,11,23113,2,0
2015-07-14 12,12,23052,2,0
2015-07-14 13,13,23297,2,0
2015-07-14 14,14,23163,2,0
2015-07-14 15,15,23027,2,0
2015-07-14 16,16,22921,2,0
2015-07-14 17,17,21687,2,0
2015-07-14 18,18,20513,2,0
2015-07-14 19,19,20223,2,0
2015-07-14 20,20,19871,2,0
2015-07-14 21,21,19190,2,0
2015-07-14 22,22,17044,2,0
2015-07-14 23,23,15217,2,0
2015-07-15 00,0,14624,3,0
2015-07-15 01,1,14221,3,0
2015-07-15 02,2,14251,3,0
2015-07-15 03,3,14015,3,0
2015-07-15 04,4,14091,3,0
2015-07-15 05,5,14453,3,0
2015-07-15 06,6,15192,3,0
2015-07-15 07,7,18018,3,0
2015-07-15 08,8,20978,3,0
2015-07-15 09,9,22723,3,0
2015-07-15 10,10,23158,3,0
2015-07-15 11,11,22833,3,0
2015-07-15 12,12,22891,3,0
2015-07-15 13,13,23088,3,0
2015-07-15 14,14,23106,3,0
2015-07-15 15,15,23131,3,0
2015-07-15 16,16,23041,3,0
2015-07-15 17,17,22130,3,0
2015-07-15 18,18,20943,3,0
2015-07-15 19,19,21103,3,0
2015-07-15 20,20,21018,3,0
2015-07-15 21,21,19823,3,0
2015-07-15 22,22,18504,3,0
2015-07-15 23,23,17293,3,0
2015-07-16 00,0,15894,4,0
2015-07-16 01,1,14656,4,0
2015-07-16 02,2,14280,4,0
2015-07-16 03,3,13974,4,0
2015-07-16 04,4,14008,4,0
2015-07-16 05,5,14455,4,0
2015-07-16 06,6,15226,4,0
2015-07-16 07,7,17836,4,0
2015-07-16 08,8,20490,4,0
2015-07-16 09,9,22245,4,0
2015-07-16 10,10,22659,4,0
2015-07-16 11,11,22337,4,0
2015-07-16 12,12,22434,4,0
2015-07-16 13,13,22602,4,0
2015-07-16 14,14,22582,4,0
2015-07-16 15,15,22643,4,0
2015-07-16 16,16,22494,4,0
2015-07-16 17,17,21655,4,0
2015-07-16 18,18,20430,4,0
2015-07-16 19,19,20590,4,0
2015-07-16 20,20,20545,4,0
2015-07-16 21,21,19390,4,0
2015-07-16 22,22,18059,4,0
2015-07-16 23,23,16489,4,0
2015-07-17 00,0,15250,5,0
2015-07-17 01,1,14429,5,0
2015-07-17 02,2,14051,5,0
2015-07-17 03,3,13617,5,0
2015-07-17 04,4,13832,5,0
2015-07-17 05,5,14021,5,0
2015-07-17 06,6,14892,5,0
2015-07-17 07,7,17562,5,0
2015-07-17 08,8,20289,5,0
2015-07-17 09,9,21803,5,0
2015-07-17 10,10,22065,5,0
2015-07-17 11,11,21867,5,0
2015-07-17 12,12,21844,5,0
2015-07-17 13,13,22052,5,0
2015-07-17 14,14,21958,5,0
2015-07-17 15,15,21848,5,0
2015-07-17 16,16,21587,5,0
2015-07-17 17,17,20618,5,0
2015-07-17 18,18,19559,5,0
2015-07-17 19,19,19264,5,0
2015-07-17 20,20,18981,5,0
2015-07-17 21,21,18452,5,0
2015-07-17 22,22,17770,5,0
2015-07-17 23,23,15961,5,0
2015-07-18 00,0,14760,6,1
2015-07-18 01,1,14070,6,1
2015-07-18 02,2,13460,6,1
2015-07-18 03,3,13261,6,1
2015-07-18 04,4,13105,6,1
2015-07-18 05,5,13202,6,1
2015-07-18 06,6,13514,6,1
2015-07-18 07,7,14656,6,1
2015-07-18 08,8,16476,6,1
2015-07-18 09,9,17410,6,1
2015-07-18 10,10,17781,6,1
2015-07-18 11,11,17745,6,1
2015-07-18 12,12,17612,6,1
2015-07-18 13,13,17768,6,1
2015-07-18 14,14,17729,6,1
2015-07-18 15,15,17746,6,1
2015-07-18 16,16,17733,6,1
2015-07-18 17,17,17074,6,1
2015-07-18 18,18,16603,6,1
2015-07-18 19,19,16863,6,1
2015-07-18 20,20,16820,6,1
2015-07-18 21,21,16669,6,1
2015-07-18 22,22,16061,6,1
2015-07-18 23,23,15234,6,1
2015-07-19 00,0,14134,7,1
2015-07-19 01,1,13488,7,1
2015-07-19 02,2,12927,7,1
2015-07-19 03,3,12553,7,1
2015-07-19 04,4,12419,7,1
2015-07-19 05,5,12552,7,1
2015-07-19 06,6,12723,7,1
2015-07-19 07,7,13793,7,1
2015-07-19 08,8,15522,7,1
2015-07-19 09,9,16468,7,1
2015-07-19 10,10,17362,7,1
2015-07-19 11,11,17374,7,1
2015-07-19 12,12,17503,7,1
2015-07-19 13,13,17484,7,1
2015-07-19 14,14,17274,7,1
2015-07-19 15,15,17008,7,1
2015-07-19 16,16,17061,7,1
2015-07-19 17,17,16603,7,1
2015-07-19 18,18,16449,7,1
2015-07-19 19,19,17009,7,1
2015-07-19 20,20,17358,7,1
2015-07-19 21,21,17252,7,1
2015-07-19 22,22,16475,7,1
2015-07-19 23,23,15070,7,1
2015-07-20 00,0,13791,1,0
2015-07-20 01,1,12875,1,0
2015-07-20 02,2,12357,1,0
2015-07-20 03,3,11993,1,0
2015-07-20 04,4,12099,1,0
2015-07-20 05,5,12621,1,0
2015-07-20 06,6,13876,1,0
2015-07-20 07,7,16533,1,0
2015-07-20 08,8,20295,1,0
2015-07-20 09,9,22244,1,0
2015-07-20 10,10,22596,1,0
2015-07-20 11,11,22392,1,0
2015-07-20 12,12,22276,1,0
2015-07-20 13,13,22508,1,0
2015-07-20 14,14,22452,1,0
2015-07-20 15,15,22525,1,0
2015-07-20 16,16,22304,1,0
2015-07-20 17,17,21582,1,0
2015-07-20 18,18,20835,1,0
2015-07-20 19,19,20925,1,0
2015-07-20 20,20,20637,1,0
2015-07-20 21,21,19561,1,0
2015-07-20 22,22,17935,1,0
2015-07-20 23,23,16724,1,0
2015-07-21 00,0,15711,2,0
2015-07-21 01,1,14971,2,0
2015-07-21 02,2,14621,2,0
2015-07-21 03,3,14187,2,0
2015-07-21 04,4,14246,2,0
2015-07-21 05,5,14595,2,0
2015-07-21 06,6,15485,2,0
2015-07-21 07,7,18133,2,0
2015-07-21 08,8,21388,2,0
2015-07-21 09,9,22664,2,0
2015-07-21 10,10,22960,2,0
2015-07-21 11,11,22646,2,0
2015-07-21 12,12,22662,2,0
2015-07-21 13,13,22791,2,0
2015-07-21 14,14,22660,2,0
2015-07-21 15,15,22582,2,0
2015-07-21 16,16,22422,2,0
2015-07-21 17,17,21425,2,0
2015-07-21 18,18,20351,2,0
2015-07-21 19,19,20515,2,0
2015-07-21 20,20,20387,2,0
2015-07-21 21,21,19864,2,0
2015-07-21 22,22,18973,2,0
2015-07-21 23,23,17647,2,0
2015-07-22 00,0,16300,3,0
2015-07-22 01,1,15293,3,0
2015-07-22 02,2,14897,3,0
2015-07-22 03,3,14416,3,0
2015-07-22 04,4,14392,3,0
2015-07-22 05,5,14828,3,0
2015-07-22 06,6,15633,3,0
2015-07-22 07,7,18240,3,0
2015-07-22 08,8,21192,3,0
2015-07-22 09,9,22860,3,0
2015-07-22 10,10,23214,3,0
2015-07-22 11,11,22912,3,0
2015-07-22 12,12,22979,3,0
2015-07-22 13,13,23071,3,0
2015-07-22 14,14,23039,3,0
2015-07-22 15,15,22899,3,0
2015-07-22 16,16,22785,3,0
2015-07-22 17,17,21752,3,0
2015-07-22 18,18,20872,3,0
2015-07-22 19,19,21162,3,0
2015-07-22 20,20,21086,3,0
2015-07-22 21,21,20661,3,0
2015-07-22 22,22,19594,3,0
2015-07-22 23,23,18429,3,0
2015-07-23 00,0,16680,4,0
2015-07-23 01,1,15848,4,0
2015-07-23 02,2,15239,4,0
2015-07-23 03,3,14800,4,0
2015-07-23 04,4,14746,4,0
2015-07-23 05,5,14929,4,0
2015-07-23 06,6,15850,4,0
2015-07-23 07,7,18490,4,0
2015-07-23 08,8,21837,4,0
2015-07-23 09,9,23328,4,0
2015-07-23 10,10,23839,4,0
2015-07-23 11,11,23684,4,0
2015-07-23 12,12,23215,4,0
2015-07-23 13,13,23428,4,0
2015-07-23 14,14,23380,4,0
2015-07-23 15,15,23355,4,0
2015-07-23 16,16,23139,4,0
2015-07-23 17,17,22607,4,0
2015-07-23 18,18,21821,4,0
2015-07-23 19,19,21704,4,0
2015-07-23 20,20,21566,4,0
2015-07-23 21,21,20689,4,0
2015-07-23 22,22,19393,4,0
2015-07-23 23,23,18074,4,0
2015-07-24 00,0,16732,5,0
2015-07-24 01,1,15749,5,0
2015-07-24 02,2,15052,5,0
2015-07-24 03,3,14877,5,0
2015-07-24 04,4,14821,5,0
2015-07-24 05,5,15053,5,0
2015-07-24 06,6,16046,5,0
2015-07-24 07,7,18732,5,0
2015-07-24 08,8,22117,5,0
2015-07-24 09,9,23946,5,0
2015-07-24 10,10,24313,5,0
2015-07-24 11,11,24281,5,0
2015-07-24 12,12,24441,5,0
2015-07-24 13,13,24387,5,0
2015-07-24 14,14,24253,5,0
2015-07-24 15,15,23877,5,0
2015-07-24 16,16,23725,5,0
2015-07-24 17,17,23122,5,0
2015-07-24 18,18,22362,5,0
2015-07-24 19,19,22257,5,0
2015-07-24 20,20,22118,5,0
2015-07-24 21,21,21698,5,0
2015-07-24 22,22,20662,5,0
2015-07-24 23,23,18264,5,0
2015-07-25 00,0,16659,6,1
2015-07-25 01,1,15922,6,1
2015-07-25 02,2,15368,6,1
2015-07-25 03,3,14925,6,1
2015-07-25 04,4,14566,6,1
2015-07-25 05,5,14463,6,1
2015-07-25 06,6,14980,6,1
2015-07-25 07,7,17012,6,1
2015-07-25 08,8,19663,6,1
2015-07-25 09,9,21310,6,1
2015-07-25 10,10,21992,6,1
2015-07-25 11,11,22006,6,1
2015-07-25 12,12,22414,6,1
2015-07-25 13,13,22495,6,1
2015-07-25 14,14,22379,6,1
2015-07-25 15,15,22395,6,1
2015-07-25 16,16,22224,6,1
2015-07-25 17,17,21457,6,1
2015-07-25 18,18,20911,6,1
2015-07-25 19,19,21350,6,1
2015-07-25 20,20,21475,6,1
2015-07-25 21,21,21111,6,1
2015-07-25 22,22,20297,6,1
2015-07-25 23,23,18996,6,1
2015-07-26 00,0,17116,7,1
2015-07-26 01,1,15636,7,1
2015-07-26 02,2,15035,7,1
2015-07-26 03,3,14361,7,1
2015-07-26 04,4,14139,7,1
2015-07-26 05,5,14090,7,1
2015-07-26 06,6,14476,7,1
2015-07-26 07,7,16370,7,1
2015-07-26 08,8,18909,7,1
2015-07-26 09,9,20487,7,1
2015-07-26 10,10,21260,7,1
2015-07-26 11,11,21491,7,1
2015-07-26 12,12,21954,7,1
2015-07-26 13,13,22048,7,1
2015-07-26 14,14,22007,7,1
2015-07-26 15,15,21830,7,1
2015-07-26 16,16,21661,7,1
2015-07-26 17,17,21112,7,1
2015-07-26 18,18,20592,7,1
2015-07-26 19,19,21478,7,1
2015-07-26 20,20,22027,7,1
2015-07-26 21,21,21890,7,1
2015-07-26 22,22,21055,7,1
2015-07-26 23,23,18805,7,1
2015-07-27 00,0,17059,1,0
2015-07-27 01,1,15861,1,0
2015-07-27 02,2,15313,1,0
2015-07-27 03,3,14900,1,0
2015-07-27 04,4,14622,1,0
2015-07-27 05,5,14820,1,0
2015-07-27 06,6,16067,1,0
2015-07-27 07,7,20139,1,0
2015-07-27 08,8,23881,1,0
2015-07-27 09,9,25442,1,0
2015-07-27 10,10,25950,1,0
2015-07-27 11,11,25943,1,0
2015-07-27 12,12,25805,1,0
2015-07-27 13,13,26006,1,0
2015-07-27 14,14,26466,1,0
2015-07-27 15,15,26350,1,0
2015-07-27 16,16,26189,1,0
2015-07-27 17,17,24537,1,0
2015-07-27 18,18,23257,1,0
2015-07-27 19,19,23591,1,0
2015-07-27 20,20,23794,1,0
2015-07-27 21,21,23679,1,0
2015-07-27 22,22,22620,1,0
2015-07-27 23,23,20648,1,0
2015-07-28 00,0,18891,2,0
2015-07-28 01,1,18013,2,0
2015-07-28 02,2,17577,2,0
2015-07-28 03,3,17167,2,0
2015-07-28 04,4,16923,2,0
2015-07-28 05,5,17195,2,0
2015-07-28 06,6,18701,2,0
2015-07-28 07,7,22151,2,0
2015-07-28 08,8,25662,2,0
2015-07-28 09,9,27557,2,0
2015-07-28 10,10,28122,2,0
2015-07-28 11,11,27937,2,0
2015-07-28 12,12,28269,2,0
2015-07-28 13,13,28284,2,0
2015-07-28 14,14,28183,2,0
2015-07-28 15,15,27948,2,0
2015-07-28 16,16,27751,2,0
2015-07-28 17,17,26494,2,0
2015-07-28 18,18,25222,2,0
2015-07-28 19,19,24994,2,0
2015-07-28 20,20,25113,2,0
2015-07-28 21,21,24951,2,0
2015-07-28 22,22,23671,2,0
2015-07-28 23,23,21658,2,0
2015-07-29 00,0,20074,3,0
2015-07-29 01,1,20082,3,0
2015-07-29 02,2,19347,3,0
2015-07-29 03,3,18735,3,0
2015-07-29 04,4,18332,3,0
2015-07-29 05,5,18444,3,0
2015-07-29 06,6,18981,3,0
2015-07-29 07,7,22438,3,0
2015-07-29 08,8,25843,3,0
2015-07-29 09,9,27496,3,0
2015-07-29 10,10,27907,3,0
2015-07-29 11,11,27971,3,0
2015-07-29 12,12,28104,3,0
2015-07-29 13,13,28365,3,0
2015-07-29 14,14,28204,3,0
2015-07-29 15,15,28109,3,0
2015-07-29 16,16,27886,3,0
2015-07-29 17,17,26515,3,0
2015-07-29 18,18,25921,3,0
2015-07-29 19,19,26954,3,0
2015-07-29 20,20,27129,3,0
2015-07-29 21,21,26871,3,0
2015-07-29 22,22,25972,3,0
2015-07-29 23,23,23455,3,0
2015-07-30 00,0,21753,4,0
2015-07-30 01,1,19838,4,0
2015-07-30 02,2,19003,4,0
2015-07-30 03,3,18230,4,0
2015-07-30 04,4,18038,4,0
2015-07-30 05,5,18061,4,0
2015-07-30 06,6,18568,4,0
2015-07-30 07,7,22491,4,0
2015-07-30 08,8,25906,4,0
2015-07-30 09,9,27115,4,0
2015-07-30 10,10,27623,4,0
2015-07-30 11,11,27885,4,0
2015-07-30 12,12,28031,4,0
2015-07-30 13,13,27744,4,0
2015-07-30 14,14,27534,4,0
2015-07-30 15,15,27346,4,0
2015-07-30 16,16,27170,4,0
2015-07-30 17,17,26456,4,0
2015-07-30 18,18,25985,4,0
2015-07-30 19,19,27013,4,0
2015-07-30 20,20,27186,4,0
2015-07-30 21,21,26926,4,0
2015-07-30 22,22,25174,4,0
2015-07-30 23,23,22815,4,0
2015-07-31 00,0,21115,5,0
2015-07-31 01,1,19655,5,0
2015-07-31 02,2,18633,5,0
2015-07-31 03,3,17842,5,0
2015-07-31 04,4,17476,5,0
2015-07-31 05,5,17358,5,0
2015-07-31 06,6,18604,5,0
2015-07-31 07,7,21717,5,0
2015-07-31 08,8,25049,5,0
2015-07-31 09,9,26607,5,0
2015-07-31 10,10,27276,5,0
2015-07-31 11,11,27114,5,0
2015-07-31 12,12,27315,5,0
2015-07-31 13,13,27567,5,0
2015-07-31 14,14,27506,5,0
2015-07-31 15,15,27097,5,0
2015-07-31 16,16,26936,5,0
2015-07-31 17,17,25777,5,0
2015-07-31 18,18,24527,5,0
2015-07-31 19,19,25014,5,0
2015-07-31 20,20,25425,5,0
2015-07-31 21,21,25425,5,0
2015-07-31 22,22,24659,5,0
2015-07-31 23,23,23059,5,0
2015-08-01 00,0,21151,6,1
2015-08-01 01,1,19575,6,1
2015-08-01 02,2,18735,6,1
2015-08-01 03,3,18072,6,1
2015-08-01 04,4,17567,6,1
2015-08-01 05,5,17496,6,1
2015-08-01 06,6,17525,6,1
2015-08-01 07,7,19724,6,1
2015-08-01 08,8,22168,6,1
2015-08-01 09,9,24085,6,1
2015-08-01 10,10,24847,6,1
2015-08-01 11,11,24876,6,1
2015-08-01 12,12,25052,6,1
2015-08-01 13,13,25125,6,1
2015-08-01 14,14,24944,6,1
2015-08-01 15,15,24888,6,1
2015-08-01 16,16,23905,6,1
2015-08-01 17,17,22305,6,1
2015-08-01 18,18,22026,6,1
2015-08-01 19,19,23181,6,1
2015-08-01 20,20,23507,6,1
2015-08-01 21,21,23352,6,1
2015-08-01 22,22,22320,6,1
2015-08-01 23,23,21315,6,1
2015-08-02 00,0,19848,7,1
2015-08-02 01,1,18792,7,1
2015-08-02 02,2,17855,7,1
2015-08-02 03,3,17280,7,1
2015-08-02 04,4,16877,7,1
2015-08-02 05,5,16838,7,1
2015-08-02 06,6,17024,7,1
2015-08-02 07,7,18429,7,1
2015-08-02 08,8,20733,7,1
2015-08-02 09,9,22494,7,1
2015-08-02 10,10,23424,7,1
2015-08-02 11,11,23883,7,1
2015-08-02 12,12,24409,7,1
2015-08-02 13,13,24562,7,1
2015-08-02 14,14,24364,7,1
2015-08-02 15,15,24028,7,1
2015-08-02 16,16,23921,7,1
2015-08-02 17,17,23352,7,1
2015-08-02 18,18,22653,7,1
2015-08-02 19,19,23609,7,1
2015-08-02 20,20,23833,7,1
2015-08-02 21,21,23630,7,1
2015-08-02 22,22,22647,7,1
2015-08-02 23,23,21474,7,1
2015-08-03 00,0,19915,1,0
2015-08-03 01,1,18734,1,0
2015-08-03 02,2,17649,1,0
2015-08-03 03,3,17023,1,0
2015-08-03 04,4,16832,1,0
2015-08-03 05,5,16980,1,0
2015-08-03 06,6,18491,1,0
2015-08-03 07,7,21536,1,0
2015-08-03 08,8,25766,1,0
2015-08-03 09,9,27836,1,0
2015-08-03 10,10,28797,1,0
2015-08-03 11,11,28970,1,0
2015-08-03 12,12,29579,1,0
2015-08-03 13,13,29820,1,0
2015-08-03 14,14,29469,1,0
2015-08-03 15,15,29175,1,0
2015-08-03 16,16,29083,1,0
2015-08-03 17,17,27587,1,0
2015-08-03 18,18,25993,1,0
2015-08-03 19,19,26293,1,0
2015-08-03 20,20,26351,1,0
2015-08-03 21,21,26027,1,0
2015-08-03 22,22,24834,1,0
2015-08-03 23,23,22848,1,0
2015-08-04 00,0,21331,2,0
2015-08-04 01,1,19947,2,0
2015-08-04 02,2,19006,2,0
2015-08-04 03,3,18430,2,0
2015-08-04 04,4,18083,2,0
2015-08-04 05,5,18078,2,0
2015-08-04 06,6,19178,2,0
2015-08-04 07,7,22392,2,0
2015-08-04 08,8,25965,2,0
2015-08-04 09,9,27897,2,0
2015-08-04 10,10,28840,2,0
2015-08-04 11,11,28740,2,0
2015-08-04 12,12,29036,2,0
2015-08-04 13,13,29253,2,0
2015-08-04 14,14,29086,2,0
2015-08-04 15,15,28908,2,0
2015-08-04 16,16,28779,2,0
2015-08-04 17,17,27474,2,0
2015-08-04 18,18,26023,2,0
2015-08-04 19,19,26363,2,0
2015-08-04 20,20,26453,2,0
2015-08-04 21,21,26195,2,0
2015-08-04 22,22,25025,2,0
2015-08-04 23,23,23384,2,0
2015-08-05 00,0,21331,3,0
2015-08-05 01,1,19984,3,0
2015-08-05 02,2,19215,3,0
2015-08-05 03,3,18482,3,0
2015-08-05 04,4,18189,3,0
2015-08-05 05,5,18215,3,0
2015-08-05 06,6,18917,3,0
2015-08-05 07,7,21962,3,0
2015-08-05 08,8,25494,3,0
2015-08-05 09,9,27364,3,0
2015-08-05 10,10,28159,3,0
2015-08-05 11,11,28554,3,0
2015-08-05 12,12,29086,3,0
2015-08-05 13,13,29193,3,0
2015-08-05 14,14,28947,3,0
2015-08-05 15,15,28601,3,0
2015-08-05 16,16,28073,3,0
2015-08-05 17,17,26858,3,0
2015-08-05 18,18,24942,3,0
2015-08-05 19,19,24741,3,0
2015-08-05 20,20,24682,3,0
2015-08-05 21,21,24531,3,0
2015-08-05 22,22,23606,3,0
2015-08-05 23,23,22400,3,0
2015-08-06 00,0,20727,4,0
2015-08-06 01,1,19324,4,0
2015-08-06 02,2,18456,4,0
2015-08-06 03,3,17798,4,0
2015-08-06 04,4,17575,4,0
2015-08-06 05,5,17487,4,0
2015-08-06 06,6,18549,4,0
2015-08-06 07,7,21379,4,0
2015-08-06 08,8,24692,4,0
2015-08-06 09,9,26238,4,0
2015-08-06 10,10,26729,4,0
2015-08-06 11,11,26678,4,0
2015-08-06 12,12,26750,4,0
2015-08-06 13,13,27044,4,0
2015-08-06 14,14,27145,4,0
2015-08-06 15,15,27058,4,0
2015-08-06 16,16,26718,4,0
2015-08-06 17,17,25612,4,0
2015-08-06 18,18,24076,4,0
2015-08-06 19,19,24339,4,0
2015-08-06 20,20,24436,4,0
2015-08-06 21,21,24286,4,0
2015-08-06 22,22,23604,4,0
2015-08-06 23,23,22395,4,0
2015-08-07 00,0,20602,5,0
2015-08-07 01,1,19002,5,0
2015-08-07 02,2,18307,5,0
2015-08-07 03,3,17777,5,0
2015-08-07 04,4,17471,5,0
2015-08-07 05,5,17488,5,0
2015-08-07 06,6,18435,5,0
2015-08-07 07,7,21579,5,0
2015-08-07 08,8,25016,5,0
2015-08-07 09,9,26373,5,0
2015-08-07 10,10,26852,5,0
2015-08-07 11,11,26848,5,0
2015-08-07 12,12,26956,5,0
2015-08-07 13,13,26857,5,0
2015-08-07 14,14,25854,5,0
2015-08-07 15,15,25371,5,0
2015-08-07 16,16,25282,5,0
2015-08-07 17,17,24152,5,0
2015-08-07 18,18,23472,5,0
2015-08-07 19,19,23841,5,0
2015-08-07 20,20,23939,5,0
2015-08-07 21,21,23790,5,0
2015-08-07 22,22,23115,5,0
2015-08-07 23,23,21906,5,0
2015-08-08 00,0,20219,6,1
2015-08-08 01,1,18701,6,1
2015-08-08 02,2,17769,6,1
2015-08-08 03,3,17168,6,1
2015-08-08 04,4,16732,6,1
2015-08-08 05,5,16818,6,1
2015-08-08 06,6,16920,6,1
2015-08-08 07,7,18472,6,1
2015-08-08 08,8,20625,6,1
2015-08-08 09,9,21853,6,1
2015-08-08 10,10,22586,6,1
2015-08-08 11,11,22554,6,1
2015-08-08 12,12,22637,6,1
2015-08-08 13,13,22798,6,1
2015-08-08 14,14,22668,6,1
2015-08-08 15,15,22370,6,1
2015-08-08 16,16,22128,6,1
2015-08-08 17,17,21385,6,1
2015-08-08 18,18,20941,6,1
2015-08-08 19,19,21349,6,1
2015-08-08 20,20,21368,6,1
2015-08-08 21,21,20944,6,1
2015-08-08 22,22,20127,6,1
2015-08-08 23,23,19633,6,1
2015-08-09 00,0,18273,7,1
2015-08-09 01,1,17260,7,1
2015-08-09 02,2,16541,7,1
2015-08-09 03,3,15900,7,1
2015-08-09 04,4,15667,7,1
2015-08-09 05,5,15857,7,1
2015-08-09 06,6,15744,7,1
2015-08-09 07,7,17595,7,1
2015-08-09 08,8,19374,7,1
2015-08-09 09,9,20297,7,1
2015-08-09 10,10,20667,7,1
2015-08-09 11,11,20679,7,1
2015-08-09 12,12,20817,7,1
2015-08-09 13,13,20887,7,1
2015-08-09 14,14,20763,7,1
2015-08-09 15,15,20317,7,1
2015-08-09 16,16,20315,7,1
2015-08-09 17,17,19977,7,1
2015-08-09 18,18,19885,7,1
2015-08-09 19,19,20341,7,1
2015-08-09 20,20,20749,7,1
2015-08-09 21,21,20745,7,1
2015-08-09 22,22,20126,7,1
2015-08-09 23,23,18988,7,1
2015-08-10 00,0,17622,1,0
2015-08-10 01,1,16528,1,0
2015-08-10 02,2,15630,1,0
2015-08-10 03,3,15099,1,0
2015-08-10 04,4,15176,1,0
2015-08-10 05,5,15426,1,0
2015-08-10 06,6,16490,1,0
2015-08-10 07,7,20109,1,0
2015-08-10 08,8,23028,1,0
2015-08-10 09,9,24165,1,0
2015-08-10 10,10,24575,1,0
2015-08-10 11,11,24545,1,0
2015-08-10 12,12,24719,1,0
2015-08-10 13,13,24779,1,0
2015-08-10 14,14,24738,1,0
2015-08-10 15,15,24662,1,0
2015-08-10 16,16,24444,1,0
2015-08-10 17,17,23484,1,0
2015-08-10 18,18,23160,1,0
2015-08-10 19,19,23351,1,0
2015-08-10 20,20,23342,1,0
2015-08-10 21,21,23035,1,0
2015-08-10 22,22,22172,1,0
2015-08-10 23,23,20639,1,0
2015-08-11 00,0,19025,2,0
2015-08-11 01,1,17876,2,0
2015-08-11 02,2,16707,2,0
2015-08-11 03,3,15801,2,0
2015-08-11 04,4,15531,2,0
2015-08-11 05,5,15647,2,0
2015-08-11 06,6,16301,2,0
2015-08-11 07,7,19468,2,0
2015-08-11 08,8,22699,2,0
2015-08-11 09,9,23793,2,0
2015-08-11 10,10,24154,2,0
2015-08-11 11,11,24154,2,0
2015-08-11 12,12,24225,2,0
2015-08-11 13,13,24321,2,0
2015-08-11 14,14,23999,2,0
2015-08-11 15,15,23690,2,0
2015-08-11 16,16,23536,2,0
2015-08-11 17,17,22406,2,0
2015-08-11 18,18,22355,2,0
2015-08-11 19,19,22601,2,0
2015-08-11 20,20,22485,2,0
2015-08-11 21,21,22153,2,0
2015-08-11 22,22,21270,2,0
2015-08-11 23,23,19557,2,0
2015-08-12 00,0,18057,3,0
2015-08-12 01,1,16480,3,0
2015-08-12 02,2,15494,3,0
2015-08-12 03,3,14834,3,0
2015-08-12 04,4,14693,3,0
2015-08-12 05,5,14782,3,0
2015-08-12 06,6,15947,3,0
2015-08-12 07,7,18157,3,0
2015-08-12 08,8,21030,3,0
2015-08-12 09,9,22226,3,0
2015-08-12 10,10,22624,3,0
2015-08-12 11,11,22626,3,0
2015-08-12 12,12,22357,3,0
2015-08-12 13,13,22643,3,0
2015-08-12 14,14,22675,3,0
2015-08-12 15,15,22631,3,0
2015-08-12 16,16,22501,3,0
2015-08-12 17,17,21564,3,0
2015-08-12 18,18,21543,3,0
2015-08-12 19,19,21708,3,0
2015-08-12 20,20,21722,3,0
2015-08-12 21,21,21437,3,0
2015-08-12 22,22,20440,3,0
2015-08-12 23,23,18153,3,0
2015-08-13 00,0,16536,4,0
2015-08-13 01,1,15751,4,0
2015-08-13 02,2,15097,4,0
2015-08-13 03,3,14774,4,0
2015-08-13 04,4,14716,4,0
2015-08-13 05,5,14928,4,0
2015-08-13 06,6,16168,4,0
2015-08-13 07,7,18805,4,0
2015-08-13 08,8,21687,4,0
2015-08-13 09,9,23175,4,0
2015-08-13 10,10,23481,4,0
2015-08-13 11,11,23168,4,0
2015-08-13 12,12,22838,4,0
2015-08-13 13,13,23033,4,0
2015-08-13 14,14,22747,4,0
2015-08-13 15,15,22232,4,0
2015-08-13 16,16,22192,4,0
2015-08-13 17,17,21186,4,0
2015-08-13 18,18,21541,4,0
2015-08-13 19,19,21707,4,0
2015-08-13 20,20,21723,4,0
2015-08-13 21,21,21440,4,0
2015-08-13 22,22,20438,4,0
2015-08-13 23,23,18133,4,0
2015-08-14 00,0,16727,5,0
2015-08-14 01,1,15618,5,0
2015-08-14 02,2,15013,5,0
2015-08-14 03,3,14654,5,0
2015-08-14 04,4,14590,5,0
2015-08-14 05,5,15036,5,0
2015-08-14 06,6,15802,5,0
2015-08-14 07,7,18491,5,0
2015-08-14 08,8,21436,5,0
2015-08-14 09,9,22728,5,0
2015-08-14 10,10,23187,5,0
2015-08-14 11,11,22914,5,0
2015-08-14 12,12,22638,5,0
2015-08-14 13,13,22871,5,0
2015-08-14 14,14,22965,5,0
2015-08-14 15,15,22757,5,0
2015-08-14 16,16,22480,5,0
2015-08-14 17,17,21458,5,0
2015-08-14 18,18,21840,5,0
2015-08-14 19,19,22005,5,0
2015-08-14 20,20,22021,5,0
2015-08-14 21,21,21736,5,0
2015-08-14 22,22,20744,5,0
2015-08-14 23,23,18435,5,0
2015-08-15 00,0,16825,6,1
2015-08-15 01,1,15652,6,1
2015-08-15 02,2,15028,6,1
2015-08-15 03,3,14609,6,1
2015-08-15 04,4,14101,6,1
2015-08-15 05,5,14031,6,1
2015-08-15 06,6,14421,6,1
2015-08-15 07,7,16335,6,1
2015-08-15 08,8,18883,6,1
2015-08-15 09,9,20692,6,1
2015-08-15 10,10,21326,6,1
2015-08-15 11,11,21344,6,1
2015-08-15 12,12,21313,6,1
2015-08-15 13,13,21335,6,1
2015-08-15 14,14,21202,6,1
2015-08-15 15,15,20893,6,1
2015-08-15 16,16,20625,6,1
2015-08-15 17,17,20009,6,1
2015-08-15 18,18,19920,6,1
2015-08-15 19,19,20130,6,1
2015-08-15 20,20,20240,6,1
2015-08-15 21,21,20236,6,1
2015-08-15 22,22,19635,6,1
2015-08-15 23,23,17800,6,1
2015-08-16 00,0,16153,7,1
2015-08-16 01,1,15214,7,1
2015-08-16 02,2,14497,7,1
2015-08-16 03,3,13766,7,1
2015-08-16 04,4,13650,7,1
2015-08-16 05,5,13792,7,1
2015-08-16 06,6,14088,7,1
2015-08-16 07,7,15280,7,1
2015-08-16 08,8,17192,7,1
2015-08-16 09,9,19101,7,1
2015-08-16 10,10,19811,7,1
2015-08-16 11,11,19929,7,1
2015-08-16 12,12,19860,7,1
2015-08-16 13,13,19869,7,1
2015-08-16 14,14,19767,7,1
2015-08-16 15,15,19547,7,1
2015-08-16 16,16,19545,7,1
2015-08-16 17,17,19533,7,1
2015-08-16 18,18,19729,7,1
2015-08-16 19,19,19736,7,1
2015-08-16 20,20,19466,7,1
2015-08-16 21,21,19053,7,1
2015-08-16 22,22,17793,7,1
2015-08-16 23,23,16354,7,1
2015-08-17 00,0,15119,1,0
2015-08-17 01,1,14175,1,0
2015-08-17 02,2,13440,1,0
2015-08-17 03,3,13292,1,0
2015-08-17 04,4,13539,1,0
2015-08-17 05,5,13890,1,0
2015-08-17 06,6,15189,1,0
2015-08-17 07,7,18117,1,0
2015-08-17 08,8,21351,1,0
2015-08-17 09,9,22458,1,0
2015-08-17 10,10,22954,1,0
2015-08-17 11,11,22557,1,0
2015-08-17 12,12,22664,1,0
2015-08-17 13,13,23057,1,0
2015-08-17 14,14,22974,1,0
2015-08-17 15,15,22829,1,0
2015-08-17 16,16,22638,1,0
2015-08-17 17,17,21589,1,0
2015-08-17 18,18,21081,1,0
2015-08-17 19,19,21524,1,0
2015-08-17 20,20,21514,1,0
2015-08-17 21,21,20964,1,0
2015-08-17 22,22,19563,1,0
2015-08-17 23,23,18103,1,0
2015-08-18 00,0,16584,2,0
2015-08-18 01,1,15309,2,0
2015-08-18 02,2,14209,2,0
2015-08-18 03,3,13894,2,0
2015-08-18 04,4,13949,2,0
2015-08-18 05,5,14233,2,0
2015-08-18 06,6,15920,2,0
2015-08-18 07,7,18689,2,0
2015-08-18 08,8,21425,2,0
2015-08-18 09,9,22784,2,0
2015-08-18 10,10,23287,2,0
2015-08-18 11,11,22990,2,0
2015-08-18 12,12,22773,2,0
2015-08-18 13,13,23286,2,0
2015-08-18 14,14,23145,2,0
2015-08-18 15,15,23030,2,0
2015-08-18 16,16,22838,2,0
2015-08-18 17,17,21564,2,0
2015-08-18 18,18,20822,2,0
2015-08-18 19,19,20894,2,0
2015-08-18 20,20,20835,2,0
2015-08-18 21,21,20416,2,0
2015-08-18 22,22,19510,2,0
2015-08-18 23,23,18447,2,0
2015-08-19 00,0,16775,3,0
2015-08-19 01,1,15421,3,0
2015-08-19 02,2,14992,3,0
2015-08-19 03,3,14480,3,0
2015-08-19 04,4,14459,3,0
2015-08-19 05,5,14914,3,0
2015-08-19 06,6,15827,3,0
2015-08-19 07,7,18524,3,0
2015-08-19 08,8,21614,3,0
2015-08-19 09,9,22969,3,0
2015-08-19 10,10,23346,3,0
2015-08-19 11,11,23235,3,0
2015-08-19 12,12,23248,3,0
2015-08-19 13,13,23599,3,0
2015-08-19 14,14,23594,3,0
2015-08-19 15,15,23299,3,0
2015-08-19 16,16,23218,3,0
2015-08-19 17,17,23218,3,0
2015-08-19 18,18,23218,3,0
2015-08-19 19,19,23218,3,0
2015-08-19 20,20,23218,3,0
2015-08-19 21,21,23218,3,0
2015-08-19 22,22,23218,3,0
2015-08-19 23,23,23218,3,0
2015-08-20 00,0,23218,4,0
2015-08-20 01,1,23218,4,0
2015-08-20 02,2,23218,4,0
2015-08-20 03,3,23218,4,0
2015-08-20 04,4,23218,4,0
2015-08-20 05,5,23218,4,0
2015-08-20 06,6,23218,4,0
2015-08-20 07,7,23218,4,0
2015-08-20 08,8,23218,4,0
2015-08-20 09,9,23644,4,0
2015-08-20 10,10,23899,4,0
2015-08-20 11,11,23643,4,0
2015-08-20 12,12,23476,4,0
2015-08-20 13,13,23826,4,0
2015-08-20 14,14,23926,4,0
2015-08-20 15,15,23997,4,0
2015-08-20 16,16,23906,4,0
2015-08-20 17,17,22731,4,0
2015-08-20 18,18,21233,4,0
2015-08-20 19,19,21260,4,0
2015-08-20 20,20,21115,4,0
2015-08-20 21,21,20601,4,0
2015-08-20 22,22,19705,4,0
2015-08-20 23,23,18445,4,0
2015-08-21 00,0,16843,5,0
2015-08-21 01,1,15816,5,0
2015-08-21 02,2,15165,5,0
2015-08-21 03,3,14798,5,0
2015-08-21 04,4,14754,5,0
2015-08-21 05,5,15120,5,0
2015-08-21 06,6,16169,5,0
2015-08-21 07,7,18511,5,0
2015-08-21 08,8,21004,5,0
2015-08-21 09,9,22284,5,0
2015-08-21 10,10,22653,5,0
2015-08-21 11,11,22377,5,0
2015-08-21 12,12,22071,5,0
2015-08-21 13,13,22214,5,0
2015-08-21 14,14,22297,5,0
2015-08-21 15,15,22228,5,0
2015-08-21 16,16,22126,5,0
2015-08-21 17,17,21395,5,0
2015-08-21 18,18,20962,5,0
2015-08-21 19,19,21005,5,0
2015-08-21 20,20,20769,5,0
2015-08-21 21,21,20107,5,0
2015-08-21 22,22,19207,5,0
2015-08-21 23,23,17954,5,0
2015-08-22 00,0,16264,6,1
2015-08-22 01,1,15085,6,1
2015-08-22 02,2,14528,6,1
2015-08-22 03,3,14141,6,1
2015-08-22 04,4,13999,6,1
2015-08-22 05,5,14210,6,1
2015-08-22 06,6,14316,6,1
2015-08-22 07,7,15593,6,1
2015-08-22 08,8,17262,6,1
2015-08-22 09,9,18381,6,1
2015-08-22 10,10,18767,6,1
2015-08-22 11,11,18686,6,1
2015-08-22 12,12,18678,6,1
2015-08-22 13,13,18887,6,1
2015-08-22 14,14,18890,6,1
2015-08-22 15,15,18653,6,1
2015-08-22 16,16,18626,6,1
2015-08-22 17,17,18197,6,1
2015-08-22 18,18,17933,6,1
2015-08-22 19,19,18131,6,1
2015-08-22 20,20,18337,6,1
2015-08-22 21,21,18290,6,1
2015-08-22 22,22,17586,6,1
2015-08-22 23,23,16704,6,1
2015-08-23 00,0,15623,7,1
2015-08-23 01,1,14450,7,1
2015-08-23 02,2,13730,7,1
2015-08-23 03,3,12889,7,1
2015-08-23 04,4,12890,7,1
2015-08-23 05,5,13208,7,1
2015-08-23 06,6,13156,7,1
2015-08-23 07,7,14612,7,1
2015-08-23 08,8,16377,7,1
2015-08-23 09,9,17209,7,1
2015-08-23 10,10,17297,7,1
2015-08-23 11,11,17243,7,1
2015-08-23 12,12,17520,7,1
2015-08-23 13,13,17559,7,1
2015-08-23 14,14,17489,7,1
2015-08-23 15,15,17419,7,1
2015-08-23 16,16,17459,7,1
2015-08-23 17,17,17326,7,1
2015-08-23 18,18,17228,7,1
2015-08-23 19,19,17460,7,1
2015-08-23 20,20,17633,7,1
2015-08-23 21,21,17599,7,1
2015-08-23 22,22,16842,7,1
2015-08-23 23,23,15557,7,1
2015-08-24 00,0,14534,1,0
2015-08-24 01,1,13762,1,0
2015-08-24 02,2,13242,1,0
2015-08-24 03,3,12700,1,0
2015-08-24 04,4,12827,1,0
2015-08-24 05,5,13379,1,0
2015-08-24 06,6,14456,1,0
2015-08-24 07,7,17052,1,0
2015-08-24 08,8,20146,1,0
2015-08-24 09,9,21064,1,0
2015-08-24 10,10,21369,1,0
2015-08-24 11,11,21105,1,0
2015-08-24 12,12,21230,1,0
2015-08-24 13,13,21595,1,0
2015-08-24 14,14,21441,1,0
2015-08-24 15,15,21397,1,0
2015-08-24 16,16,21142,1,0
2015-08-24 17,17,20276,1,0
2015-08-24 18,18,19724,1,0
2015-08-24 19,19,19788,1,0
2015-08-24 20,20,19444,1,0
2015-08-24 21,21,18972,1,0
2015-08-24 22,22,18344,1,0
2015-08-24 23,23,17025,1,0
2015-08-25 00,0,15868,2,0
2015-08-25 01,1,13369,2,0
2015-08-25 02,2,12702,2,0
2015-08-25 03,3,12482,2,0
2015-08-25 04,4,12556,2,0
2015-08-25 05,5,13130,2,0
2015-08-25 06,6,13939,2,0
2015-08-25 07,7,16377,2,0
2015-08-25 08,8,18899,2,0
2015-08-25 09,9,19837,2,0
2015-08-25 10,10,20109,2,0
2015-08-25 11,11,19774,2,0
2015-08-25 12,12,19547,2,0
2015-08-25 13,13,20053,2,0
2015-08-25 14,14,20063,2,0
2015-08-25 15,15,20122,2,0
2015-08-25 16,16,20029,2,0
2015-08-25 17,17,19441,2,0
2015-08-25 18,18,19487,2,0
2015-08-25 19,19,19405,2,0
2015-08-25 20,20,19114,2,0
2015-08-25 21,21,17891,2,0
2015-08-25 22,22,16689,2,0
2015-08-25 23,23,15730,2,0
2015-08-26 00,0,14727,3,0
2015-08-26 01,1,13491,3,0
2015-08-26 02,2,12749,3,0
2015-08-26 03,3,12716,3,0
2015-08-26 04,4,12861,3,0
2015-08-26 05,5,13310,3,0
2015-08-26 06,6,14247,3,0
2015-08-26 07,7,16568,3,0
2015-08-26 08,8,19121,3,0
2015-08-26 09,9,20573,3,0
2015-08-26 10,10,20776,3,0
2015-08-26 11,11,20616,3,0
2015-08-26 12,12,20395,3,0
2015-08-26 13,13,20793,3,0
2015-08-26 14,14,20652,3,0
2015-08-26 15,15,20642,3,0
2015-08-26 16,16,20650,3,0
2015-08-26 17,17,19702,3,0
2015-08-26 18,18,18870,3,0
2015-08-26 19,19,18868,3,0
2015-08-26 20,20,18535,3,0
2015-08-26 21,21,17974,3,0
2015-08-26 22,22,16963,3,0
2015-08-26 23,23,15902,3,0
2015-08-27 00,0,14405,4,0
2015-08-27 01,1,13758,4,0
2015-08-27 02,2,13298,4,0
2015-08-27 03,3,13184,4,0
2015-08-27 04,4,13490,4,0
2015-08-27 05,5,13813,4,0
2015-08-27 06,6,14750,4,0
2015-08-27 07,7,16928,4,0
2015-08-27 08,8,19412,4,0
2015-08-27 09,9,20681,4,0
2015-08-27 10,10,20884,4,0
2015-08-27 11,11,20691,4,0
2015-08-27 12,12,20549,4,0
2015-08-27 13,13,20929,4,0
2015-08-27 14,14,20923,4,0
2015-08-27 15,15,21420,4,0
2015-08-27 16,16,20947,4,0
2015-08-27 17,17,19990,4,0
2015-08-27 18,18,18712,4,0
2015-08-27 19,19,18715,4,0
2015-08-27 20,20,18308,4,0
2015-08-27 21,21,17651,4,0
2015-08-27 22,22,16787,4,0
2015-08-27 23,23,15568,4,0
2015-08-28 00,0,14506,5,0
2015-08-28 01,1,13863,5,0
2015-08-28 02,2,13494,5,0
2015-08-28 03,3,13492,5,0
2015-08-28 04,4,13659,5,0
2015-08-28 05,5,14147,5,0
2015-08-28 06,6,15072,5,0
2015-08-28 07,7,17386,5,0
2015-08-28 08,8,19929,5,0
2015-08-28 09,9,21205,5,0
2015-08-28 10,10,21404,5,0
2015-08-28 11,11,21211,5,0
2015-08-28 12,12,21064,5,0
2015-08-28 13,13,21444,5,0
2015-08-28 14,14,21420,5,0
2015-08-28 15,15,21395,5,0
2015-08-28 16,16,21093,5,0
2015-08-28 17,17,19989,5,0
2015-08-28 18,18,19217,5,0
2015-08-28 19,19,19220,5,0
2015-08-28 20,20,18813,5,0
2015-08-28 21,21,18157,5,0
2015-08-28 22,22,17287,5,0
2015-08-28 23,23,15643,5,0
2015-08-29 00,0,14589,6,1
2015-08-29 01,1,14041,6,1
2015-08-29 02,2,13418,6,1
2015-08-29 03,3,13262,6,1
2015-08-29 04,4,13236,6,1
2015-08-29 05,5,13539,6,1
2015-08-29 06,6,14026,6,1
2015-08-29 07,7,15798,6,1
2015-08-29 08,8,17414,6,1
2015-08-29 09,9,18557,6,1
2015-08-29 10,10,18776,6,1
2015-08-29 11,11,18755,6,1
2015-08-29 12,12,18557,6,1
2015-08-29 13,13,18718,6,1
2015-08-29 14,14,18717,6,1
2015-08-29 15,15,18556,6,1
2015-08-29 16,16,18553,6,1
2015-08-29 17,17,18054,6,1
2015-08-29 18,18,17996,6,1
2015-08-29 19,19,17995,6,1
2015-08-29 20,20,17692,6,1
2015-08-29 21,21,17138,6,1
2015-08-29 22,22,16281,6,1
2015-08-29 23,23,15188,6,1
2015-08-30 00,0,14316,7,1
2015-08-30 01,1,13856,7,1
2015-08-30 02,2,13038,7,1
2015-08-30 03,3,12797,7,1
2015-08-30 04,4,12780,7,1
2015-08-30 05,5,12894,7,1
2015-08-30 06,6,13179,7,1
2015-08-30 07,7,14634,7,1
2015-08-30 08,8,16089,7,1
2015-08-30 09,9,17135,7,1
2015-08-30 10,10,17472,7,1
2015-08-30 11,11,17438,7,1
2015-08-30 12,12,17255,7,1
2015-08-30 13,13,17208,7,1
2015-08-30 14,14,17109,7,1
2015-08-30 15,15,17207,7,1
2015-08-30 16,16,17268,7,1
2015-08-30 17,17,17130,7,1
2015-08-30 18,18,17255,7,1
2015-08-30 19,19,17267,7,1
2015-08-30 20,20,17099,7,1
2015-08-30 21,21,16561,7,1
2015-08-30 22,22,15586,7,1
2015-08-30 23,23,14573,7,1
2015-08-31 00,0,13561,1,0
2015-08-31 01,1,13204,1,0
2015-08-31 02,2,12856,1,0
2015-08-31 03,3,12675,1,0
2015-08-31 04,4,12864,1,0
2015-08-31 05,5,13492,1,0
2015-08-31 06,6,14667,1,0
2015-08-31 07,7,17220,1,0
2015-08-31 08,8,19509,1,0
2015-08-31 09,9,20685,1,0
2015-08-31 10,10,20801,1,0
2015-08-31 11,11,20480,1,0
2015-08-31 12,12,19631,1,0
2015-08-31 13,13,20390,1,0
2015-08-31 14,14,20482,1,0
2015-08-31 15,15,20477,1,0
2015-08-31 16,16,20218,1,0
2015-08-31 17,17,19151,1,0
2015-08-31 18,18,18668,1,0
2015-08-31 19,19,18670,1,0
2015-08-31 20,20,18422,1,0
2015-08-31 21,21,17741,1,0
2015-08-31 22,22,16623,1,0
2015-08-31 23,23,15279,1,0
2015-09-01 00,0,14226,2,0
2015-09-01 01,1,14001,2,0
2015-09-01 02,2,13762,2,0
2015-09-01 03,3,13464,2,0
2015-09-01 04,4,13504,2,0
2015-09-01 05,5,14088,2,0
2015-09-01 06,6,15029,2,0
2015-09-01 07,7,17435,2,0
2015-09-01 08,8,20130,2,0
2015-09-01 09,9,21611,2,0
2015-09-01 10,10,21865,2,0
2015-09-01 11,11,21694,2,0
2015-09-01 12,12,21641,2,0
2015-09-01 13,13,21851,2,0
2015-09-01 14,14,21823,2,0
2015-09-01 15,15,21717,2,0
2015-09-01 16,16,21484,2,0
2015-09-01 17,17,20498,2,0
2015-09-01 18,18,19457,2,0
2015-09-01 19,19,19384,2,0
2015-09-01 20,20,19077,2,0
2015-09-01 21,21,18534,2,0
2015-09-01 22,22,17546,2,0
2015-09-01 23,23,16481,2,0
2015-09-02 00,0,15206,3,0
2015-09-02 01,1,14791,3,0
2015-09-02 02,2,14083,3,0
2015-09-02 03,3,13677,3,0
2015-09-02 04,4,13912,3,0
2015-09-02 05,5,14308,3,0
2015-09-02 06,6,15432,3,0
2015-09-02 07,7,17719,3,0
2015-09-02 08,8,20341,3,0
2015-09-02 09,9,21908,3,0
2015-09-02 10,10,22095,3,0
2015-09-02 11,11,21978,3,0
2015-09-02 12,12,21871,3,0
2015-09-02 13,13,22056,3,0
2015-09-02 14,14,21995,3,0
2015-09-02 15,15,21516,3,0
2015-09-02 16,16,21138,3,0
2015-09-02 17,17,20141,3,0
2015-09-02 18,18,19496,3,0
2015-09-02 19,19,19440,3,0
2015-09-02 20,20,19117,3,0
2015-09-02 21,21,18578,3,0
2015-09-02 22,22,17243,3,0
2015-09-02 23,23,15977,3,0
2015-09-03 00,0,14318,4,1
2015-09-03 01,1,12681,4,1
2015-09-03 02,2,11897,4,1
2015-09-03 03,3,11626,4,1
2015-09-03 04,4,11561,4,1
2015-09-03 05,5,11662,4,1
2015-09-03 06,6,11755,4,1
2015-09-03 07,7,12742,4,1
2015-09-03 08,8,13611,4,1
2015-09-03 09,9,14576,4,1
2015-09-03 10,10,14825,4,1
2015-09-03 11,11,14857,4,1
2015-09-03 12,12,14972,4,1
2015-09-03 13,13,15027,4,1
2015-09-03 14,14,14931,4,1
2015-09-03 15,15,14934,4,1
2015-09-03 16,16,14987,4,1
2015-09-03 17,17,14892,4,1
2015-09-03 18,18,14678,4,1
2015-09-03 19,19,14614,4,1
2015-09-03 20,20,14550,4,1
2015-09-03 21,21,14387,4,1
2015-09-03 22,22,13844,4,1
2015-09-03 23,23,12933,4,1
2015-09-04 00,0,12480,5,1
2015-09-04 01,1,11587,5,1
2015-09-04 02,2,11139,5,1
2015-09-04 03,3,10996,5,1
2015-09-04 04,4,11123,5,1
2015-09-04 05,5,11471,5,1
2015-09-04 06,6,12307,5,1
2015-09-04 07,7,14406,5,1
2015-09-04 08,8,15952,5,1
2015-09-04 09,9,17239,5,1
2015-09-04 10,10,17482,5,1
2015-09-04 11,11,17409,5,1
2015-09-04 12,12,17617,5,1
2015-09-04 13,13,17698,5,1
2015-09-04 14,14,17678,5,1
2015-09-04 15,15,17673,5,1
2015-09-04 16,16,17651,5,1
2015-09-04 17,17,17268,5,1
2015-09-04 18,18,17195,5,1
2015-09-04 19,19,17189,5,1
2015-09-04 20,20,16961,5,1
2015-09-04 21,21,16371,5,1
2015-09-04 22,22,15349,5,1
2015-09-04 23,23,14338,5,1
2015-09-05 00,0,13227,6,1
2015-09-05 01,1,12094,6,1
2015-09-05 02,2,11203,6,1
2015-09-05 03,3,10995,6,1
2015-09-05 04,4,11124,6,1
2015-09-05 05,5,11469,6,1
2015-09-05 06,6,12136,6,1
2015-09-05 07,7,14368,6,1
2015-09-05 08,8,16063,6,1
2015-09-05 09,9,16983,6,1
2015-09-05 10,10,17211,6,1
2015-09-05 11,11,17140,6,1
2015-09-05 12,12,17344,6,1
2015-09-05 13,13,17425,6,1
2015-09-05 14,14,17403,6,1
2015-09-05 15,15,17402,6,1
2015-09-05 16,16,17379,6,1
2015-09-05 17,17,17166,6,1
2015-09-05 18,18,17520,6,1
2015-09-05 19,19,17514,6,1
2015-09-05 20,20,17283,6,1
2015-09-05 21,21,16361,6,1
2015-09-05 22,22,15154,6,1
2015-09-05 23,23,14252,6,1
2015-09-06 00,0,13328,7,0
2015-09-06 01,1,12241,7,0
2015-09-06 02,2,11324,7,0
2015-09-06 03,3,11006,7,0
2015-09-06 04,4,11255,7,0
2015-09-06 05,5,11651,7,0
2015-09-06 06,6,13403,7,0
2015-09-06 07,7,16326,7,0
2015-09-06 08,8,18798,7,0
2015-09-06 09,9,20119,7,0
2015-09-06 10,10,20486,7,0
2015-09-06 11,11,20345,7,0
2015-09-06 12,12,20454,7,0
2015-09-06 13,13,20554,7,0
2015-09-06 14,14,20574,7,0
2015-09-06 15,15,20545,7,0
2015-09-06 16,16,20328,7,0
2015-09-06 17,17,19369,7,0
2015-09-06 18,18,18836,7,0
2015-09-06 19,19,18820,7,0
2015-09-06 20,20,18371,7,0
2015-09-06 21,21,17914,7,0
2015-09-06 22,22,16925,7,0
2015-09-06 23,23,15728,7,0
2015-09-07 00,0,14629,1,0
2015-09-07 01,1,14074,1,0
2015-09-07 02,2,13585,1,0
2015-09-07 03,3,13279,1,0
2015-09-07 04,4,13395,1,0
2015-09-07 05,5,14065,1,0
2015-09-07 06,6,14929,1,0
2015-09-07 07,7,17118,1,0
2015-09-07 08,8,19775,1,0
2015-09-07 09,9,20861,1,0
2015-09-07 10,10,21221,1,0
2015-09-07 11,11,20838,1,0
2015-09-07 12,12,20698,1,0
2015-09-07 13,13,20845,1,0
2015-09-07 14,14,20862,1,0
2015-09-07 15,15,20782,1,0
2015-09-07 16,16,20579,1,0
2015-09-07 17,17,19558,1,0
2015-09-07 18,18,19352,1,0
2015-09-07 19,19,19334,1,0
2015-09-07 20,20,18979,1,0
2015-09-07 21,21,18333,1,0
2015-09-07 22,22,17428,1,0
2015-09-07 23,23,16304,1,0
2015-09-08 00,0,15292,2,0
2015-09-08 01,1,14190,2,0
2015-09-08 02,2,13634,2,0
2015-09-08 03,3,13315,2,0
2015-09-08 04,4,13412,2,0
2015-09-08 05,5,13912,2,0
2015-09-08 06,6,14861,2,0
2015-09-08 07,7,17011,2,0
2015-09-08 08,8,19703,2,0
2015-09-08 09,9,20692,2,0
2015-09-08 10,10,20942,2,0
2015-09-08 11,11,20582,2,0
2015-09-08 12,12,20304,2,0
2015-09-08 13,13,20619,2,0
2015-09-08 14,14,20493,2,0
2015-09-08 15,15,20461,2,0
2015-09-08 16,16,20428,2,0
2015-09-08 17,17,19486,2,0
2015-09-08 18,18,19351,2,0
2015-09-08 19,19,19335,2,0
2015-09-08 20,20,18978,2,0
2015-09-08 21,21,18334,2,0
2015-09-08 22,22,17486,2,0
2015-09-08 23,23,16698,2,0
2015-09-09 00,0,15427,3,0
2015-09-09 01,1,14193,3,0
2015-09-09 02,2,13389,3,0
2015-09-09 03,3,13138,3,0
2015-09-09 04,4,13178,3,0
2015-09-09 05,5,13848,3,0
2015-09-09 06,6,14679,3,0
2015-09-09 07,7,16793,3,0
2015-09-09 08,8,19442,3,0
2015-09-09 09,9,20362,3,0
2015-09-09 10,10,20615,3,0
2015-09-09 11,11,20293,3,0
2015-09-09 12,12,20020,3,0
2015-09-09 13,13,20416,3,0
2015-09-09 14,14,20166,3,0
2015-09-09 15,15,20128,3,0
2015-09-09 16,16,20039,3,0
2015-09-09 17,17,19311,3,0
2015-09-09 18,18,19353,3,0
2015-09-09 19,19,19333,3,0
2015-09-09 20,20,18979,3,0
2015-09-09 21,21,18334,3,0
2015-09-09 22,22,17490,3,0
2015-09-09 23,23,16692,3,0
2015-09-10 00,0,15421,4,0
2015-09-10 01,1,13756,4,0
2015-09-10 02,2,13329,4,0
2015-09-10 03,3,12967,4,0
2015-09-10 04,4,12999,4,0
2015-09-10 05,5,13631,4,0
2015-09-10 06,6,14551,4,0
2015-09-10 07,7,16699,4,0
2015-09-10 08,8,19166,4,0
2015-09-10 09,9,19980,4,0
2015-09-10 10,10,20166,4,0
2015-09-10 11,11,19889,4,0
2015-09-10 12,12,19699,4,0
2015-09-10 13,13,20051,4,0
2015-09-10 14,14,19946,4,0
2015-09-10 15,15,19922,4,0
2015-09-10 16,16,19914,4,0
2015-09-10 17,17,19090,4,0
2015-09-10 18,18,18906,4,0
2015-09-10 19,19,18837,4,0
2015-09-10 20,20,18290,4,0
2015-09-10 21,21,17739,4,0
2015-09-10 22,22,16691,4,0
2015-09-10 23,23,15559,4,0
2015-09-11 00,0,14505,5,0
2015-09-11 01,1,13676,5,0
2015-09-11 02,2,13273,5,0
2015-09-11 03,3,13103,5,0
2015-09-11 04,4,13122,5,0
2015-09-11 05,5,13737,5,0
2015-09-11 06,6,14605,5,0
2015-09-11 07,7,16889,5,0
2015-09-11 08,8,19346,5,0
2015-09-11 09,9,20394,5,0
2015-09-11 10,10,20574,5,0
2015-09-11 11,11,20253,5,0
2015-09-11 12,12,20182,5,0
2015-09-11 13,13,20441,5,0
2015-09-11 14,14,20360,5,0
2015-09-11 15,15,20322,5,0
2015-09-11 16,16,20109,5,0
2015-09-11 17,17,19166,5,0
2015-09-11 18,18,18256,5,0
2015-09-11 19,19,18267,5,0
2015-09-11 20,20,17508,5,0
2015-09-11 21,21,17064,5,0
2015-09-11 22,22,15979,5,0
2015-09-11 23,23,14887,5,0
2015-09-12 00,0,14582,6,1
2015-09-12 01,1,14044,6,1
2015-09-12 02,2,13628,6,1
2015-09-12 03,3,13152,6,1
2015-09-12 04,4,13162,6,1
2015-09-12 05,5,13365,6,1
2015-09-12 06,6,13891,6,1
2015-09-12 07,7,15025,6,1
2015-09-12 08,8,16423,6,1
2015-09-12 09,9,17273,6,1
2015-09-12 10,10,17511,6,1
2015-09-12 11,11,17358,6,1
2015-09-12 12,12,16649,6,1
2015-09-12 13,13,16743,6,1
2015-09-12 14,14,16605,6,1
2015-09-12 15,15,16509,6,1
2015-09-12 16,16,16732,6,1
2015-09-12 17,17,16181,6,1
2015-09-12 18,18,16440,6,1
2015-09-12 19,19,16408,6,1
2015-09-12 20,20,16021,6,1
2015-09-12 21,21,15559,6,1
2015-09-12 22,22,14727,6,1
2015-09-12 23,23,13890,6,1
2015-09-13 00,0,13079,7,1
2015-09-13 01,1,12492,7,1
2015-09-13 02,2,12147,7,1
2015-09-13 03,3,11827,7,1
2015-09-13 04,4,11931,7,1
2015-09-13 05,5,12377,7,1
2015-09-13 06,6,12499,7,1
2015-09-13 07,7,13244,7,1
2015-09-13 08,8,14392,7,1
2015-09-13 09,9,15251,7,1
2015-09-13 10,10,15583,7,1
2015-09-13 11,11,15373,7,1
2015-09-13 12,12,15208,7,1
2015-09-13 13,13,15233,7,1
2015-09-13 14,14,15187,7,1
2015-09-13 15,15,15824,7,1
2015-09-13 16,16,15909,7,1
2015-09-13 17,17,15922,7,1
2015-09-13 18,18,16073,7,1
2015-09-13 19,19,16044,7,1
2015-09-13 20,20,15372,7,1
2015-09-13 21,21,15005,7,1
2015-09-13 22,22,14282,7,1
2015-09-13 23,23,13342,7,1
2015-09-14 00,0,12448,1,0
2015-09-14 01,1,11862,1,0
2015-09-14 02,2,11565,1,0
2015-09-14 03,3,11446,1,0
2015-09-14 04,4,11681,1,0
2015-09-14 05,5,12497,1,0
2015-09-14 06,6,13540,1,0
2015-09-14 07,7,15601,1,0
2015-09-14 08,8,17932,1,0
2015-09-14 09,9,18812,1,0
2015-09-14 10,10,18908,1,0
2015-09-14 11,11,18659,1,0
2015-09-14 12,12,18370,1,0
2015-09-14 13,13,18555,1,0
2015-09-14 14,14,18558,1,0
2015-09-14 15,15,18435,1,0
2015-09-14 16,16,18414,1,0
2015-09-14 17,17,17878,1,0
2015-09-14 18,18,17906,1,0
2015-09-14 19,19,17831,1,0
2015-09-14 20,20,17306,1,0
2015-09-14 21,21,16776,1,0
2015-09-14 22,22,15871,1,0
2015-09-14 23,23,14788,1,0
2015-09-15 00,0,13467,2,0
2015-09-15 01,1,12862,2,0
2015-09-15 02,2,12625,2,0
2015-09-15 03,3,12415,2,0
2015-09-15 04,4,12521,2,0
2015-09-15 05,5,13128,2,0
2015-09-15 06,6,14134,2,0
2015-09-15 07,7,15776,2,0
2015-09-15 08,8,17769,2,0
2015-09-15 09,9,18607,2,0
2015-09-15 10,10,18782,2,0
2015-09-15 11,11,18314,2,0
2015-09-15 12,12,18082,2,0
2015-09-15 13,13,18293,2,0
2015-09-15 14,14,18295,2,0
2015-09-15 15,15,18228,2,0
2015-09-15 16,16,18142,2,0
2015-09-15 17,17,17805,2,0
2015-09-15 18,18,18016,2,0
2015-09-15 19,19,17922,2,0
2015-09-15 20,20,17468,2,0
2015-09-15 21,21,16797,2,0
2015-09-15 22,22,15591,2,0
2015-09-15 23,23,14369,2,0
2015-09-16 00,0,13495,3,0
2015-09-16 01,1,12696,3,0
2015-09-16 02,2,12301,3,0
2015-09-16 03,3,12206,3,0
2015-09-16 04,4,12431,3,0
2015-09-16 05,5,12996,3,0
2015-09-16 06,6,13793,3,0
2015-09-16 07,7,15648,3,0
2015-09-16 08,8,17520,3,0
2015-09-16 09,9,18398,3,0
2015-09-16 10,10,18528,3,0
2015-09-16 11,11,18221,3,0
2015-09-16 12,12,17694,3,0
2015-09-16 13,13,18066,3,0
2015-09-16 14,14,17991,3,0
2015-09-16 15,15,17997,3,0
2015-09-16 16,16,18101,3,0
2015-09-16 17,17,17532,3,0
2015-09-16 18,18,17618,3,0
2015-09-16 19,19,17523,3,0
2015-09-16 20,20,17070,3,0
2015-09-16 21,21,16401,3,0
2015-09-16 22,22,15253,3,0
2015-09-16 23,23,14101,3,0
2015-09-17 00,0,13252,4,0
2015-09-17 01,1,12705,4,0
2015-09-17 02,2,12365,4,0
2015-09-17 03,3,12130,4,0
2015-09-17 04,4,12352,4,0
2015-09-17 05,5,13010,4,0
2015-09-17 06,6,13738,4,0
2015-09-17 07,7,15487,4,0
2015-09-17 08,8,17752,4,0
2015-09-17 09,9,18580,4,0
2015-09-17 10,10,18643,4,0
2015-09-17 11,11,18367,4,0
2015-09-17 12,12,17857,4,0
2015-09-17 13,13,18207,4,0
2015-09-17 14,14,18098,4,0
2015-09-17 15,15,18129,4,0
2015-09-17 16,16,18174,4,0
2015-09-17 17,17,17626,4,0
2015-09-17 18,18,17520,4,0
2015-09-17 19,19,17425,4,0
2015-09-17 20,20,16974,4,0
2015-09-17 21,21,16301,4,0
2015-09-17 22,22,15256,4,0
2015-09-17 23,23,14095,4,0
2015-09-18 00,0,13229,5,0
2015-09-18 01,1,12747,5,0
2015-09-18 02,2,12384,5,0
2015-09-18 03,3,12053,5,0
2015-09-18 04,4,12243,5,0
2015-09-18 05,5,12862,5,0
2015-09-18 06,6,13647,5,0
2015-09-18 07,7,15617,5,0
2015-09-18 08,8,17779,5,0
2015-09-18 09,9,18686,5,0
2015-09-18 10,10,18858,5,0
2015-09-18 11,11,18405,5,0
2015-09-18 12,12,18027,5,0
2015-09-18 13,13,18288,5,0
2015-09-18 14,14,18287,5,0
2015-09-18 15,15,18301,5,0
2015-09-18 16,16,18176,5,0
2015-09-18 17,17,17657,5,0
2015-09-18 18,18,17592,5,0
2015-09-18 19,19,17414,5,0
2015-09-18 20,20,16945,5,0
2015-09-18 21,21,16276,5,0
2015-09-18 22,22,15155,5,0
2015-09-18 23,23,14011,5,0
2015-09-19 00,0,13129,6,1
2015-09-19 01,1,12759,6,1
2015-09-19 02,2,12250,6,1
2015-09-19 03,3,12007,6,1
2015-09-19 04,4,11895,6,1
2015-09-19 05,5,12509,6,1
2015-09-19 06,6,13099,6,1
2015-09-19 07,7,14341,6,1
2015-09-19 08,8,15950,6,1
2015-09-19 09,9,16907,6,1
2015-09-19 10,10,17096,6,1
2015-09-19 11,11,16931,6,1
2015-09-19 12,12,16552,6,1
2015-09-19 13,13,16630,6,1
2015-09-19 14,14,16529,6,1
2015-09-19 15,15,16538,6,1
2015-09-19 16,16,16628,6,1
2015-09-19 17,17,16061,6,1
2015-09-19 18,18,16177,6,1
2015-09-19 19,19,16152,6,1
2015-09-19 20,20,16005,6,1
2015-09-19 21,21,15268,6,1
2015-09-19 22,22,14610,6,1
2015-09-19 23,23,13864,6,1
2015-09-20 00,0,12722,7,1
2015-09-20 01,1,12459,7,1
2015-09-20 02,2,12056,7,1
2015-09-20 03,3,11793,7,1
2015-09-20 04,4,11937,7,1
2015-09-20 05,5,12243,7,1
2015-09-20 06,6,12513,7,1
2015-09-20 07,7,13532,7,1
2015-09-20 08,8,14700,7,1
2015-09-20 09,9,15532,7,1
2015-09-20 10,10,15842,7,1
2015-09-20 11,11,15617,7,1
2015-09-20 12,12,15332,7,1
2015-09-20 13,13,15433,7,1
2015-09-20 14,14,15360,7,1
2015-09-20 15,15,15516,7,1
2015-09-20 16,16,15670,7,1
2015-09-20 17,17,15503,7,1
2015-09-20 18,18,15772,7,1
2015-09-20 19,19,15665,7,1
2015-09-20 20,20,15538,7,1
2015-09-20 21,21,15202,7,1
2015-09-20 22,22,14526,7,1
2015-09-20 23,23,13414,7,1
2015-09-21 00,0,12435,1,0
2015-09-21 01,1,11849,1,0
2015-09-21 02,2,11594,1,0
2015-09-21 03,3,11541,1,0
2015-09-21 04,4,11798,1,0
2015-09-21 05,5,12622,1,0
2015-09-21 06,6,13463,1,0
2015-09-21 07,7,15607,1,0
2015-09-21 08,8,17822,1,0
2015-09-21 09,9,18811,1,0
2015-09-21 10,10,19116,1,0
2015-09-21 11,11,18699,1,0
2015-09-21 12,12,18416,1,0
2015-09-21 13,13,18616,1,0
2015-09-21 14,14,18593,1,0
2015-09-21 15,15,18535,1,0
2015-09-21 16,16,18518,1,0
2015-09-21 17,17,17823,1,0
2015-09-21 18,18,17190,1,0
2015-09-21 19,19,16945,1,0
2015-09-21 20,20,16441,1,0
2015-09-21 21,21,15978,1,0
2015-09-21 22,22,15357,1,0
2015-09-21 23,23,14194,1,0
2015-09-22 00,0,13167,2,0
2015-09-22 01,1,12776,2,0
2015-09-22 02,2,12331,2,0
2015-09-22 03,3,12161,2,0
2015-09-22 04,4,12420,2,0
2015-09-22 05,5,13011,2,0
2015-09-22 06,6,13955,2,0
2015-09-22 07,7,15861,2,0
2015-09-22 08,8,17996,2,0
2015-09-22 09,9,19126,2,0
2015-09-22 10,10,19170,2,0
2015-09-22 11,11,18395,2,0
2015-09-22 12,12,18230,2,0
2015-09-22 13,13,18453,2,0
2015-09-22 14,14,18432,2,0
2015-09-22 15,15,18594,2,0
2015-09-22 16,16,18571,2,0
2015-09-22 17,17,18024,2,0
2015-09-22 18,18,17406,2,0
2015-09-22 19,19,17171,2,0
2015-09-22 20,20,16661,2,0
2015-09-22 21,21,16019,2,0
2015-09-22 22,22,15256,2,0
2015-09-22 23,23,14423,2,0
2015-09-23 00,0,13446,3,0
2015-09-23 01,1,13050,3,0
2015-09-23 02,2,12592,3,0
2015-09-23 03,3,12454,3,0
2015-09-23 04,4,12623,3,0
2015-09-23 05,5,13178,3,0
2015-09-23 06,6,13973,3,0
2015-09-23 07,7,15744,3,0
2015-09-23 08,8,17886,3,0
2015-09-23 09,9,18669,3,0
2015-09-23 10,10,18768,3,0
2015-09-23 11,11,18512,3,0
2015-09-23 12,12,18246,3,0
2015-09-23 13,13,18602,3,0
2015-09-23 14,14,18715,3,0
2015-09-23 15,15,18705,3,0
2015-09-23 16,16,18658,3,0
2015-09-23 17,17,18031,3,0
2015-09-23 18,18,17722,3,0
2015-09-23 19,19,17475,3,0
2015-09-23 20,20,16959,3,0
2015-09-23 21,21,16370,3,0
2015-09-23 22,22,15560,3,0
2015-09-23 23,23,14591,3,0
2015-09-24 00,0,13618,4,0
2015-09-24 01,1,12918,4,0
2015-09-24 02,2,12578,4,0
2015-09-24 03,3,12327,4,0
2015-09-24 04,4,12548,4,0
2015-09-24 05,5,13125,4,0
2015-09-24 06,6,13944,4,0
2015-09-24 07,7,15767,4,0
2015-09-24 08,8,18010,4,0
2015-09-24 09,9,18867,4,0
2015-09-24 10,10,19211,4,0
2015-09-24 11,11,18818,4,0
2015-09-24 12,12,18642,4,0
2015-09-24 13,13,18895,4,0
2015-09-24 14,14,18866,4,0
2015-09-24 15,15,18888,4,0
2015-09-24 16,16,18884,4,0
2015-09-24 17,17,18337,4,0
2015-09-24 18,18,17721,4,0
2015-09-24 19,19,17479,4,0
2015-09-24 20,20,16961,4,0
2015-09-24 21,21,16392,4,0
2015-09-24 22,22,15555,4,0
2015-09-24 23,23,14683,4,0
2015-09-25 00,0,13697,5,0
2015-09-25 01,1,13089,5,0
2015-09-25 02,2,12699,5,0
2015-09-25 03,3,12527,5,0
2015-09-25 04,4,12772,5,0
2015-09-25 05,5,13403,5,0
2015-09-25 06,6,14115,5,0
2015-09-25 07,7,16085,5,0
2015-09-25 08,8,18118,5,0
2015-09-25 09,9,18966,5,0
2015-09-25 10,10,19163,5,0
2015-09-25 11,11,18819,5,0
2015-09-25 12,12,18359,5,0
2015-09-25 13,13,18752,5,0
2015-09-25 14,14,18527,5,0
2015-09-25 15,15,18491,5,0
2015-09-25 16,16,18373,5,0
2015-09-25 17,17,17728,5,0
2015-09-25 18,18,17661,5,0
2015-09-25 19,19,17518,5,0
2015-09-25 20,20,16849,5,0
2015-09-25 21,21,16323,5,0
2015-09-25 22,22,15547,5,0
2015-09-25 23,23,14197,5,0
2015-09-26 00,0,13094,6,1
2015-09-26 01,1,12229,6,1
2015-09-26 02,2,11628,6,1
2015-09-26 03,3,11406,6,1
2015-09-26 04,4,11619,6,1
2015-09-26 05,5,11839,6,1
2015-09-26 06,6,12425,6,1
2015-09-26 07,7,14004,6,1
2015-09-26 08,8,15447,6,1
2015-09-26 09,9,16387,6,1
2015-09-26 10,10,16481,6,1
2015-09-26 11,11,16335,6,1
2015-09-26 12,12,16023,6,1
2015-09-26 13,13,16092,6,1
2015-09-26 14,14,16087,6,1
2015-09-26 15,15,16164,6,1
2015-09-26 16,16,16154,6,1
2015-09-26 17,17,15826,6,1
2015-09-26 18,18,15870,6,1
2015-09-26 19,19,15758,6,1
2015-09-26 20,20,15583,6,1
2015-09-26 21,21,15119,6,1
2015-09-26 22,22,14431,6,1
2015-09-26 23,23,13566,6,1
2015-09-27 00,0,12249,7,-1
2015-09-27 01,1,11905,7,-1
2015-09-27 02,2,11165,7,-1
2015-09-27 03,3,11021,7,-1
2015-09-27 04,4,11073,7,-1
2015-09-27 05,5,11289,7,-1
2015-09-27 06,6,11681,7,-1
2015-09-27 07,7,12334,7,-1
2015-09-27 08,8,13688,7,-1
2015-09-27 09,9,14386,7,-1
2015-09-27 10,10,14551,7,-1
2015-09-27 11,11,14512,7,-1
2015-09-27 12,12,14247,7,-1
2015-09-27 13,13,14360,7,-1
2015-09-27 14,14,14337,7,-1
2015-09-27 15,15,14388,7,-1
2015-09-27 16,16,14628,7,-1
2015-09-27 17,17,14802,7,-1
2015-09-27 18,18,14893,7,-1
2015-09-27 19,19,14883,7,-1
2015-09-27 20,20,14569,7,-1
2015-09-27 21,21,14245,7,-1
2015-09-27 22,22,13509,7,-1
2015-09-27 23,23,12485,7,-1
2015-09-28 00,0,11719,1,0
2015-09-28 01,1,11008,1,0
2015-09-28 02,2,10624,1,0
2015-09-28 03,3,10564,1,0
2015-09-28 04,4,10943,1,0
2015-09-28 05,5,11719,1,0
2015-09-28 06,6,12733,1,0
2015-09-28 07,7,14872,1,0
2015-09-28 08,8,16938,1,0
2015-09-28 09,9,18062,1,0
2015-09-28 10,10,18199,1,0
2015-09-28 11,11,17974,1,0
2015-09-28 12,12,17660,1,0
2015-09-28 13,13,17730,1,0
2015-09-28 14,14,17684,1,0
2015-09-28 15,15,17747,1,0
2015-09-28 16,16,17739,1,0
2015-09-28 17,17,17074,1,0
2015-09-28 18,18,16633,1,0
2015-09-28 19,19,16303,1,0
2015-09-28 20,20,15713,1,0
2015-09-28 21,21,15533,1,0
2015-09-28 22,22,14706,1,0
2015-09-28 23,23,13457,1,0
2015-09-29 00,0,12695,2,0
2015-09-29 01,1,12047,2,0
2015-09-29 02,2,11611,2,0
2015-09-29 03,3,11472,2,0
2015-09-29 04,4,11803,2,0
2015-09-29 05,5,12325,2,0
2015-09-29 06,6,13262,2,0
2015-09-29 07,7,15141,2,0
2015-09-29 08,8,17229,2,0
2015-09-29 09,9,17905,2,0
2015-09-29 10,10,18070,2,0
2015-09-29 11,11,17539,2,0
2015-09-29 12,12,17080,2,0
2015-09-29 13,13,17342,2,0
2015-09-29 14,14,17408,2,0
2015-09-29 15,15,17460,2,0
2015-09-29 16,16,17618,2,0
2015-09-29 17,17,16924,2,0
2015-09-29 18,18,16542,2,0
2015-09-29 19,19,16309,2,0
2015-09-29 20,20,15927,2,0
2015-09-29 21,21,15331,2,0
2015-09-29 22,22,14668,2,0
2015-09-29 23,23,13630,2,0
2015-09-30 00,0,12659,3,0
2015-09-30 01,1,12044,3,0
2015-09-30 02,2,11814,3,0
2015-09-30 03,3,11779,3,0
2015-09-30 04,4,11933,3,0
2015-09-30 05,5,12300,3,0
2015-09-30 06,6,13310,3,0
2015-09-30 07,7,15298,3,0
2015-09-30 08,8,16867,3,0
2015-09-30 09,9,17678,3,0
2015-09-30 10,10,17711,3,0
2015-09-30 11,11,17295,3,0
2015-09-30 12,12,16574,3,0
2015-09-30 13,13,16478,3,0
2015-09-30 14,14,16287,3,0
2015-09-30 15,15,16044,3,0
2015-09-30 16,16,15913,3,0
2015-09-30 17,17,15350,3,0
2015-09-30 18,18,14880,3,0
2015-09-30 19,19,14348,3,0
2015-09-30 20,20,13911,3,0
2015-09-30 21,21,13576,3,0
2015-09-30 22,22,12910,3,0
2015-09-30 23,23,11876,3,0
2015-10-01 00,0,10909,4,-1
2015-10-01 01,1,10488,4,-1
2015-10-01 02,2,9815,4,-1
2015-10-01 03,3,9642,4,-1
2015-10-01 04,4,9693,4,-1
2015-10-01 05,5,9736,4,-1
2015-10-01 06,6,9896,4,-1
2015-10-01 07,7,10300,4,-1
2015-10-01 08,8,11110,4,-1
2015-10-01 09,9,11857,4,-1
2015-10-01 10,10,11998,4,-1
2015-10-01 11,11,11990,4,-1
2015-10-01 12,12,11895,4,-1
2015-10-01 13,13,11774,4,-1
2015-10-01 14,14,11726,4,-1
2015-10-01 15,15,11960,4,-1
2015-10-01 16,16,12181,4,-1
2015-10-01 17,17,12347,4,-1
2015-10-01 18,18,12362,4,-1
2015-10-01 19,19,12358,4,-1
2015-10-01 20,20,12242,4,-1
2015-10-01 21,21,11933,4,-1
2015-10-01 22,22,11383,4,-1
2015-10-01 23,23,10637,4,-1
2015-10-02 00,0,9835,5,1
2015-10-02 01,1,9239,5,1
2015-10-02 02,2,8963,5,1
2015-10-02 03,3,8937,5,1
2015-10-02 04,4,9120,5,1
2015-10-02 05,5,9425,5,1
2015-10-02 06,6,9891,5,1
2015-10-02 07,7,10510,5,1
2015-10-02 08,8,11289,5,1
2015-10-02 09,9,11839,5,1
2015-10-02 10,10,12194,5,1
2015-10-02 11,11,12164,5,1
2015-10-02 12,12,11965,5,1
2015-10-02 13,13,11841,5,1
2015-10-02 14,14,11853,5,1
2015-10-02 15,15,11908,5,1
2015-10-02 16,16,12266,5,1
2015-10-02 17,17,12647,5,1
2015-10-02 18,18,12664,5,1
2015-10-02 19,19,12573,5,1
2015-10-02 20,20,12368,5,1
2015-10-02 21,21,12076,5,1
2015-10-02 22,22,11424,5,1
2015-10-02 23,23,10759,5,1
2015-10-03 00,0,10036,6,1
2015-10-03 01,1,9488,6,1
2015-10-03 02,2,9288,6,1
2015-10-03 03,3,9111,6,1
2015-10-03 04,4,9381,6,1
2015-10-03 05,5,9665,6,1
2015-10-03 06,6,9968,6,1
2015-10-03 07,7,10755,6,1
2015-10-03 08,8,11633,6,1
2015-10-03 09,9,12217,6,1
2015-10-03 10,10,12547,6,1
2015-10-03 11,11,12491,6,1
2015-10-03 12,12,12143,6,1
2015-10-03 13,13,12065,6,1
2015-10-03 14,14,12036,6,1
2015-10-03 15,15,12260,6,1
2015-10-03 16,16,12415,6,1
2015-10-03 17,17,12644,6,1
2015-10-03 18,18,12689,6,1
2015-10-03 19,19,12559,6,1
2015-10-03 20,20,12536,6,1
2015-10-03 21,21,12135,6,1
2015-10-03 22,22,11497,6,1
2015-10-03 23,23,10707,6,1
2015-10-04 00,0,9658,7,1
2015-10-04 01,1,9486,7,1
2015-10-04 02,2,9169,7,1
2015-10-04 03,3,9161,7,1
2015-10-04 04,4,9402,7,1
2015-10-04 05,5,9657,7,1
2015-10-04 06,6,10232,7,1
2015-10-04 07,7,11473,7,1
2015-10-04 08,8,12562,7,1
2015-10-04 09,9,13241,7,1
2015-10-04 10,10,13456,7,1
2015-10-04 11,11,13371,7,1
2015-10-04 12,12,13109,7,1
2015-10-04 13,13,13178,7,1
2015-10-04 14,14,13082,7,1
2015-10-04 15,15,13340,7,1
2015-10-04 16,16,13506,7,1
2015-10-04 17,17,13557,7,1
2015-10-04 18,18,13600,7,1
2015-10-04 19,19,13551,7,1
2015-10-04 20,20,13462,7,1
2015-10-04 21,21,13080,7,1
2015-10-04 22,22,12483,7,1
2015-10-04 23,23,11687,7,1
2015-10-05 00,0,10840,1,1
2015-10-05 01,1,10239,1,1
2015-10-05 02,2,9963,1,1
2015-10-05 03,3,9931,1,1
2015-10-05 04,4,10049,1,1
2015-10-05 05,5,10353,1,1
2015-10-05 06,6,10776,1,1
2015-10-05 07,7,11902,1,1
2015-10-05 08,8,13055,1,1
2015-10-05 09,9,13893,1,1
2015-10-05 10,10,14053,1,1
2015-10-05 11,11,14007,1,1
2015-10-05 12,12,13694,1,1
2015-10-05 13,13,13707,1,1
2015-10-05 14,14,13759,1,1
2015-10-05 15,15,13919,1,1
2015-10-05 16,16,14080,1,1
2015-10-05 17,17,13844,1,1
2015-10-05 18,18,13868,1,1
2015-10-05 19,19,13691,1,1
2015-10-05 20,20,13429,1,1
2015-10-05 21,21,13001,1,1
2015-10-05 22,22,12519,1,1
2015-10-05 23,23,11884,1,1
2015-10-06 00,0,11098,2,1
2015-10-06 01,1,10816,2,1
2015-10-06 02,2,10366,2,1
2015-10-06 03,3,10250,2,1
2015-10-06 04,4,10426,2,1
2015-10-06 05,5,10719,2,1
2015-10-06 06,6,11356,2,1
2015-10-06 07,7,12479,2,1
2015-10-06 08,8,13750,2,1
2015-10-06 09,9,14585,2,1
2015-10-06 10,10,14735,2,1
2015-10-06 11,11,14554,2,1
2015-10-06 12,12,14198,2,1
2015-10-06 13,13,14293,2,1
2015-10-06 14,14,14241,2,1
2015-10-06 15,15,14445,2,1
2015-10-06 16,16,14448,2,1
2015-10-06 17,17,14331,2,1
2015-10-06 18,18,14332,2,1
2015-10-06 19,19,14161,2,1
2015-10-06 20,20,13848,2,1
2015-10-06 21,21,13498,2,1
2015-10-06 22,22,13116,2,1
2015-10-06 23,23,12311,2,1
2015-10-07 00,0,11628,3,1
2015-10-07 01,1,11426,3,1
2015-10-07 02,2,11029,3,1
2015-10-07 03,3,10883,3,1
2015-10-07 04,4,11142,3,1
2015-10-07 05,5,11459,3,1
2015-10-07 06,6,12030,3,1
2015-10-07 07,7,13335,3,1
2015-10-07 08,8,14601,3,1
2015-10-07 09,9,15340,3,1
2015-10-07 10,10,15502,3,1
2015-10-07 11,11,15349,3,1
2015-10-07 12,12,15055,3,1
2015-10-07 13,13,15181,3,1
2015-10-07 14,14,15165,3,1
2015-10-07 15,15,15358,3,1
2015-10-07 16,16,15435,3,1
2015-10-07 17,17,15387,3,1
2015-10-07 18,18,15390,3,1
2015-10-07 19,19,15148,3,1
2015-10-07 20,20,14862,3,1
2015-10-07 21,21,14382,3,1
2015-10-07 22,22,13553,3,1
2015-10-07 23,23,12761,3,1
2015-10-08 00,0,12151,4,0
2015-10-08 01,1,11651,4,0
2015-10-08 02,2,11230,4,0
2015-10-08 03,3,11160,4,0
2015-10-08 04,4,11361,4,0
2015-10-08 05,5,12019,4,0
2015-10-08 06,6,12829,4,0
2015-10-08 07,7,14536,4,0
2015-10-08 08,8,16405,4,0
2015-10-08 09,9,17149,4,0
2015-10-08 10,10,17235,4,0
2015-10-08 11,11,16915,4,0
2015-10-08 12,12,16598,4,0
2015-10-08 13,13,16695,4,0
2015-10-08 14,14,16689,4,0
2015-10-08 15,15,16810,4,0
2015-10-08 16,16,16857,4,0
2015-10-08 17,17,16557,4,0
2015-10-08 18,18,16222,4,0
2015-10-08 19,19,15868,4,0
2015-10-08 20,20,15225,4,0
2015-10-08 21,21,14874,4,0
2015-10-08 22,22,14045,4,0
2015-10-08 23,23,13094,4,0
2015-10-09 00,0,12053,5,0
2015-10-09 01,1,12051,5,0
2015-10-09 02,2,11720,5,0
2015-10-09 03,3,11493,5,0
2015-10-09 04,4,11804,5,0
2015-10-09 05,5,12376,5,0
2015-10-09 06,6,13106,5,0
2015-10-09 07,7,14662,5,0
2015-10-09 08,8,16460,5,0
2015-10-09 09,9,17037,5,0
2015-10-09 10,10,17212,5,0
2015-10-09 11,11,16801,5,0
2015-10-09 12,12,16566,5,0
2015-10-09 13,13,16774,5,0
2015-10-09 14,14,16705,5,0
2015-10-09 15,15,16812,5,0
2015-10-09 16,16,16843,5,0
2015-10-09 17,17,16714,5,0
2015-10-09 18,18,16613,5,0
2015-10-09 19,19,16245,5,0
2015-10-09 20,20,15652,5,0
2015-10-09 21,21,15279,5,0
2015-10-09 22,22,14452,5,0
2015-10-09 23,23,13499,5,0
2015-10-10 00,0,12445,6,0
2015-10-10 01,1,12233,6,0
2015-10-10 02,2,11818,6,0
2015-10-10 03,3,11609,6,0
2015-10-10 04,4,11773,6,0
2015-10-10 05,5,12418,6,0
2015-10-10 06,6,12965,6,0
2015-10-10 07,7,14455,6,0
2015-10-10 08,8,16059,6,0
2015-10-10 09,9,16786,6,0
2015-10-10 10,10,16927,6,0
2015-10-10 11,11,16607,6,0
2015-10-10 12,12,16224,6,0
2015-10-10 13,13,16379,6,0
2015-10-10 14,14,16259,6,0
2015-10-10 15,15,16444,6,0
2015-10-10 16,16,16536,6,0
2015-10-10 17,17,16476,6,0
2015-10-10 18,18,16426,6,0
2015-10-10 19,19,16191,6,0
2015-10-10 20,20,15556,6,0
2015-10-10 21,21,15149,6,0
2015-10-10 22,22,14399,6,0
2015-10-10 23,23,13519,6,0
2015-10-11 00,0,12243,7,1
2015-10-11 01,1,11737,7,1
2015-10-11 02,2,11492,7,1
2015-10-11 03,3,11375,7,1
2015-10-11 04,4,11537,7,1
2015-10-11 05,5,11835,7,1
2015-10-11 06,6,12009,7,1
2015-10-11 07,7,12824,7,1
2015-10-11 08,8,13870,7,1
2015-10-11 09,9,14516,7,1
2015-10-11 10,10,14765,7,1
2015-10-11 11,11,14501,7,1
2015-10-11 12,12,14161,7,1
2015-10-11 13,13,14283,7,1
2015-10-11 14,14,14174,7,1
2015-10-11 15,15,14261,7,1
2015-10-11 16,16,14621,7,1
2015-10-11 17,17,15011,7,1
2015-10-11 18,18,15185,7,1
2015-10-11 19,19,14849,7,1
2015-10-11 20,20,14776,7,1
2015-10-11 21,21,14309,7,1
2015-10-11 22,22,13513,7,1
2015-10-11 23,23,12623,7,1
2015-10-12 00,0,12115,1,0
2015-10-12 01,1,11290,1,0
2015-10-12 02,2,10983,1,0
2015-10-12 03,3,10871,1,0
2015-10-12 04,4,11147,1,0
2015-10-12 05,5,11813,1,0
2015-10-12 06,6,12682,1,0
2015-10-12 07,7,14208,1,0
2015-10-12 08,8,16169,1,0
2015-10-12 09,9,16773,1,0
2015-10-12 10,10,16999,1,0
2015-10-12 11,11,16635,1,0
2015-10-12 12,12,16357,1,0
2015-10-12 13,13,16545,1,0
2015-10-12 14,14,16511,1,0
2015-10-12 15,15,16649,1,0
2015-10-12 16,16,16675,1,0
2015-10-12 17,17,16296,1,0
2015-10-12 18,18,16206,1,0
2015-10-12 19,19,15846,1,0
2015-10-12 20,20,15249,1,0
2015-10-12 21,21,14877,1,0
2015-10-12 22,22,14063,1,0
2015-10-12 23,23,13103,1,0
2015-10-13 00,0,12221,2,0
2015-10-13 01,1,11881,2,0
2015-10-13 02,2,11493,2,0
2015-10-13 03,3,11447,2,0
2015-10-13 04,4,11736,2,0
2015-10-13 05,5,12216,2,0
2015-10-13 06,6,13136,2,0
2015-10-13 07,7,14570,2,0
2015-10-13 08,8,16448,2,0
2015-10-13 09,9,16992,2,0
2015-10-13 10,10,17168,2,0
2015-10-13 11,11,16908,2,0
2015-10-13 12,12,16470,2,0
2015-10-13 13,13,16724,2,0
2015-10-13 14,14,16629,2,0
2015-10-13 15,15,16832,2,0
2015-10-13 16,16,16879,2,0
2015-10-13 17,17,16919,2,0
2015-10-13 18,18,16880,2,0
2015-10-13 19,19,16409,2,0
2015-10-13 20,20,15859,2,0
2015-10-13 21,21,15447,2,0
2015-10-13 22,22,14356,2,0
2015-10-13 23,23,13251,2,0
2015-10-14 00,0,12406,3,0
2015-10-14 01,1,12088,3,0
2015-10-14 02,2,11784,3,0
2015-10-14 03,3,11666,3,0
2015-10-14 04,4,11848,3,0
2015-10-14 05,5,12372,3,0
2015-10-14 06,6,13275,3,0
2015-10-14 07,7,14751,3,0
2015-10-14 08,8,16477,3,0
2015-10-14 09,9,17182,3,0
2015-10-14 10,10,17259,3,0
2015-10-14 11,11,16859,3,0
2015-10-14 12,12,16531,3,0
2015-10-14 13,13,16823,3,0
2015-10-14 14,14,16704,3,0
2015-10-14 15,15,16790,3,0
2015-10-14 16,16,16929,3,0
2015-10-14 17,17,16937,3,0
2015-10-14 18,18,16965,3,0
2015-10-14 19,19,16444,3,0
2015-10-14 20,20,15999,3,0
2015-10-14 21,21,15512,3,0
2015-10-14 22,22,14558,3,0
2015-10-14 23,23,13447,3,0
2015-10-15 00,0,12498,4,0
2015-10-15 01,1,12088,4,0
2015-10-15 02,2,11799,4,0
2015-10-15 03,3,11675,4,0
2015-10-15 04,4,11963,4,0
2015-10-15 05,5,12531,4,0
2015-10-15 06,6,13229,4,0
2015-10-15 07,7,14709,4,0
2015-10-15 08,8,16673,4,0
2015-10-15 09,9,17490,4,0
2015-10-15 10,10,17632,4,0
2015-10-15 11,11,17255,4,0
2015-10-15 12,12,16813,4,0
2015-10-15 13,13,17124,4,0
2015-10-15 14,14,17061,4,0
2015-10-15 15,15,17163,4,0
2015-10-15 16,16,17240,4,0
2015-10-15 17,17,17241,4,0
2015-10-15 18,18,17164,4,0
2015-10-15 19,19,16608,4,0
2015-10-15 20,20,16145,4,0
2015-10-15 21,21,15648,4,0
2015-10-15 22,22,14550,4,0
2015-10-15 23,23,13456,4,0
2015-10-16 00,0,12496,5,0
2015-10-16 01,1,12088,5,0
2015-10-16 02,2,11801,5,0
2015-10-16 03,3,11742,5,0
2015-10-16 04,4,11977,5,0
2015-10-16 05,5,12526,5,0
2015-10-16 06,6,13184,5,0
2015-10-16 07,7,14935,5,0
2015-10-16 08,8,16658,5,0
2015-10-16 09,9,17400,5,0
2015-10-16 10,10,17683,5,0
2015-10-16 11,11,17235,5,0
2015-10-16 12,12,16880,5,0
2015-10-16 13,13,17148,5,0
2015-10-16 14,14,17115,5,0
2015-10-16 15,15,17079,5,0
2015-10-16 16,16,17237,5,0
2015-10-16 17,17,16910,5,0
2015-10-16 18,18,16975,5,0
2015-10-16 19,19,16435,5,0
2015-10-16 20,20,15968,5,0
2015-10-16 21,21,15299,5,0
2015-10-16 22,22,14249,5,0
2015-10-16 23,23,13144,5,0
2015-10-17 00,0,12223,6,1
2015-10-17 01,1,12032,6,1
2015-10-17 02,2,11739,6,1
2015-10-17 03,3,11635,6,1
2015-10-17 04,4,11706,6,1
2015-10-17 05,5,12243,6,1
2015-10-17 06,6,12522,6,1
2015-10-17 07,7,13748,6,1
2015-10-17 08,8,15103,6,1
2015-10-17 09,9,15801,6,1
2015-10-17 10,10,16140,6,1
2015-10-17 11,11,15691,6,1
2015-10-17 12,12,15367,6,1
2015-10-17 13,13,15473,6,1
2015-10-17 14,14,15415,6,1
2015-10-17 15,15,15581,6,1
2015-10-17 16,16,15690,6,1
2015-10-17 17,17,16053,6,1
2015-10-17 18,18,15929,6,1
2015-10-17 19,19,15649,6,1
2015-10-17 20,20,15213,6,1
2015-10-17 21,21,14873,6,1
2015-10-17 22,22,14106,6,1
2015-10-17 23,23,13273,6,1
2015-10-18 00,0,12031,7,1
2015-10-18 01,1,11632,7,1
2015-10-18 02,2,11359,7,1
2015-10-18 03,3,11232,7,1
2015-10-18 04,4,11293,7,1
2015-10-18 05,5,11695,7,1
2015-10-18 06,6,11868,7,1
2015-10-18 07,7,12597,7,1
2015-10-18 08,8,13803,7,1
2015-10-18 09,9,14461,7,1
2015-10-18 10,10,14709,7,1
2015-10-18 11,11,14679,7,1
2015-10-18 12,12,14112,7,1
2015-10-18 13,13,14309,7,1
2015-10-18 14,14,14093,7,1
2015-10-18 15,15,14455,7,1
2015-10-18 16,16,14692,7,1
2015-10-18 17,17,15146,7,1
2015-10-18 18,18,15130,7,1
2015-10-18 19,19,14884,7,1
2015-10-18 20,20,14562,7,1
2015-10-18 21,21,14300,7,1
2015-10-18 22,22,13583,7,1
2015-10-18 23,23,12481,7,1
2015-10-19 00,0,11457,1,0
2015-10-19 01,1,11269,1,0
2015-10-19 02,2,10922,1,0
2015-10-19 03,3,10715,1,0
2015-10-19 04,4,11014,1,0
2015-10-19 05,5,11689,1,0
2015-10-19 06,6,12585,1,0
2015-10-19 07,7,14401,1,0
2015-10-19 08,8,16516,1,0
2015-10-19 09,9,17160,1,0
2015-10-19 10,10,17395,1,0
2015-10-19 11,11,16931,1,0
2015-10-19 12,12,16778,1,0
2015-10-19 13,13,16952,1,0
2015-10-19 14,14,16917,1,0
2015-10-19 15,15,16924,1,0
2015-10-19 16,16,16897,1,0
2015-10-19 17,17,16892,1,0
2015-10-19 18,18,16750,1,0
2015-10-19 19,19,16293,1,0
2015-10-19 20,20,15812,1,0
2015-10-19 21,21,15227,1,0
2015-10-19 22,22,14446,1,0
2015-10-19 23,23,13378,1,0
2015-10-20 00,0,12419,2,0
2015-10-20 01,1,12149,2,0
2015-10-20 02,2,11842,2,0
2015-10-20 03,3,11593,2,0
2015-10-20 04,4,11730,2,0
2015-10-20 05,5,12429,2,0
2015-10-20 06,6,13369,2,0
2015-10-20 07,7,14702,2,0
2015-10-20 08,8,16611,2,0
2015-10-20 09,9,17447,2,0
2015-10-20 10,10,17523,2,0
2015-10-20 11,11,17043,2,0
2015-10-20 12,12,16755,2,0
2015-10-20 13,13,17023,2,0
2015-10-20 14,14,16866,2,0
2015-10-20 15,15,16934,2,0
2015-10-20 16,16,17047,2,0
2015-10-20 17,17,16981,2,0
2015-10-20 18,18,16972,2,0
2015-10-20 19,19,16490,2,0
2015-10-20 20,20,15983,2,0
2015-10-20 21,21,15402,2,0
2015-10-20 22,22,14726,2,0
2015-10-20 23,23,13670,2,0
2015-10-21 00,0,12633,3,0
2015-10-21 01,1,12093,3,0
2015-10-21 02,2,11879,3,0
2015-10-21 03,3,11474,3,0
2015-10-21 04,4,11780,3,0
2015-10-21 05,5,12409,3,0
2015-10-21 06,6,13144,3,0
2015-10-21 07,7,14608,3,0
2015-10-21 08,8,16599,3,0
2015-10-21 09,9,17380,3,0
2015-10-21 10,10,17622,3,0
2015-10-21 11,11,17219,3,0
2015-10-21 12,12,16875,3,0
2015-10-21 13,13,17003,3,0
2015-10-21 14,14,17014,3,0
2015-10-21 15,15,17102,3,0
2015-10-21 16,16,17198,3,0
2015-10-21 17,17,17104,3,0
2015-10-21 18,18,17021,3,0
2015-10-21 19,19,16541,3,0
2015-10-21 20,20,15981,3,0
2015-10-21 21,21,15501,3,0
2015-10-21 22,22,14725,3,0
2015-10-21 23,23,13653,3,0
2015-10-22 00,0,12639,4,0
2015-10-22 01,1,12194,4,0
2015-10-22 02,2,11839,4,0
2015-10-22 03,3,11757,4,0
2015-10-22 04,4,11967,4,0
2015-10-22 05,5,12508,4,0
2015-10-22 06,6,13216,4,0
2015-10-22 07,7,14714,4,0
2015-10-22 08,8,16773,4,0
2015-10-22 09,9,17603,4,0
2015-10-22 10,10,17701,4,0
2015-10-22 11,11,17292,4,0
2015-10-22 12,12,16994,4,0
2015-10-22 13,13,17329,4,0
2015-10-22 14,14,17201,4,0
2015-10-22 15,15,17307,4,0
2015-10-22 16,16,17265,4,0
2015-10-22 17,17,17106,4,0
2015-10-22 18,18,17019,4,0
2015-10-22 19,19,16611,4,0
2015-10-22 20,20,15992,4,0
2015-10-22 21,21,15523,4,0
2015-10-22 22,22,14823,4,0
2015-10-22 23,23,13733,4,0
2015-10-23 00,0,12762,5,0
2015-10-23 01,1,12250,5,0
2015-10-23 02,2,11958,5,0
2015-10-23 03,3,11762,5,0
2015-10-23 04,4,11865,5,0
2015-10-23 05,5,12558,5,0
2015-10-23 06,6,13217,5,0
2015-10-23 07,7,14937,5,0
2015-10-23 08,8,16821,5,0
2015-10-23 09,9,17602,5,0
2015-10-23 10,10,17718,5,0
2015-10-23 11,11,17447,5,0
2015-10-23 12,12,17064,5,0
2015-10-23 13,13,17148,5,0
2015-10-23 14,14,17072,5,0
2015-10-23 15,15,17176,5,0
2015-10-23 16,16,17175,5,0
2015-10-23 17,17,17103,5,0
2015-10-23 18,18,17014,5,0
2015-10-23 19,19,16542,5,0
2015-10-23 20,20,15982,5,0
2015-10-23 21,21,15522,5,0
2015-10-23 22,22,14631,5,0
2015-10-23 23,23,13526,5,0
2015-10-24 00,0,12770,6,1
2015-10-24 01,1,12334,6,1
2015-10-24 02,2,11802,6,1
2015-10-24 03,3,11616,6,1
2015-10-24 04,4,11762,6,1
2015-10-24 05,5,12109,6,1
2015-10-24 06,6,12451,6,1
2015-10-24 07,7,13672,6,1
2015-10-24 08,8,15258,6,1
2015-10-24 09,9,15935,6,1
2015-10-24 10,10,16360,6,1
2015-10-24 11,11,15962,6,1
2015-10-24 12,12,15832,6,1
2015-10-24 13,13,15791,6,1
2015-10-24 14,14,15586,6,1
2015-10-24 15,15,15626,6,1
2015-10-24 16,16,15852,6,1
2015-10-24 17,17,16048,6,1
2015-10-24 18,18,16155,6,1
2015-10-24 19,19,15701,6,1
2015-10-24 20,20,15275,6,1
2015-10-24 21,21,14889,6,1
2015-10-24 22,22,14156,6,1
2015-10-24 23,23,13169,6,1
2015-10-25 00,0,12332,7,1
2015-10-25 01,1,11797,7,1
2015-10-25 02,2,11371,7,1
2015-10-25 03,3,11238,7,1
2015-10-25 04,4,11266,7,1
2015-10-25 05,5,11748,7,1
2015-10-25 06,6,11989,7,1
2015-10-25 07,7,12724,7,1
2015-10-25 08,8,13793,7,1
2015-10-25 09,9,14577,7,1
2015-10-25 10,10,14906,7,1
2015-10-25 11,11,14708,7,1
2015-10-25 12,12,14331,7,1
2015-10-25 13,13,14322,7,1
2015-10-25 14,14,14270,7,1
2015-10-25 15,15,14398,7,1
2015-10-25 16,16,14871,7,1
2015-10-25 17,17,15224,7,1
2015-10-25 18,18,15210,7,1
2015-10-25 19,19,14878,7,1
2015-10-25 20,20,14506,7,1
2015-10-25 21,21,14261,7,1
2015-10-25 22,22,13460,7,1
2015-10-25 23,23,12632,7,1
2015-10-26 00,0,11695,1,0
2015-10-26 01,1,11324,1,0
2015-10-26 02,2,10873,1,0
2015-10-26 03,3,10869,1,0
2015-10-26 04,4,11207,1,0
2015-10-26 05,5,11711,1,0
2015-10-26 06,6,12663,1,0
2015-10-26 07,7,14336,1,0
2015-10-26 08,8,16361,1,0
2015-10-26 09,9,17171,1,0
2015-10-26 10,10,17450,1,0
2015-10-26 11,11,17118,1,0
2015-10-26 12,12,16902,1,0
2015-10-26 13,13,17201,1,0
2015-10-26 14,14,17049,1,0
2015-10-26 15,15,17157,1,0
2015-10-26 16,16,17213,1,0
2015-10-26 17,17,17272,1,0
2015-10-26 18,18,17055,1,0
2015-10-26 19,19,16635,1,0
2015-10-26 20,20,16211,1,0
2015-10-26 21,21,15654,1,0
2015-10-26 22,22,14688,1,0
2015-10-26 23,23,13789,1,0
2015-10-27 00,0,12761,2,0
2015-10-27 01,1,12194,2,0
2015-10-27 02,2,11845,2,0
2015-10-27 03,3,11597,2,0
2015-10-27 04,4,11759,2,0
2015-10-27 05,5,12188,2,0
2015-10-27 06,6,13074,2,0
2015-10-27 07,7,14550,2,0
2015-10-27 08,8,16290,2,0
2015-10-27 09,9,17075,2,0
2015-10-27 10,10,17255,2,0
2015-10-27 11,11,16697,2,0
2015-10-27 12,12,16121,2,0
2015-10-27 13,13,16453,2,0
2015-10-27 14,14,16213,2,0
2015-10-27 15,15,16720,2,0
2015-10-27 16,16,16597,2,0
2015-10-27 17,17,16795,2,0
2015-10-27 18,18,16756,2,0
2015-10-27 19,19,16247,2,0
2015-10-27 20,20,15883,2,0
2015-10-27 21,21,15291,2,0
2015-10-27 22,22,14521,2,0
2015-10-27 23,23,13527,2,0
2015-10-28 00,0,12463,3,0
2015-10-28 01,1,11940,3,0
2015-10-28 02,2,11582,3,0
2015-10-28 03,3,11347,3,0
2015-10-28 04,4,11655,3,0
2015-10-28 05,5,12318,3,0
2015-10-28 06,6,13054,3,0
2015-10-28 07,7,14483,3,0
2015-10-28 08,8,16208,3,0
2015-10-28 09,9,16878,3,0
2015-10-28 10,10,17026,3,0
2015-10-28 11,11,16464,3,0
2015-10-28 12,12,16146,3,0
2015-10-28 13,13,16386,3,0
2015-10-28 14,14,16389,3,0
2015-10-28 15,15,16704,3,0
2015-10-28 16,16,16753,3,0
2015-10-28 17,17,16801,3,0
2015-10-28 18,18,16756,3,0
2015-10-28 19,19,16338,3,0
2015-10-28 20,20,15881,3,0
2015-10-28 21,21,15248,3,0
2015-10-28 22,22,14509,3,0
2015-10-28 23,23,13529,3,0
2015-10-29 00,0,12442,4,0
2015-10-29 01,1,12108,4,0
2015-10-29 02,2,11618,4,0
2015-10-29 03,3,11500,4,0
2015-10-29 04,4,11639,4,0
2015-10-29 05,5,12332,4,0
2015-10-29 06,6,13057,4,0
2015-10-29 07,7,14714,4,0
2015-10-29 08,8,16428,4,0
2015-10-29 09,9,17268,4,0
2015-10-29 10,10,17376,4,0
2015-10-29 11,11,17007,4,0
2015-10-29 12,12,16453,4,0
2015-10-29 13,13,16829,4,0
2015-10-29 14,14,16678,4,0
2015-10-29 15,15,16951,4,0
2015-10-29 16,16,17217,4,0
2015-10-29 17,17,16882,4,0
2015-10-29 18,18,16726,4,0
2015-10-29 19,19,16214,4,0
2015-10-29 20,20,15763,4,0
2015-10-29 21,21,15196,4,0
2015-10-29 22,22,14459,4,0
2015-10-29 23,23,13465,4,0
2015-10-30 00,0,12473,5,0
2015-10-30 01,1,12097,5,0
2015-10-30 02,2,11758,5,0
2015-10-30 03,3,11541,5,0
2015-10-30 04,4,11789,5,0
2015-10-30 05,5,12311,5,0
2015-10-30 06,6,13228,5,0
2015-10-30 07,7,14649,5,0
2015-10-30 08,8,16398,5,0
2015-10-30 09,9,17036,5,0
2015-10-30 10,10,17098,5,0
2015-10-30 11,11,16709,5,0
2015-10-30 12,12,16288,5,0
2015-10-30 13,13,16476,5,0
2015-10-30 14,14,16374,5,0
2015-10-30 15,15,16588,5,0
2015-10-30 16,16,16798,5,0
2015-10-30 17,17,16736,5,0
2015-10-30 18,18,16556,5,0
2015-10-30 19,19,16208,5,0
2015-10-30 20,20,15684,5,0
2015-10-30 21,21,15199,5,0
2015-10-30 22,22,14438,5,0
2015-10-30 23,23,13459,5,0
2015-10-31 00,0,12430,6,1
2015-10-31 01,1,11803,6,1
2015-10-31 02,2,11585,6,1
2015-10-31 03,3,11344,6,1
2015-10-31 04,4,11435,6,1
2015-10-31 05,5,11837,6,1
2015-10-31 06,6,12272,6,1
2015-10-31 07,7,13266,6,1
2015-10-31 08,8,14654,6,1
2015-10-31 09,9,15294,6,1
2015-10-31 10,10,15518,6,1
2015-10-31 11,11,14944,6,1
2015-10-31 12,12,14728,6,1
2015-10-31 13,13,14730,6,1
2015-10-31 14,14,14575,6,1
2015-10-31 15,15,14814,6,1
2015-10-31 16,16,15301,6,1
2015-10-31 17,17,15588,6,1
2015-10-31 18,18,15584,6,1
2015-10-31 19,19,15183,6,1
2015-10-31 20,20,14701,6,1
2015-10-31 21,21,14513,6,1
2015-10-31 22,22,13807,6,1
2015-10-31 23,23,12848,6,1
2015-11-01 00,0,12017,7,1
2015-11-01 01,1,11470,7,1
2015-11-01 02,2,11126,7,1
2015-11-01 03,3,10835,7,1
2015-11-01 04,4,10894,7,1
2015-11-01 05,5,11320,7,1
2015-11-01 06,6,11523,7,1
2015-11-01 07,7,12316,7,1
2015-11-01 08,8,13347,7,1
2015-11-01 09,9,14047,7,1
2015-11-01 10,10,14544,7,1
2015-11-01 11,11,14393,7,1
2015-11-01 12,12,13981,7,1
2015-11-01 13,13,13999,7,1
2015-11-01 14,14,13931,7,1
2015-11-01 15,15,14255,7,1
2015-11-01 16,16,14658,7,1
2015-11-01 17,17,15009,7,1
2015-11-01 18,18,14994,7,1
2015-11-01 19,19,14824,7,1
2015-11-01 20,20,14525,7,1
2015-11-01 21,21,14278,7,1
2015-11-01 22,22,13486,7,1
2015-11-01 23,23,12528,7,1
2015-11-02 00,0,11499,1,0
2015-11-02 01,1,11008,1,0
2015-11-02 02,2,10726,1,0
2015-11-02 03,3,10593,1,0
2015-11-02 04,4,10995,1,0
2015-11-02 05,5,11766,1,0
2015-11-02 06,6,12662,1,0
2015-11-02 07,7,14103,1,0
2015-11-02 08,8,15912,1,0
2015-11-02 09,9,16636,1,0
2015-11-02 10,10,16866,1,0
2015-11-02 11,11,16415,1,0
2015-11-02 12,12,16095,1,0
2015-11-02 13,13,16261,1,0
2015-11-02 14,14,16172,1,0
2015-11-02 15,15,16433,1,0
2015-11-02 16,16,16543,1,0
2015-11-02 17,17,16993,1,0
2015-11-02 18,18,16855,1,0
2015-11-02 19,19,16485,1,0
2015-11-02 20,20,15995,1,0
2015-11-02 21,21,15493,1,0
2015-11-02 22,22,14697,1,0
2015-11-02 23,23,13584,1,0
2015-11-03 00,0,12729,2,0
2015-11-03 01,1,12060,2,0
2015-11-03 02,2,11624,2,0
2015-11-03 03,3,11464,2,0
2015-11-03 04,4,11691,2,0
2015-11-03 05,5,12193,2,0
2015-11-03 06,6,13173,2,0
2015-11-03 07,7,14475,2,0
2015-11-03 08,8,16223,2,0
2015-11-03 09,9,16739,2,0
2015-11-03 10,10,16883,2,0
2015-11-03 11,11,16446,2,0
2015-11-03 12,12,16080,2,0
2015-11-03 13,13,16365,2,0
2015-11-03 14,14,16150,2,0
2015-11-03 15,15,16316,2,0
2015-11-03 16,16,16482,2,0
2015-11-03 17,17,16784,2,0
2015-11-03 18,18,16538,2,0
2015-11-03 19,19,16028,2,0
2015-11-03 20,20,15574,2,0
2015-11-03 21,21,15139,2,0
2015-11-03 22,22,14208,2,0
2015-11-03 23,23,13264,2,0
2015-11-04 00,0,12462,3,0
2015-11-04 01,1,12021,3,0
2015-11-04 02,2,11619,3,0
2015-11-04 03,3,11384,3,0
2015-11-04 04,4,11684,3,0
2015-11-04 05,5,12195,3,0
2015-11-04 06,6,13215,3,0
2015-11-04 07,7,14580,3,0
2015-11-04 08,8,16401,3,0
2015-11-04 09,9,17067,3,0
2015-11-04 10,10,17191,3,0
2015-11-04 11,11,16837,3,0
2015-11-04 12,12,16500,3,0
2015-11-04 13,13,16681,3,0
2015-11-04 14,14,16628,3,0
2015-11-04 15,15,16940,3,0
2015-11-04 16,16,16900,3,0
2015-11-04 17,17,16794,3,0
2015-11-04 18,18,16536,3,0
2015-11-04 19,19,16031,3,0
2015-11-04 20,20,15572,3,0
2015-11-04 21,21,15137,3,0
2015-11-04 22,22,14211,3,0
2015-11-04 23,23,13267,3,0
2015-11-05 00,0,12426,4,0
2015-11-05 01,1,12129,4,0
2015-11-05 02,2,11888,4,0
2015-11-05 03,3,11579,4,0
2015-11-05 04,4,11709,4,0
2015-11-05 05,5,12194,4,0
2015-11-05 06,6,13225,4,0
2015-11-05 07,7,14719,4,0
2015-11-05 08,8,16566,4,0
2015-11-05 09,9,17280,4,0
2015-11-05 10,10,17338,4,0
2015-11-05 11,11,17029,4,0
2015-11-05 12,12,16524,4,0
2015-11-05 13,13,16797,4,0
2015-11-05 14,14,16619,4,0
2015-11-05 15,15,16889,4,0
2015-11-05 16,16,17121,4,0
2015-11-05 17,17,17294,4,0
2015-11-05 18,18,17186,4,0
2015-11-05 19,19,16691,4,0
2015-11-05 20,20,16314,4,0
2015-11-05 21,21,15816,4,0
2015-11-05 22,22,14970,4,0
2015-11-05 23,23,13589,4,0
2015-11-06 00,0,12464,5,0
2015-11-06 01,1,12131,5,0
2015-11-06 02,2,11802,5,0
2015-11-06 03,3,11730,5,0
2015-11-06 04,4,11809,5,0
2015-11-06 05,5,12194,5,0
2015-11-06 06,6,13227,5,0
2015-11-06 07,7,14767,5,0
2015-11-06 08,8,16562,5,0
2015-11-06 09,9,17486,5,0
2015-11-06 10,10,17547,5,0
2015-11-06 11,11,17029,5,0
2015-11-06 12,12,16500,5,0
2015-11-06 13,13,16792,5,0
2015-11-06 14,14,16630,5,0
2015-11-06 15,15,16963,5,0
2015-11-06 16,16,17092,5,0
2015-11-06 17,17,17164,5,0
2015-11-06 18,18,17059,5,0
2015-11-06 19,19,16678,5,0
2015-11-06 20,20,16187,5,0
2015-11-06 21,21,15736,5,0
2015-11-06 22,22,14959,5,0
2015-11-06 23,23,13592,5,0
2015-11-07 00,0,12521,6,1
2015-11-07 01,1,12102,6,1
2015-11-07 02,2,11694,6,1
2015-11-07 03,3,11580,6,1
2015-11-07 04,4,11720,6,1
2015-11-07 05,5,12023,6,1
2015-11-07 06,6,12548,6,1
2015-11-07 07,7,13681,6,1
2015-11-07 08,8,15164,6,1
2015-11-07 09,9,15710,6,1
2015-11-07 10,10,15916,6,1
2015-11-07 11,11,15900,6,1
2015-11-07 12,12,15493,6,1
2015-11-07 13,13,15682,6,1
2015-11-07 14,14,15556,6,1
2015-11-07 15,15,15907,6,1
2015-11-07 16,16,15945,6,1
2015-11-07 17,17,15937,6,1
2015-11-07 18,18,15929,6,1
2015-11-07 19,19,15550,6,1
2015-11-07 20,20,15229,6,1
2015-11-07 21,21,14813,6,1
2015-11-07 22,22,14017,6,1
2015-11-07 23,23,13276,6,1
2015-11-08 00,0,11943,7,1
2015-11-08 01,1,11540,7,1
2015-11-08 02,2,11254,7,1
2015-11-08 03,3,11059,7,1
2015-11-08 04,4,11144,7,1
2015-11-08 05,5,11426,7,1
2015-11-08 06,6,11689,7,1
2015-11-08 07,7,12505,7,1
2015-11-08 08,8,13628,7,1
2015-11-08 09,9,14392,7,1
2015-11-08 10,10,14749,7,1
2015-11-08 11,11,14574,7,1
2015-11-08 12,12,14177,7,1
2015-11-08 13,13,14247,7,1
2015-11-08 14,14,14140,7,1
2015-11-08 15,15,14540,7,1
2015-11-08 16,16,15018,7,1
2015-11-08 17,17,15314,7,1
2015-11-08 18,18,15240,7,1
2015-11-08 19,19,14912,7,1
2015-11-08 20,20,14799,7,1
2015-11-08 21,21,14340,7,1
2015-11-08 22,22,13689,7,1
2015-11-08 23,23,12728,7,1
2015-11-09 00,0,11552,1,0
2015-11-09 01,1,11180,1,0
2015-11-09 02,2,10940,1,0
2015-11-09 03,3,10762,1,0
2015-11-09 04,4,11077,1,0
2015-11-09 05,5,11729,1,0
2015-11-09 06,6,12818,1,0
2015-11-09 07,7,14540,1,0
2015-11-09 08,8,16417,1,0
2015-11-09 09,9,17397,1,0
2015-11-09 10,10,17498,1,0
2015-11-09 11,11,17223,1,0
2015-11-09 12,12,16805,1,0
2015-11-09 13,13,17014,1,0
2015-11-09 14,14,16963,1,0
2015-11-09 15,15,17298,1,0
2015-11-09 16,16,17279,1,0
2015-11-09 17,17,17403,1,0
2015-11-09 18,18,17147,1,0
2015-11-09 19,19,16731,1,0
2015-11-09 20,20,16182,1,0
2015-11-09 21,21,15821,1,0
2015-11-09 22,22,15024,1,0
2015-11-09 23,23,13683,1,0
2015-11-10 00,0,12535,2,0
2015-11-10 01,1,12227,2,0
2015-11-10 02,2,11802,2,0
2015-11-10 03,3,11768,2,0
2015-11-10 04,4,11821,2,0
2015-11-10 05,5,12597,2,0
2015-11-10 06,6,13513,2,0
2015-11-10 07,7,14896,2,0
2015-11-10 08,8,16652,2,0
2015-11-10 09,9,17229,2,0
2015-11-10 10,10,17392,2,0
2015-11-10 11,11,16816,2,0
2015-11-10 12,12,16495,2,0
2015-11-10 13,13,16684,2,0
2015-11-10 14,14,16551,2,0
2015-11-10 15,15,16715,2,0
2015-11-10 16,16,17009,2,0
2015-11-10 17,17,17370,2,0
2015-11-10 18,18,17137,2,0
2015-11-10 19,19,16804,2,0
2015-11-10 20,20,16385,2,0
2015-11-10 21,21,16006,2,0
2015-11-10 22,22,15132,2,0
2015-11-10 23,23,13837,2,0
2015-11-11 00,0,12664,3,0
2015-11-11 01,1,12351,3,0
2015-11-11 02,2,11962,3,0
2015-11-11 03,3,11763,3,0
2015-11-11 04,4,11861,3,0
2015-11-11 05,5,12638,3,0
2015-11-11 06,6,13552,3,0
2015-11-11 07,7,15082,3,0
2015-11-11 08,8,16719,3,0
2015-11-11 09,9,17274,3,0
2015-11-11 10,10,17360,3,0
2015-11-11 11,11,16949,3,0
2015-11-11 12,12,16583,3,0
2015-11-11 13,13,16764,3,0
2015-11-11 14,14,16680,3,0
2015-11-11 15,15,16934,3,0
2015-11-11 16,16,17153,3,0
2015-11-11 17,17,17475,3,0
2015-11-11 18,18,17195,3,0
2015-11-11 19,19,16898,3,0
2015-11-11 20,20,16418,3,0
2015-11-11 21,21,16042,3,0
2015-11-11 22,22,15262,3,0
2015-11-11 23,23,13966,3,0
2015-11-12 00,0,12730,4,0
2015-11-12 01,1,12422,4,0
2015-11-12 02,2,11981,4,0
2015-11-12 03,3,11760,4,0
2015-11-12 04,4,11873,4,0
2015-11-12 05,5,12602,4,0
2015-11-12 06,6,13431,4,0
2015-11-12 07,7,14934,4,0
2015-11-12 08,8,16832,4,0
2015-11-12 09,9,17513,4,0
2015-11-12 10,10,17651,4,0
2015-11-12 11,11,17323,4,0
2015-11-12 12,12,16865,4,0
2015-11-12 13,13,17043,4,0
2015-11-12 14,14,16920,4,0
2015-11-12 15,15,17129,4,0
2015-11-12 16,16,17423,4,0
2015-11-12 17,17,17548,4,0
2015-11-12 18,18,17298,4,0
2015-11-12 19,19,16991,4,0
2015-11-12 20,20,16515,4,0
2015-11-12 21,21,16136,4,0
2015-11-12 22,22,15348,4,0
2015-11-12 23,23,14003,4,0
2015-11-13 00,0,12735,5,0
2015-11-13 01,1,12319,5,0
2015-11-13 02,2,12003,5,0
2015-11-13 03,3,11797,5,0
2015-11-13 04,4,11989,5,0
2015-11-13 05,5,12538,5,0
2015-11-13 06,6,13433,5,0
2015-11-13 07,7,14993,5,0
2015-11-13 08,8,16833,5,0
2015-11-13 09,9,17727,5,0
2015-11-13 10,10,17772,5,0
2015-11-13 11,11,17257,5,0
2015-11-13 12,12,16927,5,0
2015-11-13 13,13,17031,5,0
2015-11-13 14,14,16848,5,0
2015-11-13 15,15,17086,5,0
2015-11-13 16,16,17373,5,0
2015-11-13 17,17,17340,5,0
2015-11-13 18,18,16982,5,0
2015-11-13 19,19,16621,5,0
2015-11-13 20,20,16387,5,0
2015-11-13 21,21,16031,5,0
2015-11-13 22,22,15179,5,0
2015-11-13 23,23,14054,5,0
2015-11-14 00,0,12946,6,1
2015-11-14 01,1,12232,6,1
2015-11-14 02,2,11853,6,1
2015-11-14 03,3,11760,6,1
2015-11-14 04,4,11789,6,1
2015-11-14 05,5,12181,6,1
2015-11-14 06,6,12507,6,1
2015-11-14 07,7,13765,6,1
2015-11-14 08,8,15201,6,1
2015-11-14 09,9,15915,6,1
2015-11-14 10,10,16070,6,1
2015-11-14 11,11,15653,6,1
2015-11-14 12,12,15091,6,1
2015-11-14 13,13,15216,6,1
2015-11-14 14,14,15054,6,1
2015-11-14 15,15,15167,6,1
2015-11-14 16,16,15798,6,1
2015-11-14 17,17,16118,6,1
2015-11-14 18,18,15951,6,1
2015-11-14 19,19,15732,6,1
2015-11-14 20,20,15420,6,1
2015-11-14 21,21,15039,6,1
2015-11-14 22,22,14305,6,1
2015-11-14 23,23,13376,6,1
2015-11-15 00,0,12222,7,1
2015-11-15 01,1,11731,7,1
2015-11-15 02,2,11464,7,1
2015-11-15 03,3,11199,7,1
2015-11-15 04,4,11467,7,1
2015-11-15 05,5,11768,7,1
2015-11-15 06,6,11950,7,1
2015-11-15 07,7,12617,7,1
2015-11-15 08,8,13585,7,1
2015-11-15 09,9,14235,7,1
2015-11-15 10,10,14424,7,1
2015-11-15 11,11,14226,7,1
2015-11-15 12,12,13775,7,1
2015-11-15 13,13,13857,7,1
2015-11-15 14,14,13710,7,1
2015-11-15 15,15,13922,7,1
2015-11-15 16,16,14934,7,1
2015-11-15 17,17,15303,7,1
2015-11-15 18,18,15100,7,1
2015-11-15 19,19,15053,7,1
2015-11-15 20,20,14797,7,1
2015-11-15 21,21,14478,7,1
2015-11-15 22,22,13696,7,1
2015-11-15 23,23,12611,7,1
2015-11-16 00,0,11679,1,0
2015-11-16 01,1,11121,1,0
2015-11-16 02,2,10849,1,0
2015-11-16 03,3,10840,1,0
2015-11-16 04,4,11039,1,0
2015-11-16 05,5,11728,1,0
2015-11-16 06,6,12792,1,0
2015-11-16 07,7,14507,1,0
2015-11-16 08,8,16343,1,0
2015-11-16 09,9,16986,1,0
2015-11-16 10,10,17276,1,0
2015-11-16 11,11,16792,1,0
2015-11-16 12,12,16506,1,0
2015-11-16 13,13,16718,1,0
2015-11-16 14,14,16630,1,0
2015-11-16 15,15,16901,1,0
2015-11-16 16,16,17081,1,0
2015-11-16 17,17,17180,1,0
2015-11-16 18,18,17002,1,0
2015-11-16 19,19,16661,1,0
2015-11-16 20,20,16182,1,0
2015-11-16 21,21,15809,1,0
2015-11-16 22,22,14998,1,0
2015-11-16 23,23,13936,1,0
2015-11-17 00,0,12770,2,0
2015-11-17 01,1,12215,2,0
2015-11-17 02,2,11953,2,0
2015-11-17 03,3,11617,2,0
2015-11-17 04,4,11782,2,0
2015-11-17 05,5,12338,2,0
2015-11-17 06,6,13512,2,0
2015-11-17 07,7,14900,2,0
2015-11-17 08,8,16827,2,0
2015-11-17 09,9,17302,2,0
2015-11-17 10,10,17488,2,0
2015-11-17 11,11,17008,2,0
2015-11-17 12,12,16769,2,0
2015-11-17 13,13,16884,2,0
2015-11-17 14,14,16789,2,0
2015-11-17 15,15,17131,2,0
2015-11-17 16,16,17411,2,0
2015-11-17 17,17,17474,2,0
2015-11-17 18,18,17083,2,0
2015-11-17 19,19,16651,2,0
2015-11-17 20,20,16304,2,0
2015-11-17 21,21,15829,2,0
2015-11-17 22,22,14974,2,0
2015-11-17 23,23,13884,2,0
2015-11-18 00,0,13150,3,0
2015-11-18 01,1,12110,3,0
2015-11-18 02,2,11767,3,0
2015-11-18 03,3,11691,3,0
2015-11-18 04,4,11636,3,0
2015-11-18 05,5,12353,3,0
2015-11-18 06,6,13230,3,0
2015-11-18 07,7,14938,3,0
2015-11-18 08,8,16735,3,0
2015-11-18 09,9,17571,3,0
2015-11-18 10,10,17580,3,0
2015-11-18 11,11,17214,3,0
2015-11-18 12,12,16893,3,0
2015-11-18 13,13,17069,3,0
2015-11-18 14,14,17054,3,0
2015-11-18 15,15,17191,3,0
2015-11-18 16,16,17434,3,0
2015-11-18 17,17,17426,3,0
2015-11-18 18,18,17233,3,0
2015-11-18 19,19,16813,3,0
2015-11-18 20,20,16383,3,0
2015-11-18 21,21,15957,3,0
2015-11-18 22,22,15093,3,0
2015-11-18 23,23,14021,3,0
2015-11-19 00,0,12860,4,0
2015-11-19 01,1,12306,4,0
2015-11-19 02,2,11948,4,0
2015-11-19 03,3,11740,4,0
2015-11-19 04,4,11852,4,0
2015-11-19 05,5,12539,4,0
2015-11-19 06,6,13428,4,0
2015-11-19 07,7,15061,4,0
2015-11-19 08,8,16974,4,0
2015-11-19 09,9,17694,4,0
2015-11-19 10,10,17822,4,0
2015-11-19 11,11,17386,4,0
2015-11-19 12,12,17044,4,0
2015-11-19 13,13,17265,4,0
2015-11-19 14,14,17109,4,0
2015-11-19 15,15,17313,4,0
2015-11-19 16,16,17450,4,0
2015-11-19 17,17,17587,4,0
2015-11-19 18,18,17248,4,0
2015-11-19 19,19,16819,4,0
2015-11-19 20,20,16439,4,0
2015-11-19 21,21,15975,4,0
2015-11-19 22,22,15126,4,0
2015-11-19 23,23,14033,4,0
2015-11-20 00,0,12912,5,0
2015-11-20 01,1,12277,5,0
2015-11-20 02,2,11870,5,0
2015-11-20 03,3,11723,5,0
2015-11-20 04,4,11904,5,0
2015-11-20 05,5,12532,5,0
2015-11-20 06,6,13463,5,0
2015-11-20 07,7,15068,5,0
2015-11-20 08,8,16991,5,0
2015-11-20 09,9,17840,5,0
2015-11-20 10,10,17904,5,0
2015-11-20 11,11,17611,5,0
2015-11-20 12,12,17209,5,0
2015-11-20 13,13,17506,5,0
2015-11-20 14,14,17253,5,0
2015-11-20 15,15,17387,5,0
2015-11-20 16,16,17604,5,0
2015-11-20 17,17,17527,5,0
2015-11-20 18,18,17231,5,0
2015-11-20 19,19,16964,5,0
2015-11-20 20,20,16317,5,0
2015-11-20 21,21,16005,5,0
2015-11-20 22,22,15631,5,0
2015-11-20 23,23,14696,5,0
2015-11-21 00,0,13112,6,1
2015-11-21 01,1,12536,6,1
2015-11-21 02,2,12002,6,1
2015-11-21 03,3,11812,6,1
2015-11-21 04,4,11862,6,1
2015-11-21 05,5,12255,6,1
2015-11-21 06,6,12611,6,1
2015-11-21 07,7,13724,6,1
2015-11-21 08,8,15419,6,1
2015-11-21 09,9,16236,6,1
2015-11-21 10,10,16371,6,1
2015-11-21 11,11,16164,6,1
2015-11-21 12,12,15718,6,1
2015-11-21 13,13,15912,6,1
2015-11-21 14,14,15704,6,1
2015-11-21 15,15,15845,6,1
2015-11-21 16,16,15850,6,1
2015-11-21 17,17,16287,6,1
2015-11-21 18,18,16195,6,1
2015-11-21 19,19,15931,6,1
2015-11-21 20,20,15713,6,1
2015-11-21 21,21,15379,6,1
2015-11-21 22,22,14654,6,1
2015-11-21 23,23,13722,6,1
2015-11-22 00,0,12529,7,1
2015-11-22 01,1,11955,7,1
2015-11-22 02,2,11646,7,1
2015-11-22 03,3,11438,7,1
2015-11-22 04,4,11392,7,1
2015-11-22 05,5,11850,7,1
2015-11-22 06,6,12102,7,1
2015-11-22 07,7,12783,7,1
2015-11-22 08,8,14037,7,1
2015-11-22 09,9,14688,7,1
2015-11-22 10,10,14824,7,1
2015-11-22 11,11,14805,7,1
2015-11-22 12,12,14443,7,1
2015-11-22 13,13,14391,7,1
2015-11-22 14,14,14321,7,1
2015-11-22 15,15,14678,7,1
2015-11-22 16,16,14985,7,1
2015-11-22 17,17,15418,7,1
2015-11-22 18,18,15297,7,1
2015-11-22 19,19,15214,7,1
2015-11-22 20,20,15144,7,1
2015-11-22 21,21,14743,7,1
2015-11-22 22,22,14072,7,1
2015-11-22 23,23,13009,7,1
2015-11-23 00,0,11984,1,0
2015-11-23 01,1,11416,1,0
2015-11-23 02,2,11040,1,0
2015-11-23 03,3,10982,1,0
2015-11-23 04,4,11143,1,0
2015-11-23 05,5,11984,1,0
2015-11-23 06,6,12868,1,0
2015-11-23 07,7,14608,1,0
2015-11-23 08,8,16720,1,0
2015-11-23 09,9,17628,1,0
2015-11-23 10,10,17908,1,0
2015-11-23 11,11,17434,1,0
2015-11-23 12,12,17434,1,0
2015-11-23 13,13,17434,1,0
2015-11-23 14,14,17434,1,0
2015-11-23 15,15,17379,1,0
2015-11-23 16,16,17340,1,0
2015-11-23 17,17,17340,1,0
2015-11-23 18,18,17340,1,0
2015-11-23 19,19,17340,1,0
2015-11-23 20,20,17340,1,0
2015-11-23 21,21,17340,1,0
2015-11-23 22,22,17340,1,0
2015-11-23 23,23,17340,1,0
2015-11-24 00,0,17340,2,0
2015-11-24 01,1,17340,2,0
2015-11-24 02,2,17340,2,0
2015-11-24 03,3,17340,2,0
2015-11-24 04,4,17340,2,0
2015-11-24 05,5,17340,2,0
2015-11-24 06,6,17340,2,0
2015-11-24 07,7,17340,2,0
2015-11-24 08,8,17340,2,0
2015-11-24 09,9,17264,2,0
2015-11-24 10,10,17264,2,0
2015-11-24 11,11,17608,2,0
2015-11-24 12,12,17338,2,0
2015-11-24 13,13,17636,2,0
2015-11-24 14,14,17558,2,0
2015-11-24 15,15,17768,2,0
2015-11-24 16,16,18060,2,0
2015-11-24 17,17,18099,2,0
2015-11-24 18,18,17581,2,0
2015-11-24 19,19,17135,2,0
2015-11-24 20,20,16861,2,0
2015-11-24 21,21,16291,2,0
2015-11-24 22,22,15061,2,0
2015-11-24 23,23,14152,2,0
2015-11-25 00,0,13383,3,0
2015-11-25 01,1,12729,3,0
2015-11-25 02,2,12257,3,0
2015-11-25 03,3,12053,3,0
2015-11-25 04,4,12279,3,0
2015-11-25 05,5,12926,3,0
2015-11-25 06,6,13925,3,0
2015-11-25 07,7,15860,3,0
2015-11-25 08,8,18151,3,0
2015-11-25 09,9,18975,3,0
2015-11-25 10,10,19340,3,0
2015-11-25 11,11,18936,3,0
2015-11-25 12,12,18738,3,0
2015-11-25 13,13,18802,3,0
2015-11-25 14,14,18700,3,0
2015-11-25 15,15,18898,3,0
2015-11-25 16,16,19166,3,0
2015-11-25 17,17,19171,3,0
2015-11-25 18,18,18785,3,0
2015-11-25 19,19,18430,3,0
2015-11-25 20,20,18106,3,0
2015-11-25 21,21,17671,3,0
2015-11-25 22,22,16369,3,0
2015-11-25 23,23,15322,3,0
2015-11-26 00,0,14336,4,0
2015-11-26 01,1,13481,4,0
2015-11-26 02,2,13026,4,0
2015-11-26 03,3,12866,4,0
2015-11-26 04,4,13075,4,0
2015-11-26 05,5,13754,4,0
2015-11-26 06,6,15101,4,0
2015-11-26 07,7,17242,4,0
2015-11-26 08,8,19661,4,0
2015-11-26 09,9,20680,4,0
2015-11-26 10,10,20815,4,0
2015-11-26 11,11,20404,4,0
2015-11-26 12,12,19928,4,0
2015-11-26 13,13,20059,4,0
2015-11-26 14,14,19899,4,0
2015-11-26 15,15,20168,4,0
2015-11-26 16,16,20482,4,0
2015-11-26 17,17,20747,4,0
2015-11-26 18,18,20467,4,0
2015-11-26 19,19,20282,4,0
2015-11-26 20,20,20192,4,0
2015-11-26 21,21,19770,4,0
2015-11-26 22,22,19406,4,0
2015-11-26 23,23,19406,4,0
2015-11-27 00,0,19406,5,0
2015-11-27 01,1,19406,5,0
2015-11-27 02,2,13539,5,0
2015-11-27 03,3,13389,5,0
2015-11-27 04,4,13591,5,0
2015-11-27 05,5,14347,5,0
2015-11-27 06,6,15733,5,0
2015-11-27 07,7,18133,5,0
2015-11-27 08,8,20594,5,0
2015-11-27 09,9,21392,5,0
2015-11-27 10,10,21500,5,0
2015-11-27 11,11,21213,5,0
2015-11-27 12,12,20274,5,0
2015-11-27 13,13,20432,5,0
2015-11-27 14,14,20043,5,0
2015-11-27 15,15,20206,5,0
2015-11-27 16,16,20409,5,0
2015-11-27 17,17,20473,5,0
2015-11-27 18,18,20411,5,0
2015-11-27 19,19,20411,5,0
2015-11-27 20,20,20411,5,0
2015-11-27 21,21,20411,5,0
2015-11-27 22,22,20411,5,0
2015-11-27 23,23,20411,5,0
2015-11-28 00,0,20411,6,1
2015-11-28 01,1,20411,6,1
2015-11-28 02,2,13808,6,1
2015-11-28 03,3,13493,6,1
2015-11-28 04,4,13374,6,1
2015-11-28 05,5,13901,6,1
2015-11-28 06,6,14356,6,1
2015-11-28 07,7,15700,6,1
2015-11-28 08,8,17459,6,1
2015-11-28 09,9,18077,6,1
2015-11-28 10,10,18388,6,1
2015-11-28 11,11,17841,6,1
2015-11-28 12,12,17176,6,1
2015-11-28 13,13,17186,6,1
2015-11-28 14,14,17038,6,1
2015-11-28 15,15,17209,6,1
2015-11-28 16,16,18220,6,1
2015-11-28 17,17,18858,6,1
2015-11-28 18,18,18921,6,1
2015-11-28 19,19,18929,6,1
2015-11-28 20,20,18548,6,1
2015-11-28 21,21,18245,6,1
2015-11-28 22,22,17525,6,1
2015-11-28 23,23,16074,6,1
2015-11-29 00,0,14843,7,1
2015-11-29 01,1,13750,7,1
2015-11-29 02,2,12902,7,1
2015-11-29 03,3,12425,7,1
2015-11-29 04,4,12443,7,1
2015-11-29 05,5,12842,7,1
2015-11-29 06,6,13122,7,1
2015-11-29 07,7,14608,7,1
2015-11-29 08,8,15858,7,1
2015-11-29 09,9,16407,7,1
2015-11-29 10,10,16630,7,1
2015-11-29 11,11,16528,7,1
2015-11-29 12,12,16342,7,1
2015-11-29 13,13,16228,7,1
2015-11-29 14,14,16192,7,1
2015-11-29 15,15,16321,7,1
2015-11-29 16,16,17032,7,1
2015-11-29 17,17,17535,7,1
2015-11-29 18,18,17717,7,1
2015-11-29 19,19,17731,7,1
2015-11-29 20,20,17525,7,1
2015-11-29 21,21,17157,7,1
2015-11-29 22,22,16347,7,1
2015-11-29 23,23,15225,7,1
2015-11-30 00,0,13571,1,0
2015-11-30 01,1,13033,1,0
2015-11-30 02,2,12664,1,0
2015-11-30 03,3,12167,1,0
2015-11-30 04,4,12308,1,0
2015-11-30 05,5,13196,1,0
2015-11-30 06,6,14478,1,0
2015-11-30 07,7,16398,1,0
2015-11-30 08,8,18531,1,0
2015-11-30 09,9,19678,1,0
2015-11-30 10,10,19719,1,0
2015-11-30 11,11,18892,1,0
2015-11-30 12,12,18193,1,0
2015-11-30 13,13,18253,1,0
2015-11-30 14,14,18043,1,0
2015-11-30 15,15,18159,1,0
2015-11-30 16,16,18469,1,0
2015-11-30 17,17,18797,1,0
2015-11-30 18,18,18804,1,0
2015-11-30 19,19,18728,1,0
2015-11-30 20,20,18521,1,0
2015-11-30 21,21,18521,1,0
2015-11-30 22,22,18521,1,0
2015-11-30 23,23,14999,1,0
2015-12-01 00,0,14233,2,0
2015-12-01 01,1,13334,2,0
2015-12-01 02,2,12879,2,0
2015-12-01 03,3,12533,2,0
2015-12-01 04,4,12627,2,0
2015-12-01 05,5,13433,2,0
2015-12-01 06,6,14649,2,0
2015-12-01 07,7,16121,2,0
2015-12-01 08,8,17878,2,0
2015-12-01 09,9,18383,2,0
2015-12-01 10,10,18497,2,0
2015-12-01 11,11,18050,2,0
2015-12-01 12,12,17598,2,0
2015-12-01 13,13,17598,2,0
2015-12-01 14,14,17598,2,0
2015-12-01 15,15,17598,2,0
2015-12-01 16,16,17598,2,0
2015-12-01 17,17,17598,2,0
2015-12-01 18,18,17598,2,0
2015-12-01 19,19,17598,2,0
2015-12-01 20,20,17598,2,0
2015-12-01 21,21,17598,2,0
2015-12-01 22,22,17598,2,0
2015-12-01 23,23,17598,2,0
2015-12-02 00,0,17598,3,0
2015-12-02 01,1,17598,3,0
2015-12-02 02,2,17598,3,0
2015-12-02 03,3,17598,3,0
2015-12-02 04,4,17598,3,0
2015-12-02 05,5,17598,3,0
2015-12-02 06,6,17598,3,0
2015-12-02 07,7,17598,3,0
2015-12-02 08,8,17598,3,0
2015-12-02 09,9,17546,3,0
2015-12-02 10,10,19106,3,0
2015-12-02 11,11,18660,3,0
2015-12-02 12,12,18199,3,0
2015-12-02 13,13,18355,3,0
2015-12-02 14,14,18301,3,0
2015-12-02 15,15,18407,3,0
2015-12-02 16,16,18603,3,0
2015-12-02 17,17,18860,3,0
2015-12-02 18,18,18514,3,0
2015-12-02 19,19,18241,3,0
2015-12-02 20,20,17940,3,0
2015-12-02 21,21,17517,3,0
2015-12-02 22,22,16516,3,0
2015-12-02 23,23,15207,3,0
2015-12-03 00,0,14302,4,0
2015-12-03 01,1,13189,4,0
2015-12-03 02,2,12772,4,0
2015-12-03 03,3,12683,4,0
2015-12-03 04,4,12969,4,0
2015-12-03 05,5,13649,4,0
2015-12-03 06,6,14860,4,0
2015-12-03 07,7,16808,4,0
2015-12-03 08,8,18798,4,0
2015-12-03 09,9,19329,4,0
2015-12-03 10,10,19446,4,0
2015-12-03 11,11,18899,4,0
2015-12-03 12,12,18899,4,0
2015-12-03 13,13,18899,4,0
2015-12-03 14,14,18161,4,0
2015-12-03 15,15,18516,4,0
2015-12-03 16,16,19040,4,0
2015-12-03 17,17,19289,4,0
2015-12-03 18,18,19020,4,0
2015-12-03 19,19,18681,4,0
2015-12-03 20,20,18356,4,0
2015-12-03 21,21,17924,4,0
2015-12-03 22,22,16918,4,0
2015-12-03 23,23,15491,4,0
2015-12-04 00,0,14489,5,0
2015-12-04 01,1,13391,5,0
2015-12-04 02,2,13078,5,0
2015-12-04 03,3,13032,5,0
2015-12-04 04,4,13234,5,0
2015-12-04 05,5,13976,5,0
2015-12-04 06,6,15168,5,0
2015-12-04 07,7,17343,5,0
2015-12-04 08,8,19496,5,0
2015-12-04 09,9,20489,5,0
2015-12-04 10,10,20580,5,0
2015-12-04 11,11,20023,5,0
2015-12-04 12,12,20023,5,0
2015-12-04 13,13,19235,5,0
2015-12-04 14,14,19121,5,0
2015-12-04 15,15,19303,5,0
2015-12-04 16,16,19671,5,0
2015-12-04 17,17,19725,5,0
2015-12-04 18,18,19336,5,0
2015-12-04 19,19,18982,5,0
2015-12-04 20,20,18654,5,0
2015-12-04 21,21,18224,5,0
2015-12-04 22,22,16967,5,0
2015-12-04 23,23,15490,5,0
2015-12-05 00,0,14276,6,1
2015-12-05 01,1,13828,6,1
2015-12-05 02,2,13250,6,1
2015-12-05 03,3,13116,6,1
2015-12-05 04,4,13204,6,1
2015-12-05 05,5,13548,6,1
2015-12-05 06,6,14023,6,1
2015-12-05 07,7,15612,6,1
2015-12-05 08,8,17385,6,1
2015-12-05 09,9,18353,6,1
2015-12-05 10,10,18462,6,1
2015-12-05 11,11,18475,6,1
2015-12-05 12,12,17929,6,1
2015-12-05 13,13,17969,6,1
2015-12-05 14,14,17879,6,1
2015-12-05 15,15,18255,6,1
2015-12-05 16,16,18261,6,1
2015-12-05 17,17,18566,6,1
2015-12-05 18,18,18631,6,1
2015-12-05 19,19,18730,6,1
2015-12-05 20,20,18744,6,1
2015-12-05 21,21,18399,6,1
2015-12-05 22,22,17577,6,1
2015-12-05 23,23,16110,6,1
2015-12-06 00,0,14169,7,1
2015-12-06 01,1,13634,7,1
2015-12-06 02,2,12781,7,1
2015-12-06 03,3,12665,7,1
2015-12-06 04,4,12627,7,1
2015-12-06 05,5,12973,7,1
2015-12-06 06,6,13347,7,1
2015-12-06 07,7,14954,7,1
2015-12-06 08,8,16355,7,1
2015-12-06 09,9,17050,7,1
2015-12-06 10,10,17371,7,1
2015-12-06 11,11,17389,7,1
2015-12-06 12,12,17103,7,1
2015-12-06 13,13,17123,7,1
2015-12-06 14,14,17024,7,1
2015-12-06 15,15,17226,7,1
2015-12-06 16,16,17226,7,1
2015-12-06 17,17,17716,7,1
2015-12-06 18,18,17734,7,1
2015-12-06 19,19,17913,7,1
2015-12-06 20,20,17979,7,1
2015-12-06 21,21,17715,7,1
2015-12-06 22,22,16722,7,1
2015-12-06 23,23,15692,7,1
2015-12-07 00,0,14040,1,0
2015-12-07 01,1,13103,1,0
2015-12-07 02,2,12700,1,0
2015-12-07 03,3,12436,1,0
2015-12-07 04,4,12585,1,0
2015-12-07 05,5,13528,1,0
2015-12-07 06,6,14982,1,0
2015-12-07 07,7,16907,1,0
2015-12-07 08,8,19206,1,0
2015-12-07 09,9,19988,1,0
2015-12-07 10,10,20092,1,0
2015-12-07 11,11,19599,1,0
2015-12-07 12,12,18822,1,0
2015-12-07 13,13,18855,1,0
2015-12-07 14,14,18635,1,0
2015-12-07 15,15,18710,1,0
2015-12-07 16,16,19085,1,0
2015-12-07 17,17,19248,1,0
2015-12-07 18,18,19121,1,0
2015-12-07 19,19,18905,1,0
2015-12-07 20,20,18742,1,0
2015-12-07 21,21,18351,1,0
2015-12-07 22,22,17387,1,0
2015-12-07 23,23,15886,1,0
2015-12-08 00,0,14879,2,0
2015-12-08 01,1,14114,2,0
2015-12-08 02,2,13582,2,0
2015-12-08 03,3,13381,2,0
2015-12-08 04,4,13512,2,0
2015-12-08 05,5,14262,2,0
2015-12-08 06,6,15571,2,0
2015-12-08 07,7,17450,2,0
2015-12-08 08,8,19292,2,0
2015-12-08 09,9,19935,2,0
2015-12-08 10,10,19979,2,0
2015-12-08 11,11,19504,2,0
2015-12-08 12,12,18959,2,0
2015-12-08 13,13,19249,2,0
2015-12-08 14,14,19174,2,0
2015-12-08 15,15,19995,2,0
2015-12-08 16,16,19826,2,0
2015-12-08 17,17,19849,2,0
2015-12-08 18,18,19611,2,0
2015-12-08 19,19,19446,2,0
2015-12-08 20,20,19245,2,0
2015-12-08 21,21,18771,2,0
2015-12-08 22,22,17706,2,0
2015-12-08 23,23,16190,2,0
2015-12-09 00,0,14803,3,0
2015-12-09 01,1,13791,3,0
2015-12-09 02,2,13315,3,0
2015-12-09 03,3,13059,3,0
2015-12-09 04,4,13302,3,0
2015-12-09 05,5,14025,3,0
2015-12-09 06,6,15242,3,0
2015-12-09 07,7,17055,3,0
2015-12-09 08,8,19076,3,0
2015-12-09 09,9,19764,3,0
2015-12-09 10,10,19850,3,0
2015-12-09 11,11,19415,3,0
2015-12-09 12,12,18795,3,0
2015-12-09 13,13,19266,3,0
2015-12-09 14,14,19159,3,0
2015-12-09 15,15,19350,3,0
2015-12-09 16,16,19732,3,0
2015-12-09 17,17,19622,3,0
2015-12-09 18,18,19373,3,0
2015-12-09 19,19,19106,3,0
2015-12-09 20,20,18894,3,0
2015-12-09 21,21,18393,3,0
2015-12-09 22,22,17570,3,0
2015-12-09 23,23,16147,3,0
2015-12-10 00,0,14624,4,0
2015-12-10 01,1,13796,4,0
2015-12-10 02,2,13224,4,0
2015-12-10 03,3,13008,4,0
2015-12-10 04,4,13242,4,0
2015-12-10 05,5,13919,4,0
2015-12-10 06,6,15009,4,0
2015-12-10 07,7,16892,4,0
2015-12-10 08,8,19096,4,0
2015-12-10 09,9,19969,4,0
2015-12-10 10,10,20207,4,0
2015-12-10 11,11,19756,4,0
2015-12-10 12,12,19126,4,0
2015-12-10 13,13,19362,4,0
2015-12-10 14,14,19243,4,0
2015-12-10 15,15,19351,4,0
2015-12-10 16,16,19747,4,0
2015-12-10 17,17,19764,4,0
2015-12-10 18,18,19344,4,0
2015-12-10 19,19,19124,4,0
2015-12-10 20,20,18899,4,0
2015-12-10 21,21,18493,4,0
2015-12-10 22,22,17563,4,0
2015-12-10 23,23,16133,4,0
2015-12-11 00,0,14589,5,0
2015-12-11 01,1,13840,5,0
2015-12-11 02,2,13443,5,0
2015-12-11 03,3,13025,5,0
2015-12-11 04,4,13159,5,0
2015-12-11 05,5,14028,5,0
2015-12-11 06,6,15225,5,0
2015-12-11 07,7,17161,5,0
2015-12-11 08,8,19231,5,0
2015-12-11 09,9,20118,5,0
2015-12-11 10,10,20348,5,0
2015-12-11 11,11,19990,5,0
2015-12-11 12,12,19367,5,0
2015-12-11 13,13,19607,5,0
2015-12-11 14,14,19345,5,0
2015-12-11 15,15,19604,5,0
2015-12-11 16,16,19824,5,0
2015-12-11 17,17,19877,5,0
2015-12-11 18,18,19478,5,0
2015-12-11 19,19,19205,5,0
2015-12-11 20,20,18951,5,0
2015-12-11 21,21,18406,5,0
2015-12-11 22,22,17467,5,0
2015-12-11 23,23,16136,5,0
2015-12-12 00,0,14893,6,1
2015-12-12 01,1,14346,6,1
2015-12-12 02,2,13752,6,1
2015-12-12 03,3,13453,6,1
2015-12-12 04,4,13524,6,1
2015-12-12 05,5,13885,6,1
2015-12-12 06,6,14340,6,1
2015-12-12 07,7,15818,6,1
2015-12-12 08,8,17251,6,1
2015-12-12 09,9,17890,6,1
2015-12-12 10,10,18104,6,1
2015-12-12 11,11,17476,6,1
2015-12-12 12,12,17053,6,1
2015-12-12 13,13,17084,6,1
2015-12-12 14,14,16971,6,1
2015-12-12 15,15,17131,6,1
2015-12-12 16,16,18236,6,1
2015-12-12 17,17,18510,6,1
2015-12-12 18,18,18305,6,1
2015-12-12 19,19,18309,6,1
2015-12-12 20,20,18186,6,1
2015-12-12 21,21,17867,6,1
2015-12-12 22,22,17305,6,1
2015-12-12 23,23,15937,6,1
2015-12-13 00,0,14582,7,1
2015-12-13 01,1,13772,7,1
2015-12-13 02,2,13113,7,1
2015-12-13 03,3,12792,7,1
2015-12-13 04,4,12720,7,1
2015-12-13 05,5,13122,7,1
2015-12-13 06,6,13392,7,1
2015-12-13 07,7,14334,7,1
2015-12-13 08,8,15850,7,1
2015-12-13 09,9,16776,7,1
2015-12-13 10,10,17087,7,1
2015-12-13 11,11,17036,7,1
2015-12-13 12,12,16891,7,1
2015-12-13 13,13,16883,7,1
2015-12-13 14,14,16810,7,1
2015-12-13 15,15,17207,7,1
2015-12-13 16,16,18083,7,1
2015-12-13 17,17,18373,7,1
2015-12-13 18,18,18350,7,1
2015-12-13 19,19,18302,7,1
2015-12-13 20,20,18123,7,1
2015-12-13 21,21,17880,7,1
2015-12-13 22,22,16844,7,1
2015-12-13 23,23,15396,7,1
2015-12-14 00,0,13961,1,0
2015-12-14 01,1,13177,1,0
2015-12-14 02,2,12679,1,0
2015-12-14 03,3,12495,1,0
2015-12-14 04,4,12754,1,0
2015-12-14 05,5,13498,1,0
2015-12-14 06,6,14958,1,0
2015-12-14 07,7,17279,1,0
2015-12-14 08,8,19813,1,0
2015-12-14 09,9,20864,1,0
2015-12-14 10,10,20970,1,0
2015-12-14 11,11,20663,1,0
2015-12-14 12,12,19977,1,0
2015-12-14 13,13,20020,1,0
2015-12-14 14,14,19839,1,0
2015-12-14 15,15,20044,1,0
2015-12-14 16,16,20331,1,0
2015-12-14 17,17,20419,1,0
2015-12-14 18,18,19565,1,0
2015-12-14 19,19,19422,1,0
2015-12-14 20,20,19259,1,0
2015-12-14 21,21,18970,1,0
2015-12-14 22,22,18078,1,0
2015-12-14 23,23,16434,1,0
2015-12-15 00,0,15143,2,0
2015-12-15 01,1,14204,2,0
2015-12-15 02,2,13651,2,0
2015-12-15 03,3,13420,2,0
2015-12-15 04,4,13541,2,0
2015-12-15 05,5,14388,2,0
2015-12-15 06,6,15677,2,0
2015-12-15 07,7,17908,2,0
2015-12-15 08,8,20299,2,0
2015-12-15 09,9,21057,2,0
2015-12-15 10,10,21154,2,0
2015-12-15 11,11,20898,2,0
2015-12-15 12,12,20370,2,0
2015-12-15 13,13,20512,2,0
2015-12-15 14,14,20328,2,0
2015-12-15 15,15,20327,2,0
2015-12-15 16,16,20425,2,0
2015-12-15 17,17,20659,2,0
2015-12-15 18,18,20607,2,0
2015-12-15 19,19,20608,2,0
2015-12-15 20,20,20427,2,0
2015-12-15 21,21,19860,2,0
2015-12-15 22,22,18795,2,0
2015-12-15 23,23,17286,2,0
2015-12-16 00,0,15254,3,0
2015-12-16 01,1,14425,3,0
2015-12-16 02,2,13968,3,0
2015-12-16 03,3,13632,3,0
2015-12-16 04,4,13813,3,0
2015-12-16 05,5,14684,3,0
2015-12-16 06,6,16212,3,0
2015-12-16 07,7,18307,3,0
2015-12-16 08,8,20942,3,0
2015-12-16 09,9,21526,3,0
2015-12-16 10,10,21599,3,0
2015-12-16 11,11,21327,3,0
2015-12-16 12,12,20592,3,0
2015-12-16 13,13,20723,3,0
2015-12-16 14,14,20520,3,0
2015-12-16 15,15,20703,3,0
2015-12-16 16,16,21225,3,0
2015-12-16 17,17,21813,3,0
2015-12-16 18,18,21940,3,0
2015-12-16 19,19,22005,3,0
2015-12-16 20,20,21905,3,0
2015-12-16 21,21,21507,3,0
2015-12-16 22,22,19881,3,0
2015-12-16 23,23,17983,3,0
2015-12-17 00,0,16161,4,0
2015-12-17 01,1,15047,4,0
2015-12-17 02,2,14539,4,0
2015-12-17 03,3,14279,4,0
2015-12-17 04,4,14434,4,0
2015-12-17 05,5,15284,4,0
2015-12-17 06,6,16663,4,0
2015-12-17 07,7,18972,4,0
2015-12-17 08,8,21567,4,0
2015-12-17 09,9,22596,4,0
2015-12-17 10,10,22777,4,0
2015-12-17 11,11,22456,4,0
2015-12-17 12,12,21610,4,0
2015-12-17 13,13,21663,4,0
2015-12-17 14,14,21424,4,0
2015-12-17 15,15,21573,4,0
2015-12-17 16,16,22118,4,0
2015-12-17 17,17,22538,4,0
2015-12-17 18,18,22159,4,0
2015-12-17 19,19,22226,4,0
2015-12-17 20,20,22123,4,0
2015-12-17 21,21,21723,4,0
2015-12-17 22,22,20065,4,0
2015-12-17 23,23,18040,4,0
2015-12-18 00,0,16674,5,0
2015-12-18 01,1,15340,5,0
2015-12-18 02,2,14845,5,0
2015-12-18 03,3,14637,5,0
2015-12-18 04,4,14791,5,0
2015-12-18 05,5,15556,5,0
2015-12-18 06,6,16802,5,0
2015-12-18 07,7,19038,5,0
2015-12-18 08,8,21730,5,0
2015-12-18 09,9,22197,5,0
2015-12-18 10,10,22403,5,0
2015-12-18 11,11,21845,5,0
2015-12-18 12,12,20959,5,0
2015-12-18 13,13,21008,5,0
2015-12-18 14,14,20786,5,0
2015-12-18 15,15,20751,5,0
2015-12-18 16,16,21377,5,0
2015-12-18 17,17,22111,5,0
2015-12-18 18,18,22240,5,0
2015-12-18 19,19,22302,5,0
2015-12-18 20,20,22200,5,0
2015-12-18 21,21,21804,5,0
2015-12-18 22,22,20167,5,0
2015-12-18 23,23,18285,5,0
2015-12-19 00,0,16194,6,1
2015-12-19 01,1,14809,6,1
2015-12-19 02,2,14100,6,1
2015-12-19 03,3,13792,6,1
2015-12-19 04,4,13844,6,1
2015-12-19 05,5,14397,6,1
2015-12-19 06,6,15087,6,1
2015-12-19 07,7,16713,6,1
2015-12-19 08,8,18284,6,1
2015-12-19 09,9,18948,6,1
2015-12-19 10,10,19158,6,1
2015-12-19 11,11,18815,6,1
2015-12-19 12,12,18419,6,1
2015-12-19 13,13,18576,6,1
2015-12-19 14,14,18573,6,1
2015-12-19 15,15,18916,6,1
2015-12-19 16,16,19070,6,1
2015-12-19 17,17,19593,6,1
2015-12-19 18,18,19609,6,1
2015-12-19 19,19,19619,6,1
2015-12-19 20,20,19614,6,1
2015-12-19 21,21,19297,6,1
2015-12-19 22,22,18427,6,1
2015-12-19 23,23,16892,6,1
2015-12-20 00,0,15392,7,1
2015-12-20 01,1,14367,7,1
2015-12-20 02,2,13607,7,1
2015-12-20 03,3,13223,7,1
2015-12-20 04,4,13270,7,1
2015-12-20 05,5,13505,7,1
2015-12-20 06,6,13952,7,1
2015-12-20 07,7,15052,7,1
2015-12-20 08,8,16518,7,1
2015-12-20 09,9,17276,7,1
2015-12-20 10,10,17883,7,1
2015-12-20 11,11,17885,7,1
2015-12-20 12,12,17605,7,1
2015-12-20 13,13,17650,7,1
2015-12-20 14,14,17599,7,1
2015-12-20 15,15,18072,7,1
2015-12-20 16,16,18349,7,1
2015-12-20 17,17,18567,7,1
2015-12-20 18,18,18524,7,1
2015-12-20 19,19,18478,7,1
2015-12-20 20,20,18488,7,1
2015-12-20 21,21,18202,7,1
2015-12-20 22,22,17261,7,1
2015-12-20 23,23,15824,7,1
2015-12-21 00,0,14381,1,0
2015-12-21 01,1,13466,1,0
2015-12-21 02,2,12948,1,0
2015-12-21 03,3,12736,1,0
2015-12-21 04,4,13031,1,0
2015-12-21 05,5,13836,1,0
2015-12-21 06,6,15474,1,0
2015-12-21 07,7,17667,1,0
2015-12-21 08,8,20368,1,0
2015-12-21 09,9,21217,1,0
2015-12-21 10,10,21297,1,0
2015-12-21 11,11,20890,1,0
2015-12-21 12,12,19981,1,0
2015-12-21 13,13,19982,1,0
2015-12-21 14,14,19815,1,0
2015-12-21 15,15,20018,1,0
2015-12-21 16,16,20326,1,0
2015-12-21 17,17,20335,1,0
2015-12-21 18,18,19829,1,0
2015-12-21 19,19,19663,1,0
2015-12-21 20,20,19543,1,0
2015-12-21 21,21,19240,1,0
2015-12-21 22,22,18401,1,0
2015-12-21 23,23,16740,1,0
2015-12-22 00,0,15453,2,0
2015-12-22 01,1,14161,2,0
2015-12-22 02,2,13766,2,0
2015-12-22 03,3,13563,2,0
2015-12-22 04,4,13677,2,0
2015-12-22 05,5,14578,2,0
2015-12-22 06,6,15738,2,0
2015-12-22 07,7,17540,2,0
2015-12-22 08,8,19847,2,0
2015-12-22 09,9,20669,2,0
2015-12-22 10,10,20819,2,0
2015-12-22 11,11,20396,2,0
2015-12-22 12,12,19911,2,0
2015-12-22 13,13,19935,2,0
2015-12-22 14,14,19490,2,0
2015-12-22 15,15,19589,2,0
2015-12-22 16,16,19894,2,0
2015-12-22 17,17,19917,2,0
2015-12-22 18,18,20028,2,0
2015-12-22 19,19,20089,2,0
2015-12-22 20,20,19798,2,0
2015-12-22 21,21,19468,2,0
2015-12-22 22,22,18340,2,0
2015-12-22 23,23,16528,2,0
2015-12-23 00,0,14814,3,0
2015-12-23 01,1,14045,3,0
2015-12-23 02,2,13546,3,0
2015-12-23 03,3,13172,3,0
2015-12-23 04,4,13382,3,0
2015-12-23 05,5,14257,3,0
2015-12-23 06,6,15457,3,0
2015-12-23 07,7,17592,3,0
2015-12-23 08,8,20106,3,0
2015-12-23 09,9,20823,3,0
2015-12-23 10,10,21039,3,0
2015-12-23 11,11,20536,3,0
2015-12-23 12,12,20190,3,0
2015-12-23 13,13,20317,3,0
2015-12-23 14,14,20045,3,0
2015-12-23 15,15,20159,3,0
2015-12-23 16,16,20286,3,0
2015-12-23 17,17,20223,3,0
2015-12-23 18,18,20156,3,0
2015-12-23 19,19,19947,3,0
2015-12-23 20,20,19748,3,0
2015-12-23 21,21,19458,3,0
2015-12-23 22,22,18355,3,0
2015-12-23 23,23,16523,3,0
2015-12-24 00,0,14999,4,0
2015-12-24 01,1,14302,4,0
2015-12-24 02,2,13712,4,0
2015-12-24 03,3,13385,4,0
2015-12-24 04,4,13391,4,0
2015-12-24 05,5,14127,4,0
2015-12-24 06,6,15489,4,0
2015-12-24 07,7,17476,4,0
2015-12-24 08,8,19735,4,0
2015-12-24 09,9,20486,4,0
2015-12-24 10,10,20709,4,0
2015-12-24 11,11,20487,4,0
2015-12-24 12,12,20307,4,0
2015-12-24 13,13,20491,4,0
2015-12-24 14,14,20220,4,0
2015-12-24 15,15,20379,4,0
2015-12-24 16,16,20468,4,0
2015-12-24 17,17,20414,4,0
2015-12-24 18,18,20024,4,0
2015-12-24 19,19,19935,4,0
2015-12-24 20,20,19739,4,0
2015-12-24 21,21,19306,4,0
2015-12-24 22,22,18332,4,0
2015-12-24 23,23,16794,4,0
2015-12-25 00,0,15133,5,0
2015-12-25 01,1,14232,5,0
2015-12-25 02,2,13672,5,0
2015-12-25 03,3,13495,5,0
2015-12-25 04,4,13554,5,0
2015-12-25 05,5,14363,5,0
2015-12-25 06,6,15626,5,0
2015-12-25 07,7,17564,5,0
2015-12-25 08,8,19867,5,0
2015-12-25 09,9,20605,5,0
2015-12-25 10,10,20740,5,0
2015-12-25 11,11,20246,5,0
2015-12-25 12,12,19529,5,0
2015-12-25 13,13,19719,5,0
2015-12-25 14,14,19484,5,0
2015-12-25 15,15,19690,5,0
2015-12-25 16,16,19747,5,0
2015-12-25 17,17,19919,5,0
2015-12-25 18,18,19913,5,0
2015-12-25 19,19,19757,5,0
2015-12-25 20,20,19512,5,0
2015-12-25 21,21,19170,5,0
2015-12-25 22,22,18358,5,0
2015-12-25 23,23,16803,5,0
2015-12-26 00,0,15158,6,1
2015-12-26 01,1,14437,6,1
2015-12-26 02,2,13678,6,1
2015-12-26 03,3,13412,6,1
2015-12-26 04,4,13565,6,1
2015-12-26 05,5,14002,6,1
2015-12-26 06,6,14834,6,1
2015-12-26 07,7,16282,6,1
2015-12-26 08,8,17845,6,1
2015-12-26 09,9,18568,6,1
2015-12-26 10,10,18643,6,1
2015-12-26 11,11,18222,6,1
2015-12-26 12,12,17412,6,1
2015-12-26 13,13,17468,6,1
2015-12-26 14,14,17610,6,1
2015-12-26 15,15,17982,6,1
2015-12-26 16,16,19272,6,1
2015-12-26 17,17,19471,6,1
2015-12-26 18,18,19391,6,1
2015-12-26 19,19,19290,6,1
2015-12-26 20,20,18968,6,1
2015-12-26 21,21,18632,6,1
2015-12-26 22,22,17547,6,1
2015-12-26 23,23,16222,6,1
2015-12-27 00,0,14904,7,1
2015-12-27 01,1,14065,7,1
2015-12-27 02,2,13404,7,1
2015-12-27 03,3,13083,7,1
2015-12-27 04,4,12945,7,1
2015-12-27 05,5,13386,7,1
2015-12-27 06,6,13697,7,1
2015-12-27 07,7,14658,7,1
2015-12-27 08,8,16179,7,1
2015-12-27 09,9,17116,7,1
2015-12-27 10,10,17285,7,1
2015-12-27 11,11,17227,7,1
2015-12-27 12,12,16949,7,1
2015-12-27 13,13,17188,7,1
2015-12-27 14,14,17243,7,1
2015-12-27 15,15,17710,7,1
2015-12-27 16,16,18352,7,1
2015-12-27 17,17,18919,7,1
2015-12-27 18,18,18699,7,1
2015-12-27 19,19,18851,7,1
2015-12-27 20,20,18739,7,1
2015-12-27 21,21,18358,7,1
2015-12-27 22,22,17386,7,1
2015-12-27 23,23,15882,7,1
2015-12-28 00,0,14435,1,0
2015-12-28 01,1,13601,1,0
2015-12-28 02,2,13120,1,0
2015-12-28 03,3,12846,1,0
2015-12-28 04,4,13011,1,0
2015-12-28 05,5,13929,1,0
2015-12-28 06,6,15425,1,0
2015-12-28 07,7,17678,1,0
2015-12-28 08,8,20203,1,0
2015-12-28 09,9,21258,1,0
2015-12-28 10,10,21459,1,0
2015-12-28 11,11,21119,1,0
2015-12-28 12,12,20453,1,0
2015-12-28 13,13,20501,1,0
2015-12-28 14,14,20429,1,0
2015-12-28 15,15,20732,1,0
2015-12-28 16,16,21025,1,0
2015-12-28 17,17,21120,1,0
2015-12-28 18,18,20652,1,0
2015-12-28 19,19,20473,1,0
2015-12-28 20,20,20313,1,0
2015-12-28 21,21,19829,1,0
2015-12-28 22,22,18886,1,0
2015-12-28 23,23,17280,1,0
2015-12-29 00,0,15736,2,0
2015-12-29 01,1,14715,2,0
2015-12-29 02,2,13848,2,0
2015-12-29 03,3,13551,2,0
2015-12-29 04,4,13745,2,0
2015-12-29 05,5,14542,2,0
2015-12-29 06,6,15979,2,0
2015-12-29 07,7,18098,2,0
2015-12-29 08,8,20564,2,0
2015-12-29 09,9,21222,2,0
2015-12-29 10,10,21255,2,0
2015-12-29 11,11,20686,2,0
2015-12-29 12,12,19940,2,0
2015-12-29 13,13,20031,2,0
2015-12-29 14,14,19858,2,0
2015-12-29 15,15,19892,2,0
2015-12-29 16,16,20313,2,0
2015-12-29 17,17,20591,2,0
2015-12-29 18,18,20428,2,0
2015-12-29 19,19,20348,2,0
2015-12-29 20,20,20149,2,0
2015-12-29 21,21,19849,2,0
2015-12-29 22,22,18730,2,0
2015-12-29 23,23,16911,2,0
2015-12-30 00,0,15396,3,0
2015-12-30 01,1,14424,3,0
2015-12-30 02,2,13872,3,0
2015-12-30 03,3,13501,3,0
2015-12-30 04,4,13729,3,0
2015-12-30 05,5,14479,3,0
2015-12-30 06,6,15887,3,0
2015-12-30 07,7,17775,3,0
2015-12-30 08,8,20073,3,0
2015-12-30 09,9,20561,3,0
2015-12-30 10,10,20594,3,0
2015-12-30 11,11,20413,3,0
2015-12-30 12,12,19844,3,0
2015-12-30 13,13,19878,3,0
2015-12-30 14,14,19797,3,0
2015-12-30 15,15,19791,3,0
2015-12-30 16,16,20081,3,0
2015-12-30 17,17,20359,3,0
2015-12-30 18,18,20463,3,0
2015-12-30 19,19,20416,3,0
2015-12-30 20,20,20266,3,0
2015-12-30 21,21,19930,3,0
2015-12-30 22,22,18832,3,0
2015-12-30 23,23,16898,3,0
2015-12-31 00,0,15006,4,0
2015-12-31 01,1,14185,4,0
2015-12-31 02,2,13605,4,0
2015-12-31 03,3,13339,4,0
2015-12-31 04,4,13438,4,0
2015-12-31 05,5,14180,4,0
2015-12-31 06,6,15405,4,0
2015-12-31 07,7,17385,4,0
2015-12-31 08,8,19679,4,0
2015-12-31 09,9,20132,4,0
2015-12-31 10,10,20252,4,0
2015-12-31 11,11,19987,4,0
2015-12-31 12,12,19453,4,0
2015-12-31 13,13,19518,4,0
2015-12-31 14,14,19427,4,0
2015-12-31 15,15,19406,4,0
2015-12-31 16,16,19785,4,0
2015-12-31 17,17,20038,4,0
2015-12-31 18,18,20175,4,0
2015-12-31 19,19,20145,4,0
2015-12-31 20,20,19952,4,0
2015-12-31 21,21,19653,4,0
2015-12-31 22,22,18551,4,0
2015-12-31 23,23,16766,4,0
2016-01-01 00,0,14896,5,-1
2016-01-01 01,1,13928,5,-1
2016-01-01 02,2,13059,5,-1
2016-01-01 03,3,12618,5,-1
2016-01-01 04,4,12551,5,-1
2016-01-01 05,5,12866,5,-1
2016-01-01 06,6,12950,5,-1
2016-01-01 07,7,13523,5,-1
2016-01-01 08,8,14198,5,-1
2016-01-01 09,9,14642,5,-1
2016-01-01 10,10,14796,5,-1
2016-01-01 11,11,14675,5,-1
2016-01-01 12,12,14106,5,-1
2016-01-01 13,13,13961,5,-1
2016-01-01 14,14,13747,5,-1
2016-01-01 15,15,14235,5,-1
2016-01-01 16,16,15579,5,-1
2016-01-01 17,17,16822,5,-1
2016-01-01 18,18,17115,5,-1
2016-01-01 19,19,17269,5,-1
2016-01-01 20,20,17320,5,-1
2016-01-01 21,21,16964,5,-1
2016-01-01 22,22,16191,5,-1
2016-01-01 23,23,14946,5,-1
2016-01-02 00,0,13436,6,1
2016-01-02 01,1,12466,6,1
2016-01-02 02,2,11836,6,1
2016-01-02 03,3,11312,6,1
2016-01-02 04,4,11410,6,1
2016-01-02 05,5,11809,6,1
2016-01-02 06,6,12316,6,1
2016-01-02 07,7,13617,6,1
2016-01-02 08,8,15121,6,1
2016-01-02 09,9,15771,6,1
2016-01-02 10,10,15910,6,1
2016-01-02 11,11,15495,6,1
2016-01-02 12,12,14923,6,1
2016-01-02 13,13,14882,6,1
2016-01-02 14,14,14786,6,1
2016-01-02 15,15,15226,6,1
2016-01-02 16,16,16793,6,1
2016-01-02 17,17,17484,6,1
2016-01-02 18,18,17729,6,1
2016-01-02 19,19,17769,6,1
2016-01-02 20,20,17500,6,1
2016-01-02 21,21,17244,6,1
2016-01-02 22,22,16487,6,1
2016-01-02 23,23,15062,6,1
2016-01-03 00,0,13995,7,1
2016-01-03 01,1,13116,7,1
2016-01-03 02,2,12344,7,1
2016-01-03 03,3,11848,7,1
2016-01-03 04,4,12001,7,1
2016-01-03 05,5,12363,7,1
2016-01-03 06,6,13014,7,1
2016-01-03 07,7,14697,7,1
2016-01-03 08,8,16228,7,1
2016-01-03 09,9,17247,7,1
2016-01-03 10,10,17573,7,1
2016-01-03 11,11,17100,7,1
2016-01-03 12,12,16475,7,1
2016-01-03 13,13,16217,7,1
2016-01-03 14,14,16068,7,1
2016-01-03 15,15,16305,7,1
2016-01-03 16,16,17604,7,1
2016-01-03 17,17,18357,7,1
2016-01-03 18,18,18415,7,1
2016-01-03 19,19,18522,7,1
2016-01-03 20,20,18264,7,1
2016-01-03 21,21,17936,7,1
2016-01-03 22,22,16953,7,1
2016-01-03 23,23,15285,7,1
2016-01-04 00,0,13542,1,0
2016-01-04 01,1,13061,1,0
2016-01-04 02,2,12424,1,0
2016-01-04 03,3,12059,1,0
2016-01-04 04,4,12304,1,0
2016-01-04 05,5,12956,1,0
2016-01-04 06,6,14687,1,0
2016-01-04 07,7,17175,1,0
2016-01-04 08,8,19302,1,0
2016-01-04 09,9,19720,1,0
2016-01-04 10,10,19726,1,0
2016-01-04 11,11,19379,1,0
2016-01-04 12,12,18980,1,0
2016-01-04 13,13,19041,1,0
2016-01-04 14,14,18981,1,0
2016-01-04 15,15,19309,1,0
2016-01-04 16,16,19553,1,0
2016-01-04 17,17,19419,1,0
2016-01-04 18,18,19378,1,0
2016-01-04 19,19,18944,1,0
2016-01-04 20,20,18865,1,0
2016-01-04 21,21,18441,1,0
2016-01-04 22,22,17474,1,0
2016-01-04 23,23,16014,1,0
2016-01-05 00,0,14082,2,0
2016-01-05 01,1,13357,2,0
2016-01-05 02,2,12973,2,0
2016-01-05 03,3,12795,2,0
2016-01-05 04,4,12956,2,0
2016-01-05 05,5,13696,2,0
2016-01-05 06,6,14912,2,0
2016-01-05 07,7,17182,2,0
2016-01-05 08,8,19792,2,0
2016-01-05 09,9,20596,2,0
2016-01-05 10,10,20829,2,0
2016-01-05 11,11,20416,2,0
2016-01-05 12,12,19484,2,0
2016-01-05 13,13,19623,2,0
2016-01-05 14,14,19516,2,0
2016-01-05 15,15,19698,2,0
2016-01-05 16,16,20040,2,0
2016-01-05 17,17,20042,2,0
2016-01-05 18,18,19642,2,0
2016-01-05 19,19,19067,2,0
2016-01-05 20,20,18737,2,0
2016-01-05 21,21,18400,2,0
2016-01-05 22,22,17563,2,0
2016-01-05 23,23,16230,2,0
2016-01-06 00,0,14910,3,0
2016-01-06 01,1,14037,3,0
2016-01-06 02,2,13383,3,0
2016-01-06 03,3,13212,3,0
2016-01-06 04,4,13280,3,0
2016-01-06 05,5,14162,3,0
2016-01-06 06,6,15476,3,0
2016-01-06 07,7,17685,3,0
2016-01-06 08,8,20145,3,0
2016-01-06 09,9,21043,3,0
2016-01-06 10,10,21306,3,0
2016-01-06 11,11,20931,3,0
2016-01-06 12,12,20420,3,0
2016-01-06 13,13,20544,3,0
2016-01-06 14,14,20193,3,0
2016-01-06 15,15,20395,3,0
2016-01-06 16,16,20555,3,0
2016-01-06 17,17,20372,3,0
2016-01-06 18,18,19713,3,0
2016-01-06 19,19,19422,3,0
2016-01-06 20,20,19267,3,0
2016-01-06 21,21,18714,3,0
2016-01-06 22,22,17753,3,0
2016-01-06 23,23,16553,3,0
2016-01-07 00,0,15368,4,0
2016-01-07 01,1,14437,4,0
2016-01-07 02,2,13900,4,0
2016-01-07 03,3,13521,4,0
2016-01-07 04,4,13677,4,0
2016-01-07 05,5,14461,4,0
2016-01-07 06,6,15703,4,0
2016-01-07 07,7,17883,4,0
2016-01-07 08,8,20551,4,0
2016-01-07 09,9,21225,4,0
2016-01-07 10,10,21404,4,0
2016-01-07 11,11,20969,4,0
2016-01-07 12,12,20386,4,0
2016-01-07 13,13,20506,4,0
2016-01-07 14,14,20408,4,0
2016-01-07 15,15,20603,4,0
2016-01-07 16,16,20890,4,0
2016-01-07 17,17,20813,4,0
2016-01-07 18,18,20509,4,0
2016-01-07 19,19,20146,4,0
2016-01-07 20,20,19866,4,0
2016-01-07 21,21,19567,4,0
2016-01-07 22,22,18383,4,0
2016-01-07 23,23,17006,4,0
2016-01-08 00,0,15553,5,0
2016-01-08 01,1,14621,5,0
2016-01-08 02,2,14162,5,0
2016-01-08 03,3,13784,5,0
2016-01-08 04,4,14017,5,0
2016-01-08 05,5,14722,5,0
2016-01-08 06,6,15922,5,0
2016-01-08 07,7,18116,5,0
2016-01-08 08,8,20886,5,0
2016-01-08 09,9,21915,5,0
2016-01-08 10,10,21892,5,0
2016-01-08 11,11,21279,5,0
2016-01-08 12,12,20558,5,0
2016-01-08 13,13,20792,5,0
2016-01-08 14,14,20224,5,0
2016-01-08 15,15,20342,5,0
2016-01-08 16,16,20691,5,0
2016-01-08 17,17,20838,5,0
2016-01-08 18,18,20715,5,0
2016-01-08 19,19,20345,5,0
2016-01-08 20,20,20066,5,0
2016-01-08 21,21,19797,5,0
2016-01-08 22,22,18635,5,0
2016-01-08 23,23,17097,5,0
2016-01-09 00,0,15239,6,1
2016-01-09 01,1,14702,6,1
2016-01-09 02,2,14140,6,1
2016-01-09 03,3,13734,6,1
2016-01-09 04,4,13685,6,1
2016-01-09 05,5,14042,6,1
2016-01-09 06,6,14643,6,1
2016-01-09 07,7,16311,6,1
2016-01-09 08,8,18088,6,1
2016-01-09 09,9,19076,6,1
2016-01-09 10,10,19265,6,1
2016-01-09 11,11,18803,6,1
2016-01-09 12,12,18163,6,1
2016-01-09 13,13,18248,6,1
2016-01-09 14,14,18160,6,1
2016-01-09 15,15,18671,6,1
2016-01-09 16,16,19610,6,1
2016-01-09 17,17,19889,6,1
2016-01-09 18,18,19811,6,1
2016-01-09 19,19,19644,6,1
2016-01-09 20,20,19729,6,1
2016-01-09 21,21,19413,6,1
2016-01-09 22,22,18423,6,1
2016-01-09 23,23,16917,6,1
2016-01-10 00,0,15497,7,1
2016-01-10 01,1,14503,7,1
2016-01-10 02,2,13953,7,1
2016-01-10 03,3,13515,7,1
2016-01-10 04,4,13196,7,1
2016-01-10 05,5,13496,7,1
2016-01-10 06,6,13980,7,1
2016-01-10 07,7,15038,7,1
2016-01-10 08,8,16687,7,1
2016-01-10 09,9,17479,7,1
2016-01-10 10,10,17777,7,1
2016-01-10 11,11,17663,7,1
2016-01-10 12,12,17530,7,1
2016-01-10 13,13,17576,7,1
2016-01-10 14,14,17537,7,1
2016-01-10 15,15,17953,7,1
2016-01-10 16,16,18519,7,1
2016-01-10 17,17,18762,7,1
2016-01-10 18,18,18780,7,1
2016-01-10 19,19,18771,7,1
2016-01-10 20,20,18898,7,1
2016-01-10 21,21,18343,7,1
2016-01-10 22,22,17478,7,1
2016-01-10 23,23,15882,7,1
2016-01-11 00,0,14394,1,0
2016-01-11 01,1,13483,1,0
2016-01-11 02,2,12954,1,0
2016-01-11 03,3,12794,1,0
2016-01-11 04,4,12943,1,0
2016-01-11 05,5,13936,1,0
2016-01-11 06,6,15192,1,0
2016-01-11 07,7,17811,1,0
2016-01-11 08,8,20716,1,0
2016-01-11 09,9,21787,1,0
2016-01-11 10,10,22129,1,0
2016-01-11 11,11,21707,1,0
2016-01-11 12,12,21317,1,0
2016-01-11 13,13,21355,1,0
2016-01-11 14,14,21206,1,0
2016-01-11 15,15,21459,1,0
2016-01-11 16,16,21599,1,0
2016-01-11 17,17,21319,1,0
2016-01-11 18,18,20656,1,0
2016-01-11 19,19,20581,1,0
2016-01-11 20,20,20459,1,0
2016-01-11 21,21,19896,1,0
2016-01-11 22,22,19034,1,0
2016-01-11 23,23,17241,1,0
2016-01-12 00,0,15850,2,0
2016-01-12 01,1,14788,2,0
2016-01-12 02,2,14344,2,0
2016-01-12 03,3,13924,2,0
2016-01-12 04,4,13784,2,0
2016-01-12 05,5,14737,2,0
2016-01-12 06,6,16163,2,0
2016-01-12 07,7,18443,2,0
2016-01-12 08,8,21375,2,0
2016-01-12 09,9,22405,2,0
2016-01-12 10,10,22512,2,0
2016-01-12 11,11,22256,2,0
2016-01-12 12,12,21378,2,0
2016-01-12 13,13,21551,2,0
2016-01-12 14,14,21422,2,0
2016-01-12 15,15,21278,2,0
2016-01-12 16,16,21490,2,0
2016-01-12 17,17,21357,2,0
2016-01-12 18,18,20731,2,0
2016-01-12 19,19,20793,2,0
2016-01-12 20,20,20503,2,0
2016-01-12 21,21,20163,2,0
2016-01-12 22,22,19024,2,0
2016-01-12 23,23,17313,2,0
2016-01-13 00,0,16147,3,0
2016-01-13 01,1,15239,3,0
2016-01-13 02,2,14753,3,0
2016-01-13 03,3,14577,3,0
2016-01-13 04,4,14588,3,0
2016-01-13 05,5,15491,3,0
2016-01-13 06,6,16882,3,0
2016-01-13 07,7,19587,3,0
2016-01-13 08,8,22243,3,0
2016-01-13 09,9,23145,3,0
2016-01-13 10,10,23378,3,0
2016-01-13 11,11,23054,3,0
2016-01-13 12,12,22418,3,0
2016-01-13 13,13,22588,3,0
2016-01-13 14,14,22462,3,0
2016-01-13 15,15,22317,3,0
2016-01-13 16,16,22534,3,0
2016-01-13 17,17,22380,3,0
2016-01-13 18,18,21735,3,0
2016-01-13 19,19,21792,3,0
2016-01-13 20,20,21508,3,0
2016-01-13 21,21,21166,3,0
2016-01-13 22,22,20029,3,0
2016-01-13 23,23,18347,3,0
2016-01-14 00,0,17057,4,0
2016-01-14 01,1,15979,4,0
2016-01-14 02,2,15230,4,0
2016-01-14 03,3,14850,4,0
2016-01-14 04,4,14782,4,0
2016-01-14 05,5,15691,4,0
2016-01-14 06,6,17117,4,0
2016-01-14 07,7,19387,4,0
2016-01-14 08,8,22456,4,0
2016-01-14 09,9,23319,4,0
2016-01-14 10,10,23391,4,0
2016-01-14 11,11,22898,4,0
2016-01-14 12,12,22058,4,0
2016-01-14 13,13,22072,4,0
2016-01-14 14,14,21675,4,0
2016-01-14 15,15,21794,4,0
2016-01-14 16,16,22089,4,0
2016-01-14 17,17,22208,4,0
2016-01-14 18,18,21733,4,0
2016-01-14 19,19,21804,4,0
2016-01-14 20,20,21500,4,0
2016-01-14 21,21,21169,4,0
2016-01-14 22,22,20035,4,0
2016-01-14 23,23,18283,4,0
2016-01-15 00,0,16837,5,0
2016-01-15 01,1,15576,5,0
2016-01-15 02,2,14939,5,0
2016-01-15 03,3,14461,5,0
2016-01-15 04,4,14774,5,0
2016-01-15 05,5,15420,5,0
2016-01-15 06,6,16652,5,0
2016-01-15 07,7,19140,5,0
2016-01-15 08,8,21646,5,0
2016-01-15 09,9,22271,5,0
2016-01-15 10,10,22338,5,0
2016-01-15 11,11,22140,5,0
2016-01-15 12,12,21766,5,0
2016-01-15 13,13,21871,5,0
2016-01-15 14,14,21807,5,0
2016-01-15 15,15,22151,5,0
2016-01-15 16,16,22173,5,0
2016-01-15 17,17,22787,5,0
2016-01-15 18,18,23080,5,0
2016-01-15 19,19,23119,5,0
2016-01-15 20,20,22903,5,0
2016-01-15 21,21,22500,5,0
2016-01-15 22,22,20891,5,0
2016-01-15 23,23,18893,5,0
2016-01-16 00,0,17156,6,1
2016-01-16 01,1,16175,6,1
2016-01-16 02,2,15034,6,1
2016-01-16 03,3,14382,6,1
2016-01-16 04,4,14269,6,1
2016-01-16 05,5,14768,6,1
2016-01-16 06,6,15274,6,1
2016-01-16 07,7,17017,6,1
2016-01-16 08,8,18681,6,1
2016-01-16 09,9,19477,6,1
2016-01-16 10,10,19582,6,1
2016-01-16 11,11,19094,6,1
2016-01-16 12,12,18315,6,1
2016-01-16 13,13,18327,6,1
2016-01-16 14,14,18255,6,1
2016-01-16 15,15,18573,6,1
2016-01-16 16,16,19362,6,1
2016-01-16 17,17,19969,6,1
2016-01-16 18,18,19985,6,1
2016-01-16 19,19,20152,6,1
2016-01-16 20,20,19970,6,1
2016-01-16 21,21,19639,6,1
2016-01-16 22,22,18768,6,1
2016-01-16 23,23,17249,6,1
2016-01-17 00,0,15951,7,1
2016-01-17 01,1,15124,7,1
2016-01-17 02,2,14370,7,1
2016-01-17 03,3,13642,7,1
2016-01-17 04,4,13567,7,1
2016-01-17 05,5,14013,7,1
2016-01-17 06,6,14164,7,1
2016-01-17 07,7,15520,7,1
2016-01-17 08,8,17048,7,1
2016-01-17 09,9,18268,7,1
2016-01-17 10,10,18665,7,1
2016-01-17 11,11,18688,7,1
2016-01-17 12,12,18453,7,1
2016-01-17 13,13,18623,7,1
2016-01-17 14,14,18334,7,1
2016-01-17 15,15,18520,7,1
2016-01-17 16,16,19049,7,1
2016-01-17 17,17,19547,7,1
2016-01-17 18,18,19473,7,1
2016-01-17 19,19,19392,7,1
2016-01-17 20,20,19586,7,1
2016-01-17 21,21,19015,7,1
2016-01-17 22,22,18169,7,1
2016-01-17 23,23,16664,7,1
2016-01-18 00,0,15248,1,0
2016-01-18 01,1,14201,1,0
2016-01-18 02,2,13770,1,0
2016-01-18 03,3,13422,1,0
2016-01-18 04,4,13682,1,0
2016-01-18 05,5,14372,1,0
2016-01-18 06,6,15884,1,0
2016-01-18 07,7,18765,1,0
2016-01-18 08,8,22060,1,0
2016-01-18 09,9,23281,1,0
2016-01-18 10,10,23376,1,0
2016-01-18 11,11,23086,1,0
2016-01-18 12,12,23004,1,0
2016-01-18 13,13,23004,1,0
2016-01-18 14,14,22708,1,0
2016-01-18 15,15,23018,1,0
2016-01-18 16,16,23284,1,0
2016-01-18 17,17,23120,1,0
2016-01-18 18,18,23162,1,0
2016-01-18 19,19,22989,1,0
2016-01-18 20,20,22904,1,0
2016-01-18 21,21,22479,1,0
2016-01-18 22,22,21151,1,0
2016-01-18 23,23,19172,1,0
2016-01-19 00,0,17407,2,0
2016-01-19 01,1,16111,2,0
2016-01-19 02,2,15513,2,0
2016-01-19 03,3,14901,2,0
2016-01-19 04,4,14919,2,0
2016-01-19 05,5,15860,2,0
2016-01-19 06,6,17188,2,0
2016-01-19 07,7,20001,2,0
2016-01-19 08,8,22910,2,0
2016-01-19 09,9,23726,2,0
2016-01-19 10,10,23890,2,0
2016-01-19 11,11,23361,2,0
2016-01-19 12,12,22626,2,0
2016-01-19 13,13,22715,2,0
2016-01-19 14,14,22477,2,0
2016-01-19 15,15,22828,2,0
2016-01-19 16,16,22849,2,0
2016-01-19 17,17,23480,2,0
2016-01-19 18,18,23776,2,0
2016-01-19 19,19,23818,2,0
2016-01-19 20,20,23647,2,0
2016-01-19 21,21,23203,2,0
2016-01-19 22,22,21760,2,0
2016-01-19 23,23,19800,2,0
2016-01-20 00,0,17787,3,0
2016-01-20 01,1,16434,3,0
2016-01-20 02,2,15601,3,0
2016-01-20 03,3,15265,3,0
2016-01-20 04,4,15229,3,0
2016-01-20 05,5,16065,3,0
2016-01-20 06,6,17497,3,0
2016-01-20 07,7,20095,3,0
2016-01-20 08,8,22642,3,0
2016-01-20 09,9,23393,3,0
2016-01-20 10,10,23727,3,0
2016-01-20 11,11,23326,3,0
2016-01-20 12,12,23132,3,0
2016-01-20 13,13,23438,3,0
2016-01-20 14,14,23381,3,0
2016-01-20 15,15,23490,3,0
2016-01-20 16,16,23662,3,0
2016-01-20 17,17,23630,3,0
2016-01-20 18,18,23679,3,0
2016-01-20 19,19,23791,3,0
2016-01-20 20,20,23576,3,0
2016-01-20 21,21,23266,3,0
2016-01-20 22,22,21708,3,0
2016-01-20 23,23,19718,3,0
2016-01-21 00,0,17736,4,0
2016-01-21 01,1,16485,4,0
2016-01-21 02,2,15727,4,0
2016-01-21 03,3,15372,4,0
2016-01-21 04,4,15270,4,0
2016-01-21 05,5,16004,4,0
2016-01-21 06,6,17314,4,0
2016-01-21 07,7,20023,4,0
2016-01-21 08,8,23110,4,0
2016-01-21 09,9,24435,4,0
2016-01-21 10,10,24724,4,0
2016-01-21 11,11,24590,4,0
2016-01-21 12,12,24308,4,0
2016-01-21 13,13,24389,4,0
2016-01-21 14,14,24220,4,0
2016-01-21 15,15,24088,4,0
2016-01-21 16,16,24322,4,0
2016-01-21 17,17,23874,4,0
2016-01-21 18,18,23908,4,0
2016-01-21 19,19,23943,4,0
2016-01-21 20,20,23732,4,0
2016-01-21 21,21,23192,4,0
2016-01-21 22,22,21774,4,0
2016-01-21 23,23,19790,4,0
2016-01-22 00,0,17672,5,0
2016-01-22 01,1,16436,5,0
2016-01-22 02,2,15687,5,0
2016-01-22 03,3,15284,5,0
2016-01-22 04,4,15358,5,0
2016-01-22 05,5,15910,5,0
2016-01-22 06,6,17109,5,0
2016-01-22 07,7,19873,5,0
2016-01-22 08,8,22979,5,0
2016-01-22 09,9,24148,5,0
2016-01-22 10,10,24632,5,0
2016-01-22 11,11,24216,5,0
2016-01-22 12,12,24033,5,0
2016-01-22 13,13,24127,5,0
2016-01-22 14,14,23891,5,0
2016-01-22 15,15,23926,5,0
2016-01-22 16,16,23870,5,0
2016-01-22 17,17,23679,5,0
2016-01-22 18,18,23976,5,0
2016-01-22 19,19,24015,5,0
2016-01-22 20,20,23800,5,0
2016-01-22 21,21,23398,5,0
2016-01-22 22,22,21991,5,0
2016-01-22 23,23,20169,5,0
2016-01-23 00,0,18234,6,1
2016-01-23 01,1,17021,6,1
2016-01-23 02,2,16220,6,1
2016-01-23 03,3,15834,6,1
2016-01-23 04,4,15600,6,1
2016-01-23 05,5,16116,6,1
2016-01-23 06,6,16721,6,1
2016-01-23 07,7,18708,6,1
2016-01-23 08,8,21506,6,1
2016-01-23 09,9,22537,6,1
2016-01-23 10,10,22657,6,1
2016-01-23 11,11,22679,6,1
2016-01-23 12,12,21939,6,1
2016-01-23 13,13,21944,6,1
2016-01-23 14,14,21764,6,1
2016-01-23 15,15,22203,6,1
2016-01-23 16,16,22393,6,1
2016-01-23 17,17,23296,6,1
2016-01-23 18,18,23340,6,1
2016-01-23 19,19,23476,6,1
2016-01-23 20,20,23519,6,1
2016-01-23 21,21,23053,6,1
2016-01-23 22,22,22047,6,1
2016-01-23 23,23,20384,6,1
2016-01-24 00,0,18285,7,1
2016-01-24 01,1,17601,7,1
2016-01-24 02,2,16709,7,1
2016-01-24 03,3,15964,7,1
2016-01-24 04,4,15392,7,1
2016-01-24 05,5,16214,7,1
2016-01-24 06,6,16959,7,1
2016-01-24 07,7,18714,7,1
2016-01-24 08,8,20527,7,1
2016-01-24 09,9,21880,7,1
2016-01-24 10,10,22546,7,1
2016-01-24 11,11,22490,7,1
2016-01-24 12,12,21938,7,1
2016-01-24 13,13,21947,7,1
2016-01-24 14,14,21764,7,1
2016-01-24 15,15,22204,7,1
2016-01-24 16,16,22391,7,1
2016-01-24 17,17,23298,7,1
2016-01-24 18,18,23337,7,1
2016-01-24 19,19,23475,7,1
2016-01-24 20,20,23518,7,1
2016-01-24 21,21,22948,7,1
2016-01-24 22,22,21723,7,1
2016-01-24 23,23,20090,7,1
2016-01-25 00,0,18589,1,0
2016-01-25 01,1,17412,1,0
2016-01-25 02,2,16436,1,0
2016-01-25 03,3,15593,1,0
2016-01-25 04,4,15339,1,0
2016-01-25 05,5,16035,1,0
2016-01-25 06,6,17795,1,0
2016-01-25 07,7,20930,1,0
2016-01-25 08,8,24117,1,0
2016-01-25 09,9,24992,1,0
2016-01-25 10,10,25249,1,0
2016-01-25 11,11,24952,1,0
2016-01-25 12,12,24691,1,0
2016-01-25 13,13,24666,1,0
2016-01-25 14,14,24325,1,0
2016-01-25 15,15,24620,1,0
2016-01-25 16,16,24890,1,0
2016-01-25 17,17,25301,1,0
2016-01-25 18,18,25320,1,0
2016-01-25 19,19,25436,1,0
2016-01-25 20,20,25334,1,0
2016-01-25 21,21,24876,1,0
2016-01-25 22,22,23613,1,0
2016-01-25 23,23,21373,1,0
2016-01-26 00,0,19011,2,0
2016-01-26 01,1,18260,2,0
2016-01-26 02,2,16871,2,0
2016-01-26 03,3,16617,2,0
2016-01-26 04,4,16463,2,0
2016-01-26 05,5,17021,2,0
2016-01-26 06,6,18423,2,0
2016-01-26 07,7,20529,2,0
2016-01-26 08,8,23266,2,0
2016-01-26 09,9,23933,2,0
2016-01-26 10,10,24208,2,0
2016-01-26 11,11,23992,2,0
2016-01-26 12,12,23958,2,0
2016-01-26 13,13,23956,2,0
2016-01-26 14,14,23751,2,0
2016-01-26 15,15,23629,2,0
2016-01-26 16,16,23980,2,0
2016-01-26 17,17,24252,2,0
2016-01-26 18,18,24134,2,0
2016-01-26 19,19,24169,2,0
2016-01-26 20,20,24009,2,0
2016-01-26 21,21,23513,2,0
2016-01-26 22,22,22233,2,0
2016-01-26 23,23,20052,2,0
2016-01-27 00,0,17835,3,0
2016-01-27 01,1,16980,3,0
2016-01-27 02,2,16183,3,0
2016-01-27 03,3,15558,3,0
2016-01-27 04,4,15640,3,0
2016-01-27 05,5,16322,3,0
2016-01-27 06,6,17585,3,0
2016-01-27 07,7,19839,3,0
2016-01-27 08,8,22143,3,0
2016-01-27 09,9,23205,3,0
2016-01-27 10,10,23727,3,0
2016-01-27 11,11,23634,3,0
2016-01-27 12,12,23292,3,0
2016-01-27 13,13,23383,3,0
2016-01-27 14,14,23284,3,0
2016-01-27 15,15,23216,3,0
2016-01-27 16,16,23260,3,0
2016-01-27 17,17,23332,3,0
2016-01-27 18,18,23552,3,0
2016-01-27 19,19,23879,3,0
2016-01-27 20,20,23881,3,0
2016-01-27 21,21,23423,3,0
2016-01-27 22,22,22233,3,0
2016-01-27 23,23,19568,3,0
2016-01-28 00,0,17312,4,0
2016-01-28 01,1,16659,4,0
2016-01-28 02,2,15287,4,0
2016-01-28 03,3,14947,4,0
2016-01-28 04,4,14786,4,0
2016-01-28 05,5,15415,4,0
2016-01-28 06,6,16452,4,0
2016-01-28 07,7,18941,4,0
2016-01-28 08,8,21378,4,0
2016-01-28 09,9,22450,4,0
2016-01-28 10,10,22806,4,0
2016-01-28 11,11,22695,4,0
2016-01-28 12,12,22482,4,0
2016-01-28 13,13,22423,4,0
2016-01-28 14,14,21937,4,0
2016-01-28 15,15,22054,4,0
2016-01-28 16,16,22018,4,0
2016-01-28 17,17,22061,4,0
2016-01-28 18,18,22147,4,0
2016-01-28 19,19,22149,4,0
2016-01-28 20,20,22026,4,0
2016-01-28 21,21,21563,4,0
2016-01-28 22,22,20088,4,0
2016-01-28 23,23,18248,4,0
2016-01-29 00,0,16396,5,0
2016-01-29 01,1,15419,5,0
2016-01-29 02,2,14551,5,0
2016-01-29 03,3,14262,5,0
2016-01-29 04,4,14172,5,0
2016-01-29 05,5,14773,5,0
2016-01-29 06,6,16013,5,0
2016-01-29 07,7,18293,5,0
2016-01-29 08,8,20930,5,0
2016-01-29 09,9,22233,5,0
2016-01-29 10,10,22448,5,0
2016-01-29 11,11,22365,5,0
2016-01-29 12,12,22213,5,0
2016-01-29 13,13,22167,5,0
2016-01-29 14,14,22045,5,0
2016-01-29 15,15,21887,5,0
2016-01-29 16,16,21920,5,0
2016-01-29 17,17,21518,5,0
2016-01-29 18,18,21590,5,0
2016-01-29 19,19,21582,5,0
2016-01-29 20,20,21584,5,0
2016-01-29 21,21,21157,5,0
2016-01-29 22,22,19954,5,0
2016-01-29 23,23,18326,5,0
2016-01-30 00,0,16432,6,1
2016-01-30 01,1,15629,6,1
2016-01-30 02,2,14790,6,1
2016-01-30 03,3,14111,6,1
2016-01-30 04,4,14165,6,1
2016-01-30 05,5,14621,6,1
2016-01-30 06,6,14886,6,1
2016-01-30 07,7,16370,6,1
2016-01-30 08,8,18277,6,1
2016-01-30 09,9,18956,6,1
2016-01-30 10,10,19331,6,1
2016-01-30 11,11,19179,6,1
2016-01-30 12,12,18792,6,1
2016-01-30 13,13,18928,6,1
2016-01-30 14,14,18831,6,1
2016-01-30 15,15,18582,6,1
2016-01-30 16,16,19197,6,1
2016-01-30 17,17,19594,6,1
2016-01-30 18,18,19777,6,1
2016-01-30 19,19,19818,6,1
2016-01-30 20,20,19967,6,1
2016-01-30 21,21,19687,6,1
2016-01-30 22,22,18796,6,1
2016-01-30 23,23,17361,6,1
2016-01-31 00,0,15531,7,1
2016-01-31 01,1,14558,7,1
2016-01-31 02,2,13968,7,1
2016-01-31 03,3,13657,7,1
2016-01-31 04,4,13537,7,1
2016-01-31 05,5,13857,7,1
2016-01-31 06,6,14340,7,1
2016-01-31 07,7,15317,7,1
2016-01-31 08,8,16718,7,1
2016-01-31 09,9,17556,7,1
2016-01-31 10,10,17879,7,1
2016-01-31 11,11,17888,7,1
2016-01-31 12,12,17913,7,1
2016-01-31 13,13,17998,7,1
2016-01-31 14,14,17826,7,1
2016-01-31 15,15,18508,7,1
2016-01-31 16,16,18725,7,1
2016-01-31 17,17,18873,7,1
2016-01-31 18,18,18822,7,1
2016-01-31 19,19,18862,7,1
2016-01-31 20,20,18934,7,1
2016-01-31 21,21,18436,7,1
2016-01-31 22,22,17637,7,1
2016-01-31 23,23,16088,7,1
2016-02-01 00,0,14611,1,0
2016-02-01 01,1,13710,1,0
2016-02-01 02,2,13025,1,0
2016-02-01 03,3,12917,1,0
2016-02-01 04,4,13081,1,0
2016-02-01 05,5,14262,1,0
2016-02-01 06,6,15824,1,0
2016-02-01 07,7,17306,1,0
2016-02-01 08,8,19262,1,0
2016-02-01 09,9,20701,1,0
2016-02-01 10,10,21023,1,0
2016-02-01 11,11,20633,1,0
2016-02-01 12,12,20330,1,0
2016-02-01 13,13,20354,1,0
2016-02-01 14,14,20206,1,0
2016-02-01 15,15,20365,1,0
2016-02-01 16,16,20543,1,0
2016-02-01 17,17,20011,1,0
2016-02-01 18,18,19504,1,0
2016-02-01 19,19,19366,1,0
2016-02-01 20,20,19283,1,0
2016-02-01 21,21,18853,1,0
2016-02-01 22,22,17516,1,0
2016-02-01 23,23,16245,1,0
2016-02-02 00,0,14818,2,0
2016-02-02 01,1,14343,2,0
2016-02-02 02,2,13849,2,0
2016-02-02 03,3,13710,2,0
2016-02-02 04,4,14189,2,0
2016-02-02 05,5,15072,2,0
2016-02-02 06,6,16148,2,0
2016-02-02 07,7,18113,2,0
2016-02-02 08,8,20213,2,0
2016-02-02 09,9,20947,2,0
2016-02-02 10,10,21079,2,0
2016-02-02 11,11,20705,2,0
2016-02-02 12,12,20213,2,0
2016-02-02 13,13,20277,2,0
2016-02-02 14,14,20172,2,0
2016-02-02 15,15,20125,2,0
2016-02-02 16,16,20441,2,0
2016-02-02 17,17,20657,2,0
2016-02-02 18,18,20748,2,0
2016-02-02 19,19,20745,2,0
2016-02-02 20,20,20631,2,0
2016-02-02 21,21,20463,2,0
2016-02-02 22,22,19298,2,0
2016-02-02 23,23,17558,2,0
2016-02-03 00,0,15846,3,0
2016-02-03 01,1,14628,3,0
2016-02-03 02,2,14038,3,0
2016-02-03 03,3,13753,3,0
2016-02-03 04,4,13948,3,0
2016-02-03 05,5,14518,3,0
2016-02-03 06,6,15543,3,0
2016-02-03 07,7,17239,3,0
2016-02-03 08,8,18925,3,0
2016-02-03 09,9,19557,3,0
2016-02-03 10,10,19609,3,0
2016-02-03 11,11,19198,3,0
2016-02-03 12,12,18682,3,0
2016-02-03 13,13,18691,3,0
2016-02-03 14,14,18553,3,0
2016-02-03 15,15,18700,3,0
2016-02-03 16,16,18980,3,0
2016-02-03 17,17,19125,3,0
2016-02-03 18,18,19019,3,0
2016-02-03 19,19,18997,3,0
2016-02-03 20,20,19112,3,0
2016-02-03 21,21,18704,3,0
2016-02-03 22,22,17475,3,0
2016-02-03 23,23,16490,3,0
2016-02-04 00,0,15026,4,0
2016-02-04 01,1,13978,4,0
2016-02-04 02,2,13370,4,0
2016-02-04 03,3,13112,4,0
2016-02-04 04,4,13215,4,0
2016-02-04 05,5,13594,4,0
2016-02-04 06,6,14608,4,0
2016-02-04 07,7,16185,4,0
2016-02-04 08,8,17853,4,0
2016-02-04 09,9,18659,4,0
2016-02-04 10,10,19038,4,0
2016-02-04 11,11,18960,4,0
2016-02-04 12,12,18607,4,0
2016-02-04 13,13,18427,4,0
2016-02-04 14,14,17966,4,0
2016-02-04 15,15,17799,4,0
2016-02-04 16,16,17935,4,0
2016-02-04 17,17,17770,4,0
2016-02-04 18,18,18039,4,0
2016-02-04 19,19,18180,4,0
2016-02-04 20,20,18120,4,0
2016-02-04 21,21,18021,4,0
2016-02-04 22,22,17091,4,0
2016-02-04 23,23,15895,4,0
2016-02-05 00,0,14323,5,0
2016-02-05 01,1,13289,5,0
2016-02-05 02,2,12285,5,0
2016-02-05 03,3,11923,5,0
2016-02-05 04,4,12092,5,0
2016-02-05 05,5,12481,5,0
2016-02-05 06,6,13207,5,0
2016-02-05 07,7,15148,5,0
2016-02-05 08,8,16191,5,0
2016-02-05 09,9,16660,5,0
2016-02-05 10,10,16613,5,0
2016-02-05 11,11,16049,5,0
2016-02-05 12,12,15532,5,0
2016-02-05 13,13,15129,5,0
2016-02-05 14,14,14892,5,0
2016-02-05 15,15,14567,5,0
2016-02-05 16,16,14823,5,0
2016-02-05 17,17,14875,5,0
2016-02-05 18,18,15066,5,0
2016-02-05 19,19,15181,5,0
2016-02-05 20,20,15343,5,0
2016-02-05 21,21,15067,5,0
2016-02-05 22,22,14496,5,0
2016-02-05 23,23,13425,5,0
2016-02-06 00,0,11530,6,0
2016-02-06 01,1,10636,6,0
2016-02-06 02,2,10149,6,0
2016-02-06 03,3,10094,6,0
2016-02-06 04,4,10315,6,0
2016-02-06 05,5,10671,6,0
2016-02-06 06,6,11620,6,0
2016-02-06 07,7,13159,6,0
2016-02-06 08,8,13994,6,0
2016-02-06 09,9,14480,6,0
2016-02-06 10,10,14589,6,0
2016-02-06 11,11,14595,6,0
2016-02-06 12,12,13954,6,0
2016-02-06 13,13,13608,6,0
2016-02-06 14,14,13286,6,0
2016-02-06 15,15,13013,6,0
2016-02-06 16,16,13288,6,0
2016-02-06 17,17,13612,6,0
2016-02-06 18,18,13857,6,0
2016-02-06 19,19,14119,6,0
2016-02-06 20,20,14218,6,0
2016-02-06 21,21,14096,6,0
2016-02-06 22,22,13680,6,0
2016-02-06 23,23,12990,6,0
2016-02-07 00,0,11473,7,-1
2016-02-07 01,1,10188,7,-1
2016-02-07 02,2,9570,7,-1
2016-02-07 03,3,9395,7,-1
2016-02-07 04,4,9540,7,-1
2016-02-07 05,5,9688,7,-1
2016-02-07 06,6,9985,7,-1
2016-02-07 07,7,10274,7,-1
2016-02-07 08,8,10703,7,-1
2016-02-07 09,9,11000,7,-1
2016-02-07 10,10,11326,7,-1
2016-02-07 11,11,11345,7,-1
2016-02-07 12,12,11207,7,-1
2016-02-07 13,13,11020,7,-1
2016-02-07 14,14,10948,7,-1
2016-02-07 15,15,11142,7,-1
2016-02-07 16,16,11335,7,-1
2016-02-07 17,17,11951,7,-1
2016-02-07 18,18,12123,7,-1
2016-02-07 19,19,12695,7,-1
2016-02-07 20,20,12793,7,-1
2016-02-07 21,21,12751,7,-1
2016-02-07 22,22,12712,7,-1
2016-02-07 23,23,12402,7,-1
2016-02-08 00,0,11828,1,-1
2016-02-08 01,1,10270,1,-1
2016-02-08 02,2,9422,1,-1
2016-02-08 03,3,9031,1,-1
2016-02-08 04,4,9064,1,-1
2016-02-08 05,5,9437,1,-1
2016-02-08 06,6,9524,1,-1
2016-02-08 07,7,10037,1,-1
2016-02-08 08,8,10421,1,-1
2016-02-08 09,9,10741,1,-1
2016-02-08 10,10,10876,1,-1
2016-02-08 11,11,10799,1,-1
2016-02-08 12,12,10629,1,-1
2016-02-08 13,13,10375,1,-1
2016-02-08 14,14,10193,1,-1
2016-02-08 15,15,10249,1,-1
2016-02-08 16,16,10813,1,-1
2016-02-08 17,17,11191,1,-1
2016-02-08 18,18,11803,1,-1
2016-02-08 19,19,11999,1,-1
2016-02-08 20,20,12050,1,-1
2016-02-08 21,21,11996,1,-1
2016-02-08 22,22,11503,1,-1
2016-02-08 23,23,10846,1,-1
2016-02-09 00,0,10095,2,-1
2016-02-09 01,1,9513,2,-1
2016-02-09 02,2,9075,2,-1
2016-02-09 03,3,8972,2,-1
2016-02-09 04,4,9068,2,-1
2016-02-09 05,5,9390,2,-1
2016-02-09 06,6,9471,2,-1
2016-02-09 07,7,10117,2,-1
2016-02-09 08,8,10449,2,-1
2016-02-09 09,9,10690,2,-1
2016-02-09 10,10,10811,2,-1
2016-02-09 11,11,10742,2,-1
2016-02-09 12,12,10448,2,-1
2016-02-09 13,13,10129,2,-1
2016-02-09 14,14,10042,2,-1
2016-02-09 15,15,10128,2,-1
2016-02-09 16,16,10699,2,-1
2016-02-09 17,17,11423,2,-1
2016-02-09 18,18,11648,2,-1
2016-02-09 19,19,11810,2,-1
2016-02-09 20,20,11820,2,-1
2016-02-09 21,21,11572,2,-1
2016-02-09 22,22,11290,2,-1
2016-02-09 23,23,10653,2,-1
2016-02-10 00,0,10078,3,1
2016-02-10 01,1,9559,3,1
2016-02-10 02,2,9193,3,1
2016-02-10 03,3,9161,3,1
2016-02-10 04,4,9294,3,1
2016-02-10 05,5,9504,3,1
2016-02-10 06,6,9715,3,1
2016-02-10 07,7,10172,3,1
2016-02-10 08,8,10568,3,1
2016-02-10 09,9,10736,3,1
2016-02-10 10,10,11015,3,1
2016-02-10 11,11,11017,3,1
2016-02-10 12,12,10898,3,1
2016-02-10 13,13,10729,3,1
2016-02-10 14,14,10587,3,1
2016-02-10 15,15,10840,3,1
2016-02-10 16,16,11192,3,1
2016-02-10 17,17,11604,3,1
2016-02-10 18,18,11892,3,1
2016-02-10 19,19,11917,3,1
2016-02-10 20,20,11797,3,1
2016-02-10 21,21,11612,3,1
2016-02-10 22,22,11047,3,1
2016-02-10 23,23,10382,3,1
2016-02-11 00,0,9720,4,1
2016-02-11 01,1,9299,4,1
2016-02-11 02,2,8962,4,1
2016-02-11 03,3,8839,4,1
2016-02-11 04,4,8909,4,1
2016-02-11 05,5,9235,4,1
2016-02-11 06,6,9446,4,1
2016-02-11 07,7,9822,4,1
2016-02-11 08,8,10528,4,1
2016-02-11 09,9,11071,4,1
2016-02-11 10,10,11298,4,1
2016-02-11 11,11,11301,4,1
2016-02-11 12,12,11112,4,1
2016-02-11 13,13,11037,4,1
2016-02-11 14,14,11021,4,1
2016-02-11 15,15,11104,4,1
2016-02-11 16,16,11456,4,1
2016-02-11 17,17,12160,4,1
2016-02-11 18,18,12324,4,1
2016-02-11 19,19,12416,4,1
2016-02-11 20,20,12420,4,1
2016-02-11 21,21,12369,4,1
2016-02-11 22,22,11910,4,1
2016-02-11 23,23,10892,4,1
2016-02-12 00,0,10100,5,1
2016-02-12 01,1,9680,5,1
2016-02-12 02,2,9214,5,1
2016-02-12 03,3,9027,5,1
2016-02-12 04,4,9089,5,1
2016-02-12 05,5,9454,5,1
2016-02-12 06,6,9539,5,1
2016-02-12 07,7,10112,5,1
2016-02-12 08,8,10938,5,1
2016-02-12 09,9,11297,5,1
2016-02-12 10,10,11486,5,1
2016-02-12 11,11,11491,5,1
2016-02-12 12,12,11447,5,1
2016-02-12 13,13,11426,5,1
2016-02-12 14,14,11227,5,1
2016-02-12 15,15,11454,5,1
2016-02-12 16,16,12036,5,1
2016-02-12 17,17,12701,5,1
2016-02-12 18,18,13005,5,1
2016-02-12 19,19,13019,5,1
2016-02-12 20,20,13017,5,1
2016-02-12 21,21,12900,5,1
2016-02-12 22,22,12388,5,1
2016-02-12 23,23,11431,5,1
2016-02-13 00,0,10755,6,1
2016-02-13 01,1,9875,6,1
2016-02-13 02,2,9451,6,1
2016-02-13 03,3,9179,6,1
2016-02-13 04,4,9201,6,1
2016-02-13 05,5,9365,6,1
2016-02-13 06,6,9775,6,1
2016-02-13 07,7,10522,6,1
2016-02-13 08,8,11578,6,1
2016-02-13 09,9,12125,6,1
2016-02-13 10,10,12474,6,1
2016-02-13 11,11,12172,6,1
2016-02-13 12,12,11836,6,1
2016-02-13 13,13,11719,6,1
2016-02-13 14,14,11715,6,1
2016-02-13 15,15,11883,6,1
2016-02-13 16,16,12876,6,1
2016-02-13 17,17,13426,6,1
2016-02-13 18,18,13616,6,1
2016-02-13 19,19,13574,6,1
2016-02-13 20,20,13610,6,1
2016-02-13 21,21,13354,6,1
2016-02-13 22,22,12829,6,1
2016-02-13 23,23,11910,6,1
2016-02-14 00,0,11179,7,0
2016-02-14 01,1,10328,7,0
2016-02-14 02,2,10056,7,0
2016-02-14 03,3,9991,7,0
2016-02-14 04,4,10140,7,0
2016-02-14 05,5,10750,7,0
2016-02-14 06,6,11887,7,0
2016-02-14 07,7,13923,7,0
2016-02-14 08,8,15403,7,0
2016-02-14 09,9,15844,7,0
2016-02-14 10,10,16223,7,0
2016-02-14 11,11,16337,7,0
2016-02-14 12,12,16116,7,0
2016-02-14 13,13,15571,7,0
2016-02-14 14,14,15193,7,0
2016-02-14 15,15,14925,7,0
2016-02-14 16,16,14950,7,0
2016-02-14 17,17,15286,7,0
2016-02-14 18,18,15548,7,0
2016-02-14 19,19,15864,7,0
2016-02-14 20,20,16041,7,0
2016-02-14 21,21,15908,7,0
2016-02-14 22,22,15220,7,0
2016-02-14 23,23,14144,7,0
2016-02-15 00,0,12831,1,0
2016-02-15 01,1,11736,1,0
2016-02-15 02,2,11043,1,0
2016-02-15 03,3,10759,1,0
2016-02-15 04,4,10902,1,0
2016-02-15 05,5,11587,1,0
2016-02-15 06,6,12546,1,0
2016-02-15 07,7,14453,1,0
2016-02-15 08,8,16449,1,0
2016-02-15 09,9,17704,1,0
2016-02-15 10,10,17981,1,0
2016-02-15 11,11,17883,1,0
2016-02-15 12,12,17502,1,0
2016-02-15 13,13,17330,1,0
2016-02-15 14,14,17204,1,0
2016-02-15 15,15,17097,1,0
2016-02-15 16,16,17109,1,0
2016-02-15 17,17,16973,1,0
2016-02-15 18,18,16669,1,0
2016-02-15 19,19,16825,1,0
2016-02-15 20,20,16797,1,0
2016-02-15 21,21,16498,1,0
2016-02-15 22,22,15733,1,0
2016-02-15 23,23,14718,1,0
2016-02-16 00,0,13256,2,0
2016-02-16 01,1,12289,2,0
2016-02-16 02,2,11958,2,0
2016-02-16 03,3,11817,2,0
2016-02-16 04,4,11875,2,0
2016-02-16 05,5,12763,2,0
2016-02-16 06,6,14036,2,0
2016-02-16 07,7,16018,2,0
2016-02-16 08,8,17977,2,0
2016-02-16 09,9,18882,2,0
2016-02-16 10,10,19035,2,0
2016-02-16 11,11,18642,2,0
2016-02-16 12,12,18006,2,0
2016-02-16 13,13,17812,2,0
2016-02-16 14,14,17555,2,0
2016-02-16 15,15,17597,2,0
2016-02-16 16,16,17694,2,0
2016-02-16 17,17,17664,2,0
2016-02-16 18,18,17768,2,0
2016-02-16 19,19,17879,2,0
2016-02-16 20,20,18013,2,0
2016-02-16 21,21,17696,2,0
2016-02-16 22,22,16874,2,0
2016-02-16 23,23,15423,2,0
2016-02-17 00,0,13839,3,0
2016-02-17 01,1,13095,3,0
2016-02-17 02,2,12632,3,0
2016-02-17 03,3,12359,3,0
2016-02-17 04,4,12511,3,0
2016-02-17 05,5,13088,3,0
2016-02-17 06,6,14355,3,0
2016-02-17 07,7,16116,3,0
2016-02-17 08,8,17985,3,0
2016-02-17 09,9,18573,3,0
2016-02-17 10,10,18604,3,0
2016-02-17 11,11,18346,3,0
2016-02-17 12,12,17903,3,0
2016-02-17 13,13,17788,3,0
2016-02-17 14,14,17459,3,0
2016-02-17 15,15,17502,3,0
2016-02-17 16,16,17464,3,0
2016-02-17 17,17,18278,3,0
2016-02-17 18,18,18373,3,0
2016-02-17 19,19,18517,3,0
2016-02-17 20,20,18459,3,0
2016-02-17 21,21,18289,3,0
2016-02-17 22,22,17385,3,0
2016-02-17 23,23,15552,3,0
2016-02-18 00,0,14169,4,0
2016-02-18 01,1,13283,4,0
2016-02-18 02,2,12539,4,0
2016-02-18 03,3,12295,4,0
2016-02-18 04,4,12408,4,0
2016-02-18 05,5,13229,4,0
2016-02-18 06,6,14268,4,0
2016-02-18 07,7,15914,4,0
2016-02-18 08,8,17875,4,0
2016-02-18 09,9,18342,4,0
2016-02-18 10,10,18358,4,0
2016-02-18 11,11,18007,4,0
2016-02-18 12,12,17303,4,0
2016-02-18 13,13,17152,4,0
2016-02-18 14,14,16777,4,0
2016-02-18 15,15,16724,4,0
2016-02-18 16,16,16804,4,0
2016-02-18 17,17,17439,4,0
2016-02-18 18,18,17556,4,0
2016-02-18 19,19,17631,4,0
2016-02-18 20,20,17767,4,0
2016-02-18 21,21,17369,4,0
2016-02-18 22,22,16669,4,0
2016-02-18 23,23,14904,4,0
2016-02-19 00,0,13483,5,0
2016-02-19 01,1,12917,5,0
2016-02-19 02,2,12366,5,0
2016-02-19 03,3,12183,5,0
2016-02-19 04,4,12255,5,0
2016-02-19 05,5,12931,5,0
2016-02-19 06,6,14172,5,0
2016-02-19 07,7,15862,5,0
2016-02-19 08,8,18052,5,0
2016-02-19 09,9,18928,5,0
2016-02-19 10,10,19158,5,0
2016-02-19 11,11,18795,5,0
2016-02-19 12,12,18562,5,0
2016-02-19 13,13,18388,5,0
2016-02-19 14,14,18404,5,0
2016-02-19 15,15,18428,5,0
2016-02-19 16,16,18512,5,0
2016-02-19 17,17,18101,5,0
2016-02-19 18,18,18131,5,0
2016-02-19 19,19,17927,5,0
2016-02-19 20,20,18063,5,0
2016-02-19 21,21,17660,5,0
2016-02-19 22,22,16965,5,0
2016-02-19 23,23,15366,5,0
2016-02-20 00,0,14083,6,1
2016-02-20 01,1,13291,6,1
2016-02-20 02,2,12676,6,1
2016-02-20 03,3,12279,6,1
2016-02-20 04,4,12398,6,1
2016-02-20 05,5,12734,6,1
2016-02-20 06,6,13113,6,1
2016-02-20 07,7,14557,6,1
2016-02-20 08,8,16210,6,1
2016-02-20 09,9,16798,6,1
2016-02-20 10,10,17103,6,1
2016-02-20 11,11,16759,6,1
2016-02-20 12,12,16155,6,1
2016-02-20 13,13,16053,6,1
2016-02-20 14,14,15858,6,1
2016-02-20 15,15,15911,6,1
2016-02-20 16,16,16684,6,1
2016-02-20 17,17,17312,6,1
2016-02-20 18,18,17393,6,1
2016-02-20 19,19,17462,6,1
2016-02-20 20,20,17553,6,1
2016-02-20 21,21,17305,6,1
2016-02-20 22,22,16751,6,1
2016-02-20 23,23,15321,6,1
2016-02-21 00,0,14111,7,1
2016-02-21 01,1,13230,7,1
2016-02-21 02,2,12524,7,1
2016-02-21 03,3,12073,7,1
2016-02-21 04,4,12199,7,1
2016-02-21 05,5,12648,7,1
2016-02-21 06,6,13029,7,1
2016-02-21 07,7,13906,7,1
2016-02-21 08,8,15226,7,1
2016-02-21 09,9,15857,7,1
2016-02-21 10,10,16079,7,1
2016-02-21 11,11,15996,7,1
2016-02-21 12,12,15609,7,1
2016-02-21 13,13,15375,7,1
2016-02-21 14,14,15367,7,1
2016-02-21 15,15,16042,7,1
2016-02-21 16,16,16441,7,1
2016-02-21 17,17,17255,7,1
2016-02-21 18,18,17384,7,1
2016-02-21 19,19,17409,7,1
2016-02-21 20,20,17493,7,1
2016-02-21 21,21,17129,7,1
2016-02-21 22,22,16159,7,1
2016-02-21 23,23,14807,7,1
2016-02-22 00,0,13410,1,0
2016-02-22 01,1,12722,1,0
2016-02-22 02,2,12208,1,0
2016-02-22 03,3,11705,1,0
2016-02-22 04,4,11922,1,0
2016-02-22 05,5,12943,1,0
2016-02-22 06,6,14343,1,0
2016-02-22 07,7,16502,1,0
2016-02-22 08,8,19020,1,0
2016-02-22 09,9,20180,1,0
2016-02-22 10,10,20182,1,0
2016-02-22 11,11,19597,1,0
2016-02-22 12,12,18784,1,0
2016-02-22 13,13,18829,1,0
2016-02-22 14,14,18556,1,0
2016-02-22 15,15,18961,1,0
2016-02-22 16,16,19094,1,0
2016-02-22 17,17,19073,1,0
2016-02-22 18,18,18758,1,0
2016-02-22 19,19,18758,1,0
2016-02-22 20,20,18683,1,0
2016-02-22 21,21,18334,1,0
2016-02-22 22,22,17204,1,0
2016-02-22 23,23,16131,1,0
2016-02-23 00,0,14554,2,0
2016-02-23 01,1,13196,2,0
2016-02-23 02,2,12675,2,0
2016-02-23 03,3,12452,2,0
2016-02-23 04,4,12791,2,0
2016-02-23 05,5,13418,2,0
2016-02-23 06,6,14674,2,0
2016-02-23 07,7,17076,2,0
2016-02-23 08,8,19764,2,0
2016-02-23 09,9,20851,2,0
2016-02-23 10,10,21072,2,0
2016-02-23 11,11,20767,2,0
2016-02-23 12,12,20129,2,0
2016-02-23 13,13,20170,2,0
2016-02-23 14,14,19703,2,0
2016-02-23 15,15,19625,2,0
2016-02-23 16,16,19550,2,0
2016-02-23 17,17,19371,2,0
2016-02-23 18,18,19462,2,0
2016-02-23 19,19,19602,2,0
2016-02-23 20,20,19550,2,0
2016-02-23 21,21,19379,2,0
2016-02-23 22,22,18458,2,0
2016-02-23 23,23,16326,2,0
2016-02-24 00,0,14797,3,0
2016-02-24 01,1,13934,3,0
2016-02-24 02,2,13382,3,0
2016-02-24 03,3,13103,3,0
2016-02-24 04,4,13238,3,0
2016-02-24 05,5,14002,3,0
2016-02-24 06,6,15381,3,0
2016-02-24 07,7,17552,3,0
2016-02-24 08,8,19763,3,0
2016-02-24 09,9,20552,3,0
2016-02-24 10,10,20679,3,0
2016-02-24 11,11,20629,3,0
2016-02-24 12,12,20393,3,0
2016-02-24 13,13,20422,3,0
2016-02-24 14,14,20165,3,0
2016-02-24 15,15,20091,3,0
2016-02-24 16,16,19849,3,0
2016-02-24 17,17,19833,3,0
2016-02-24 18,18,19883,3,0
2016-02-24 19,19,19772,3,0
2016-02-24 20,20,20082,3,0
2016-02-24 21,21,19470,3,0
2016-02-24 22,22,18510,3,0
2016-02-24 23,23,16923,3,0
2016-02-25 00,0,15304,4,0
2016-02-25 01,1,14335,4,0
2016-02-25 02,2,13532,4,0
2016-02-25 03,3,13298,4,0
2016-02-25 04,4,13485,4,0
2016-02-25 05,5,14177,4,0
2016-02-25 06,6,15544,4,0
2016-02-25 07,7,17506,4,0
2016-02-25 08,8,19558,4,0
2016-02-25 09,9,20244,4,0
2016-02-25 10,10,20278,4,0
2016-02-25 11,11,20037,4,0
2016-02-25 12,12,19456,4,0
2016-02-25 13,13,19461,4,0
2016-02-25 14,14,19045,4,0
2016-02-25 15,15,18835,4,0
2016-02-25 16,16,18841,4,0
2016-02-25 17,17,19148,4,0
2016-02-25 18,18,19343,4,0
2016-02-25 19,19,19497,4,0
2016-02-25 20,20,19522,4,0
2016-02-25 21,21,19148,4,0
2016-02-25 22,22,18094,4,0
2016-02-25 23,23,16428,4,0
2016-02-26 00,0,14844,5,0
2016-02-26 01,1,14005,5,0
2016-02-26 02,2,13367,5,0
2016-02-26 03,3,13162,5,0
2016-02-26 04,4,13267,5,0
2016-02-26 05,5,13989,5,0
2016-02-26 06,6,15245,5,0
2016-02-26 07,7,17201,5,0
2016-02-26 08,8,19571,5,0
2016-02-26 09,9,19741,5,0
2016-02-26 10,10,19825,5,0
2016-02-26 11,11,19222,5,0
2016-02-26 12,12,18523,5,0
2016-02-26 13,13,18485,5,0
2016-02-26 14,14,18217,5,0
2016-02-26 15,15,18154,5,0
2016-02-26 16,16,18165,5,0
2016-02-26 17,17,18269,5,0
2016-02-26 18,18,18619,5,0
2016-02-26 19,19,18982,5,0
2016-02-26 20,20,19018,5,0
2016-02-26 21,21,18576,5,0
2016-02-26 22,22,17440,5,0
2016-02-26 23,23,16276,5,0
2016-02-27 00,0,14606,6,1
2016-02-27 01,1,13703,6,1
2016-02-27 02,2,13152,6,1
2016-02-27 03,3,12800,6,1
2016-02-27 04,4,12775,6,1
2016-02-27 05,5,13201,6,1
2016-02-27 06,6,13685,6,1
2016-02-27 07,7,15003,6,1
2016-02-27 08,8,16692,6,1
2016-02-27 09,9,17151,6,1
2016-02-27 10,10,17291,6,1
2016-02-27 11,11,16752,6,1
2016-02-27 12,12,16035,6,1
2016-02-27 13,13,15927,6,1
2016-02-27 14,14,15830,6,1
2016-02-27 15,15,15873,6,1
2016-02-27 16,16,16660,6,1
2016-02-27 17,17,17295,6,1
2016-02-27 18,18,17650,6,1
2016-02-27 19,19,17745,6,1
2016-02-27 20,20,17610,6,1
2016-02-27 21,21,17490,6,1
2016-02-27 22,22,16748,6,1
2016-02-27 23,23,15381,6,1
2016-02-28 00,0,14650,7,1
2016-02-28 01,1,13251,7,1
2016-02-28 02,2,12470,7,1
2016-02-28 03,3,11973,7,1
2016-02-28 04,4,11973,7,1
2016-02-28 05,5,12459,7,1
2016-02-28 06,6,12670,7,1
2016-02-28 07,7,13516,7,1
2016-02-28 08,8,14440,7,1
2016-02-28 09,9,15409,7,1
2016-02-28 10,10,15438,7,1
2016-02-28 11,11,15085,7,1
2016-02-28 12,12,14525,7,1
2016-02-28 13,13,14217,7,1
2016-02-28 14,14,14234,7,1
2016-02-28 15,15,14856,7,1
2016-02-28 16,16,15726,7,1
2016-02-28 17,17,16572,7,1
2016-02-28 18,18,16744,7,1
2016-02-28 19,19,16862,7,1
2016-02-28 20,20,16698,7,1
2016-02-28 21,21,16355,7,1
2016-02-28 22,22,15670,7,1
2016-02-28 23,23,14304,7,1
2016-02-29 00,0,13189,1,0
2016-02-29 01,1,12451,1,0
2016-02-29 02,2,11971,1,0
2016-02-29 03,3,11812,1,0
2016-02-29 04,4,12016,1,0
2016-02-29 05,5,12865,1,0
2016-02-29 06,6,14356,1,0
2016-02-29 07,7,16481,1,0
2016-02-29 08,8,18514,1,0
2016-02-29 09,9,19263,1,0
2016-02-29 10,10,19360,1,0
2016-02-29 11,11,18965,1,0
2016-02-29 12,12,18330,1,0
2016-02-29 13,13,18391,1,0
2016-02-29 14,14,18160,1,0
2016-02-29 15,15,18158,1,0
2016-02-29 16,16,18274,1,0
2016-02-29 17,17,18249,1,0
2016-02-29 18,18,18832,1,0
2016-02-29 19,19,18877,1,0
2016-02-29 20,20,18791,1,0
2016-02-29 21,21,18439,1,0
2016-02-29 22,22,17622,1,0
2016-02-29 23,23,16031,1,0
2016-03-01 00,0,14476,2,0
2016-03-01 01,1,13928,2,0
2016-03-01 02,2,13293,2,0
2016-03-01 03,3,13144,2,0
2016-03-01 04,4,13224,2,0
2016-03-01 05,5,14114,2,0
2016-03-01 06,6,15390,2,0
2016-03-01 07,7,17321,2,0
2016-03-01 08,8,19282,2,0
2016-03-01 09,9,19906,2,0
2016-03-01 10,10,20008,2,0
2016-03-01 11,11,19447,2,0
2016-03-01 12,12,18670,2,0
2016-03-01 13,13,18661,2,0
2016-03-01 14,14,18319,2,0
2016-03-01 15,15,18336,2,0
2016-03-01 16,16,18525,2,0
2016-03-01 17,17,19092,2,0
2016-03-01 18,18,19410,2,0
2016-03-01 19,19,19491,2,0
2016-03-01 20,20,19425,2,0
2016-03-01 21,21,19128,2,0
2016-03-01 22,22,18184,2,0
2016-03-01 23,23,16150,2,0
2016-03-02 00,0,14501,3,0
2016-03-02 01,1,13735,3,0
2016-03-02 02,2,13203,3,0
2016-03-02 03,3,12986,3,0
2016-03-02 04,4,13075,3,0
2016-03-02 05,5,13886,3,0
2016-03-02 06,6,15162,3,0
2016-03-02 07,7,16942,3,0
2016-03-02 08,8,18919,3,0
2016-03-02 09,9,19406,3,0
2016-03-02 10,10,19406,3,0
2016-03-02 11,11,18742,3,0
2016-03-02 12,12,18141,3,0
2016-03-02 13,13,18083,3,0
2016-03-02 14,14,17703,3,0
2016-03-02 15,15,17827,3,0
2016-03-02 16,16,17808,3,0
2016-03-02 17,17,17544,3,0
2016-03-02 18,18,17864,3,0
2016-03-02 19,19,17867,3,0
2016-03-02 20,20,17834,3,0
2016-03-02 21,21,17509,3,0
2016-03-02 22,22,16737,3,0
2016-03-02 23,23,15380,3,0
2016-03-03 00,0,14088,4,0
2016-03-03 01,1,13369,4,0
2016-03-03 02,2,12864,4,0
2016-03-03 03,3,12597,4,0
2016-03-03 04,4,12699,4,0
2016-03-03 05,5,13445,4,0
2016-03-03 06,6,14604,4,0
2016-03-03 07,7,16471,4,0
2016-03-03 08,8,18316,4,0
2016-03-03 09,9,18754,4,0
2016-03-03 10,10,18880,4,0
2016-03-03 11,11,18266,4,0
2016-03-03 12,12,17577,4,0
2016-03-03 13,13,17579,4,0
2016-03-03 14,14,17174,4,0
2016-03-03 15,15,17170,4,0
2016-03-03 16,16,17352,4,0
2016-03-03 17,17,17949,4,0
2016-03-03 18,18,18259,4,0
2016-03-03 19,19,18385,4,0
2016-03-03 20,20,18379,4,0
2016-03-03 21,21,18126,4,0
2016-03-03 22,22,17091,4,0
2016-03-03 23,23,15441,4,0
2016-03-04 00,0,13757,5,0
2016-03-04 01,1,13126,5,0
2016-03-04 02,2,12531,5,0
2016-03-04 03,3,12245,5,0
2016-03-04 04,4,12313,5,0
2016-03-04 05,5,12984,5,0
2016-03-04 06,6,14363,5,0
2016-03-04 07,7,16249,5,0
2016-03-04 08,8,18234,5,0
2016-03-04 09,9,18343,5,0
2016-03-04 10,10,18413,5,0
2016-03-04 11,11,18134,5,0
2016-03-04 12,12,17178,5,0
2016-03-04 13,13,17185,5,0
2016-03-04 14,14,17029,5,0
2016-03-04 15,15,16838,5,0
2016-03-04 16,16,16915,5,0
2016-03-04 17,17,17240,5,0
2016-03-04 18,18,17511,5,0
2016-03-04 19,19,17515,5,0
2016-03-04 20,20,17480,5,0
2016-03-04 21,21,17166,5,0
2016-03-04 22,22,16441,5,0
2016-03-04 23,23,15164,5,0
2016-03-05 00,0,14034,6,1
2016-03-05 01,1,12387,6,1
2016-03-05 02,2,12006,6,1
2016-03-05 03,3,11718,6,1
2016-03-05 04,4,11906,6,1
2016-03-05 05,5,12371,6,1
2016-03-05 06,6,12766,6,1
2016-03-05 07,7,14120,6,1
2016-03-05 08,8,15388,6,1
2016-03-05 09,9,15824,6,1
2016-03-05 10,10,16057,6,1
2016-03-05 11,11,15707,6,1
2016-03-05 12,12,15156,6,1
2016-03-05 13,13,15298,6,1
2016-03-05 14,14,15106,6,1
2016-03-05 15,15,15300,6,1
2016-03-05 16,16,15527,6,1
2016-03-05 17,17,15655,6,1
2016-03-05 18,18,15986,6,1
2016-03-05 19,19,15916,6,1
2016-03-05 20,20,15828,6,1
2016-03-05 21,21,15326,6,1
2016-03-05 22,22,14841,6,1
2016-03-05 23,23,13868,6,1
2016-03-06 00,0,12695,7,1
2016-03-06 01,1,11960,7,1
2016-03-06 02,2,11576,7,1
2016-03-06 03,3,11404,7,1
2016-03-06 04,4,11570,7,1
2016-03-06 05,5,11775,7,1
2016-03-06 06,6,11976,7,1
2016-03-06 07,7,13225,7,1
2016-03-06 08,8,14278,7,1
2016-03-06 09,9,15120,7,1
2016-03-06 10,10,15296,7,1
2016-03-06 11,11,15128,7,1
2016-03-06 12,12,14937,7,1
2016-03-06 13,13,14867,7,1
2016-03-06 14,14,14766,7,1
2016-03-06 15,15,14909,7,1
2016-03-06 16,16,14894,7,1
2016-03-06 17,17,14882,7,1
2016-03-06 18,18,15453,7,1
2016-03-06 19,19,15699,7,1
2016-03-06 20,20,15688,7,1
2016-03-06 21,21,15392,7,1
2016-03-06 22,22,14600,7,1
2016-03-06 23,23,13491,7,1
2016-03-07 00,0,12425,1,0
2016-03-07 01,1,11585,1,0
2016-03-07 02,2,11245,1,0
2016-03-07 03,3,11236,1,0
2016-03-07 04,4,11493,1,0
2016-03-07 05,5,12230,1,0
2016-03-07 06,6,13466,1,0
2016-03-07 07,7,15464,1,0
2016-03-07 08,8,17288,1,0
2016-03-07 09,9,18003,1,0
2016-03-07 10,10,18183,1,0
2016-03-07 11,11,17678,1,0
2016-03-07 12,12,17033,1,0
2016-03-07 13,13,16937,1,0
2016-03-07 14,14,16847,1,0
2016-03-07 15,15,16901,1,0
2016-03-07 16,16,17059,1,0
2016-03-07 17,17,16742,1,0
2016-03-07 18,18,17190,1,0
2016-03-07 19,19,17078,1,0
2016-03-07 20,20,16892,1,0
2016-03-07 21,21,16361,1,0
2016-03-07 22,22,15444,1,0
2016-03-07 23,23,14447,1,0
2016-03-08 00,0,13205,2,0
2016-03-08 01,1,12724,2,0
2016-03-08 02,2,12360,2,0
2016-03-08 03,3,12147,2,0
2016-03-08 04,4,12209,2,0
2016-03-08 05,5,12897,2,0
2016-03-08 06,6,14029,2,0
2016-03-08 07,7,15933,2,0
2016-03-08 08,8,17894,2,0
2016-03-08 09,9,18712,2,0
2016-03-08 10,10,19056,2,0
2016-03-08 11,11,18766,2,0
2016-03-08 12,12,18342,2,0
2016-03-08 13,13,18782,2,0
2016-03-08 14,14,18691,2,0
2016-03-08 15,15,18376,2,0
2016-03-08 16,16,18392,2,0
2016-03-08 17,17,17785,2,0
2016-03-08 18,18,17699,2,0
2016-03-08 19,19,17701,2,0
2016-03-08 20,20,17453,2,0
2016-03-08 21,21,17154,2,0
2016-03-08 22,22,16300,2,0
2016-03-08 23,23,15293,2,0
2016-03-09 00,0,14263,3,0
2016-03-09 01,1,13574,3,0
2016-03-09 02,2,13063,3,0
2016-03-09 03,3,12765,3,0
2016-03-09 04,4,12984,3,0
2016-03-09 05,5,13608,3,0
2016-03-09 06,6,15144,3,0
2016-03-09 07,7,17329,3,0
2016-03-09 08,8,19518,3,0
2016-03-09 09,9,20283,3,0
2016-03-09 10,10,20299,3,0
2016-03-09 11,11,19969,3,0
2016-03-09 12,12,19454,3,0
2016-03-09 13,13,19499,3,0
2016-03-09 14,14,19425,3,0
2016-03-09 15,15,19202,3,0
2016-03-09 16,16,19241,3,0
2016-03-09 17,17,18810,3,0
2016-03-09 18,18,19151,3,0
2016-03-09 19,19,19212,3,0
2016-03-09 20,20,19257,3,0
2016-03-09 21,21,18917,3,0
2016-03-09 22,22,17962,3,0
2016-03-09 23,23,16648,3,0
2016-03-10 00,0,14947,4,0
2016-03-10 01,1,14139,4,0
2016-03-10 02,2,13729,4,0
2016-03-10 03,3,13566,4,0
2016-03-10 04,4,13626,4,0
2016-03-10 05,5,14432,4,0
2016-03-10 06,6,15691,4,0
2016-03-10 07,7,18090,4,0
2016-03-10 08,8,20334,4,0
2016-03-10 09,9,21583,4,0
2016-03-10 10,10,21903,4,0
2016-03-10 11,11,21599,4,0
2016-03-10 12,12,20986,4,0
2016-03-10 13,13,21055,4,0
2016-03-10 14,14,20749,4,0
2016-03-10 15,15,20742,4,0
2016-03-10 16,16,20732,4,0
2016-03-10 17,17,20107,4,0
2016-03-10 18,18,20096,4,0
2016-03-10 19,19,20080,4,0
2016-03-10 20,20,20117,4,0
2016-03-10 21,21,19790,4,0
2016-03-10 22,22,18768,4,0
2016-03-10 23,23,17323,4,0
2016-03-11 00,0,15675,5,0
2016-03-11 01,1,14546,5,0
2016-03-11 02,2,14135,5,0
2016-03-11 03,3,13908,5,0
2016-03-11 04,4,14071,5,0
2016-03-11 05,5,14840,5,0
2016-03-11 06,6,16237,5,0
2016-03-11 07,7,18157,5,0
2016-03-11 08,8,20277,5,0
2016-03-11 09,9,20946,5,0
2016-03-11 10,10,21023,5,0
2016-03-11 11,11,20821,5,0
2016-03-11 12,12,20787,5,0
2016-03-11 13,13,20785,5,0
2016-03-11 14,14,20571,5,0
2016-03-11 15,15,20450,5,0
2016-03-11 16,16,20287,5,0
2016-03-11 17,17,20237,5,0
2016-03-11 18,18,20490,5,0
2016-03-11 19,19,20479,5,0
2016-03-11 20,20,20510,5,0
2016-03-11 21,21,20196,5,0
2016-03-11 22,22,19189,5,0
2016-03-11 23,23,17164,5,0
2016-03-12 00,0,15374,6,1
2016-03-12 01,1,14519,6,1
2016-03-12 02,2,13844,6,1
2016-03-12 03,3,13580,6,1
2016-03-12 04,4,13547,6,1
2016-03-12 05,5,13952,6,1
2016-03-12 06,6,14335,6,1
2016-03-12 07,7,15760,6,1
2016-03-12 08,8,17115,6,1
2016-03-12 09,9,17872,6,1
2016-03-12 10,10,18050,6,1
2016-03-12 11,11,17573,6,1
2016-03-12 12,12,16976,6,1
2016-03-12 13,13,16926,6,1
2016-03-12 14,14,16725,6,1
2016-03-12 15,15,17010,6,1
2016-03-12 16,16,17217,6,1
2016-03-12 17,17,17411,6,1
2016-03-12 18,18,18054,6,1
2016-03-12 19,19,18317,6,1
2016-03-12 20,20,18358,6,1
2016-03-12 21,21,18103,6,1
2016-03-12 22,22,17422,6,1
2016-03-12 23,23,15986,6,1
2016-03-13 00,0,14506,7,1
2016-03-13 01,1,13775,7,1
2016-03-13 02,2,13131,7,1
2016-03-13 03,3,12786,7,1
2016-03-13 04,4,12868,7,1
2016-03-13 05,5,13155,7,1
2016-03-13 06,6,13478,7,1
2016-03-13 07,7,14349,7,1
2016-03-13 08,8,15424,7,1
2016-03-13 09,9,16403,7,1
2016-03-13 10,10,16911,7,1
2016-03-13 11,11,16869,7,1
2016-03-13 12,12,16737,7,1
2016-03-13 13,13,16731,7,1
2016-03-13 14,14,16638,7,1
2016-03-13 15,15,16688,7,1
2016-03-13 16,16,16688,7,1
2016-03-13 17,17,16244,7,1
2016-03-13 18,18,16449,7,1
2016-03-13 19,19,16545,7,1
2016-03-13 20,20,16554,7,1
2016-03-13 21,21,16165,7,1
2016-03-13 22,22,15516,7,1
2016-03-13 23,23,14632,7,1
2016-03-14 00,0,13562,1,0
2016-03-14 01,1,12680,1,0
2016-03-14 02,2,12178,1,0
2016-03-14 03,3,12102,1,0
2016-03-14 04,4,12430,1,0
2016-03-14 05,5,13184,1,0
2016-03-14 06,6,14088,1,0
2016-03-14 07,7,15661,1,0
2016-03-14 08,8,17457,1,0
2016-03-14 09,9,18855,1,0
2016-03-14 10,10,18998,1,0
2016-03-14 11,11,18541,1,0
2016-03-14 12,12,17665,1,0
2016-03-14 13,13,17849,1,0
2016-03-14 14,14,17851,1,0
2016-03-14 15,15,18183,1,0
2016-03-14 16,16,18272,1,0
2016-03-14 17,17,17871,1,0
2016-03-14 18,18,17683,1,0
2016-03-14 19,19,17682,1,0
2016-03-14 20,20,17597,1,0
2016-03-14 21,21,17312,1,0
2016-03-14 22,22,16513,1,0
2016-03-14 23,23,15577,1,0
2016-03-15 00,0,14424,2,0
2016-03-15 01,1,13981,2,0
2016-03-15 02,2,13516,2,0
2016-03-15 03,3,13276,2,0
2016-03-15 04,4,13384,2,0
2016-03-15 05,5,14109,2,0
2016-03-15 06,6,15269,2,0
2016-03-15 07,7,17161,2,0
2016-03-15 08,8,19135,2,0
2016-03-15 09,9,19497,2,0
2016-03-15 10,10,19675,2,0
2016-03-15 11,11,19332,2,0
2016-03-15 12,12,18549,2,0
2016-03-15 13,13,18568,2,0
2016-03-15 14,14,18369,2,0
2016-03-15 15,15,18431,2,0
2016-03-15 16,16,18459,2,0
2016-03-15 17,17,18607,2,0
2016-03-15 18,18,19184,2,0
2016-03-15 19,19,19366,2,0
2016-03-15 20,20,19319,2,0
2016-03-15 21,21,18932,2,0
2016-03-15 22,22,17935,2,0
2016-03-15 23,23,16136,2,0
2016-03-16 00,0,14536,3,0
2016-03-16 01,1,13579,3,0
2016-03-16 02,2,13110,3,0
2016-03-16 03,3,12984,3,0
2016-03-16 04,4,12997,3,0
2016-03-16 05,5,13810,3,0
2016-03-16 06,6,14996,3,0
2016-03-16 07,7,16626,3,0
2016-03-16 08,8,18191,3,0
2016-03-16 09,9,18549,3,0
2016-03-16 10,10,18709,3,0
2016-03-16 11,11,18180,3,0
2016-03-16 12,12,17529,3,0
2016-03-16 13,13,17536,3,0
2016-03-16 14,14,17269,3,0
2016-03-16 15,15,17295,3,0
2016-03-16 16,16,17405,3,0
2016-03-16 17,17,17221,3,0
2016-03-16 18,18,17852,3,0
2016-03-16 19,19,17956,3,0
2016-03-16 20,20,17787,3,0
2016-03-16 21,21,17538,3,0
2016-03-16 22,22,16715,3,0
2016-03-16 23,23,15262,3,0
2016-03-17 00,0,13811,4,0
2016-03-17 01,1,13140,4,0
2016-03-17 02,2,12805,4,0
2016-03-17 03,3,12461,4,0
2016-03-17 04,4,12584,4,0
2016-03-17 05,5,13411,4,0
2016-03-17 06,6,14710,4,0
2016-03-17 07,7,16208,4,0
2016-03-17 08,8,18193,4,0
2016-03-17 09,9,18703,4,0
2016-03-17 10,10,18789,4,0
2016-03-17 11,11,18387,4,0
2016-03-17 12,12,17695,4,0
2016-03-17 13,13,17749,4,0
2016-03-17 14,14,17541,4,0
2016-03-17 15,15,17518,4,0
2016-03-17 16,16,17539,4,0
2016-03-17 17,17,17136,4,0
2016-03-17 18,18,17529,4,0
2016-03-17 19,19,17639,4,0
2016-03-17 20,20,17573,4,0
2016-03-17 21,21,17104,4,0
2016-03-17 22,22,16284,4,0
2016-03-17 23,23,14857,4,0
2016-03-18 00,0,13695,5,0
2016-03-18 01,1,12865,5,0
2016-03-18 02,2,12526,5,0
2016-03-18 03,3,12245,5,0
2016-03-18 04,4,12334,5,0
2016-03-18 05,5,12978,5,0
2016-03-18 06,6,14178,5,0
2016-03-18 07,7,15728,5,0
2016-03-18 08,8,17423,5,0
2016-03-18 09,9,18047,5,0
2016-03-18 10,10,18169,5,0
2016-03-18 11,11,17728,5,0
2016-03-18 12,12,17273,5,0
2016-03-18 13,13,17361,5,0
2016-03-18 14,14,17249,5,0
2016-03-18 15,15,17334,5,0
2016-03-18 16,16,17464,5,0
2016-03-18 17,17,17081,5,0
2016-03-18 18,18,17198,5,0
2016-03-18 19,19,17174,5,0
2016-03-18 20,20,16866,5,0
2016-03-18 21,21,16484,5,0
2016-03-18 22,22,15877,5,0
2016-03-18 23,23,14702,5,0
2016-03-19 00,0,13509,6,1
2016-03-19 01,1,12833,6,1
2016-03-19 02,2,12334,6,1
2016-03-19 03,3,12032,6,1
2016-03-19 04,4,12116,6,1
2016-03-19 05,5,12566,6,1
2016-03-19 06,6,13048,6,1
2016-03-19 07,7,14287,6,1
2016-03-19 08,8,15740,6,1
2016-03-19 09,9,16557,6,1
2016-03-19 10,10,16851,6,1
2016-03-19 11,11,16531,6,1
2016-03-19 12,12,15974,6,1
2016-03-19 13,13,16072,6,1
2016-03-19 14,14,15767,6,1
2016-03-19 15,15,15999,6,1
2016-03-19 16,16,16037,6,1
2016-03-19 17,17,16033,6,1
2016-03-19 18,18,16525,6,1
2016-03-19 19,19,16509,6,1
2016-03-19 20,20,16362,6,1
2016-03-19 21,21,15998,6,1
2016-03-19 22,22,15522,6,1
2016-03-19 23,23,14362,6,1
2016-03-20 00,0,13126,7,1
2016-03-20 01,1,12561,7,1
2016-03-20 02,2,12156,7,1
2016-03-20 03,3,11919,7,1
2016-03-20 04,4,11895,7,1
2016-03-20 05,5,12324,7,1
2016-03-20 06,6,12687,7,1
2016-03-20 07,7,13525,7,1
2016-03-20 08,8,14509,7,1
2016-03-20 09,9,15126,7,1
2016-03-20 10,10,15260,7,1
2016-03-20 11,11,14927,7,1
2016-03-20 12,12,14385,7,1
2016-03-20 13,13,14458,7,1
2016-03-20 14,14,14419,7,1
2016-03-20 15,15,14645,7,1
2016-03-20 16,16,15304,7,1
2016-03-20 17,17,15458,7,1
2016-03-20 18,18,15906,7,1
2016-03-20 19,19,15984,7,1
2016-03-20 20,20,15953,7,1
2016-03-20 21,21,15659,7,1
2016-03-20 22,22,14966,7,1
2016-03-20 23,23,13792,7,1
2016-03-21 00,0,12713,1,0
2016-03-21 01,1,12036,1,0
2016-03-21 02,2,11637,1,0
2016-03-21 03,3,11568,1,0
2016-03-21 04,4,11734,1,0
2016-03-21 05,5,12492,1,0
2016-03-21 06,6,13817,1,0
2016-03-21 07,7,15657,1,0
2016-03-21 08,8,17438,1,0
2016-03-21 09,9,18082,1,0
2016-03-21 10,10,18212,1,0
2016-03-21 11,11,17780,1,0
2016-03-21 12,12,17206,1,0
2016-03-21 13,13,17297,1,0
2016-03-21 14,14,17252,1,0
2016-03-21 15,15,17440,1,0
2016-03-21 16,16,17534,1,0
2016-03-21 17,17,17170,1,0
2016-03-21 18,18,17619,1,0
2016-03-21 19,19,17595,1,0
2016-03-21 20,20,17342,1,0
2016-03-21 21,21,17007,1,0
2016-03-21 22,22,16100,1,0
2016-03-21 23,23,14707,1,0
2016-03-22 00,0,13564,2,0
2016-03-22 01,1,12743,2,0
2016-03-22 02,2,12318,2,0
2016-03-22 03,3,12175,2,0
2016-03-22 04,4,12330,2,0
2016-03-22 05,5,12910,2,0
2016-03-22 06,6,14155,2,0
2016-03-22 07,7,15887,2,0
2016-03-22 08,8,17801,2,0
2016-03-22 09,9,18321,2,0
2016-03-22 10,10,18600,2,0
2016-03-22 11,11,18136,2,0
2016-03-22 12,12,17766,2,0
2016-03-22 13,13,17829,2,0
2016-03-22 14,14,17677,2,0
2016-03-22 15,15,17892,2,0
2016-03-22 16,16,17975,2,0
2016-03-22 17,17,17665,2,0
2016-03-22 18,18,17568,2,0
2016-03-22 19,19,17565,2,0
2016-03-22 20,20,17184,2,0
2016-03-22 21,21,16847,2,0
2016-03-22 22,22,16113,2,0
2016-03-22 23,23,14935,2,0
2016-03-23 00,0,13666,3,0
2016-03-23 01,1,13038,3,0
2016-03-23 02,2,12607,3,0
2016-03-23 03,3,12462,3,0
2016-03-23 04,4,12492,3,0
2016-03-23 05,5,13160,3,0
2016-03-23 06,6,14464,3,0
2016-03-23 07,7,16212,3,0
2016-03-23 08,8,18173,3,0
2016-03-23 09,9,18893,3,0
2016-03-23 10,10,19062,3,0
2016-03-23 11,11,18453,3,0
2016-03-23 12,12,18067,3,0
2016-03-23 13,13,18085,3,0
2016-03-23 14,14,17938,3,0
2016-03-23 15,15,18160,3,0
2016-03-23 16,16,18196,3,0
2016-03-23 17,17,17854,3,0
2016-03-23 18,18,17870,3,0
2016-03-23 19,19,17870,3,0
2016-03-23 20,20,17486,3,0
2016-03-23 21,21,17141,3,0
2016-03-23 22,22,16417,3,0
2016-03-23 23,23,15492,3,0
2016-03-24 00,0,14073,4,0
2016-03-24 01,1,13334,4,0
2016-03-24 02,2,12811,4,0
2016-03-24 03,3,12695,4,0
2016-03-24 04,4,12849,4,0
2016-03-24 05,5,13423,4,0
2016-03-24 06,6,14772,4,0
2016-03-24 07,7,16560,4,0
2016-03-24 08,8,18540,4,0
2016-03-24 09,9,19167,4,0
2016-03-24 10,10,19263,4,0
2016-03-24 11,11,18790,4,0
2016-03-24 12,12,18172,4,0
2016-03-24 13,13,18439,4,0
2016-03-24 14,14,18164,4,0
2016-03-24 15,15,18501,4,0
2016-03-24 16,16,18564,4,0
2016-03-24 17,17,18143,4,0
2016-03-24 18,18,18314,4,0
2016-03-24 19,19,18312,4,0
2016-03-24 20,20,17932,4,0
2016-03-24 21,21,17588,4,0
2016-03-24 22,22,16859,4,0
2016-03-24 23,23,15689,4,0
2016-03-25 00,0,14414,5,0
2016-03-25 01,1,13691,5,0
2016-03-25 02,2,13204,5,0
2016-03-25 03,3,12934,5,0
2016-03-25 04,4,13148,5,0
2016-03-25 05,5,13777,5,0
2016-03-25 06,6,14746,5,0
2016-03-25 07,7,16501,5,0
2016-03-25 08,8,18336,5,0
2016-03-25 09,9,18800,5,0
2016-03-25 10,10,19041,5,0
2016-03-25 11,11,18523,5,0
2016-03-25 12,12,17915,5,0
2016-03-25 13,13,18049,5,0
2016-03-25 14,14,17627,5,0
2016-03-25 15,15,17704,5,0
2016-03-25 16,16,17650,5,0
2016-03-25 17,17,17846,5,0
2016-03-25 18,18,18154,5,0
2016-03-25 19,19,18150,5,0
2016-03-25 20,20,18001,5,0
2016-03-25 21,21,17568,5,0
2016-03-25 22,22,16956,5,0
2016-03-25 23,23,15672,5,0
2016-03-26 00,0,14009,6,1
2016-03-26 01,1,13342,6,1
2016-03-26 02,2,12821,6,1
2016-03-26 03,3,12676,6,1
2016-03-26 04,4,12620,6,1
2016-03-26 05,5,13088,6,1
2016-03-26 06,6,13557,6,1
2016-03-26 07,7,14742,6,1
2016-03-26 08,8,16045,6,1
2016-03-26 09,9,16557,6,1
2016-03-26 10,10,16707,6,1
2016-03-26 11,11,16440,6,1
2016-03-26 12,12,15694,6,1
2016-03-26 13,13,15851,6,1
2016-03-26 14,14,15675,6,1
2016-03-26 15,15,15849,6,1
2016-03-26 16,16,15944,6,1
2016-03-26 17,17,15962,6,1
2016-03-26 18,18,16520,6,1
2016-03-26 19,19,16576,6,1
2016-03-26 20,20,16640,6,1
2016-03-26 21,21,16328,6,1
2016-03-26 22,22,15700,6,1
2016-03-26 23,23,14750,6,1
2016-03-27 00,0,13369,7,1
2016-03-27 01,1,12554,7,1
2016-03-27 02,2,12037,7,1
2016-03-27 03,3,11972,7,1
2016-03-27 04,4,12125,7,1
2016-03-27 05,5,12403,7,1
2016-03-27 06,6,12779,7,1
2016-03-27 07,7,13710,7,1
2016-03-27 08,8,14659,7,1
2016-03-27 09,9,15237,7,1
2016-03-27 10,10,15365,7,1
2016-03-27 11,11,15156,7,1
2016-03-27 12,12,14635,7,1
2016-03-27 13,13,14642,7,1
2016-03-27 14,14,14489,7,1
2016-03-27 15,15,14682,7,1
2016-03-27 16,16,14919,7,1
2016-03-27 17,17,15147,7,1
2016-03-27 18,18,15581,7,1
2016-03-27 19,19,15753,7,1
2016-03-27 20,20,15795,7,1
2016-03-27 21,21,15550,7,1
2016-03-27 22,22,14729,7,1
2016-03-27 23,23,13751,7,1
2016-03-28 00,0,12647,1,0
2016-03-28 01,1,11908,1,0
2016-03-28 02,2,11553,1,0
2016-03-28 03,3,11505,1,0
2016-03-28 04,4,11823,1,0
2016-03-28 05,5,12614,1,0
2016-03-28 06,6,13821,1,0
2016-03-28 07,7,15634,1,0
2016-03-28 08,8,17236,1,0
2016-03-28 09,9,17674,1,0
2016-03-28 10,10,17935,1,0
2016-03-28 11,11,17239,1,0
2016-03-28 12,12,16658,1,0
2016-03-28 13,13,16804,1,0
2016-03-28 14,14,16644,1,0
2016-03-28 15,15,16786,1,0
2016-03-28 16,16,16787,1,0
2016-03-28 17,17,16771,1,0
2016-03-28 18,18,17281,1,0
2016-03-28 19,19,17203,1,0
2016-03-28 20,20,17047,1,0
2016-03-28 21,21,16625,1,0
2016-03-28 22,22,15808,1,0
2016-03-28 23,23,14378,1,0
2016-03-29 00,0,13283,2,0
2016-03-29 01,1,12607,2,0
2016-03-29 02,2,12259,2,0
2016-03-29 03,3,12023,2,0
2016-03-29 04,4,12249,2,0
2016-03-29 05,5,13017,2,0
2016-03-29 06,6,13939,2,0
2016-03-29 07,7,15374,2,0
2016-03-29 08,8,16996,2,0
2016-03-29 09,9,17351,2,0
2016-03-29 10,10,17452,2,0
2016-03-29 11,11,17035,2,0
2016-03-29 12,12,16519,2,0
2016-03-29 13,13,16577,2,0
2016-03-29 14,14,16527,2,0
2016-03-29 15,15,16770,2,0
2016-03-29 16,16,17101,2,0
2016-03-29 17,17,16819,2,0
2016-03-29 18,18,17119,2,0
2016-03-29 19,19,17079,2,0
2016-03-29 20,20,16778,2,0
2016-03-29 21,21,16431,2,0
2016-03-29 22,22,15610,2,0
2016-03-29 23,23,14178,2,0
2016-03-30 00,0,13049,3,0
2016-03-30 01,1,12405,3,0
2016-03-30 02,2,11910,3,0
2016-03-30 03,3,11704,3,0
2016-03-30 04,4,12182,3,0
2016-03-30 05,5,12726,3,0
2016-03-30 06,6,13707,3,0
2016-03-30 07,7,15322,3,0
2016-03-30 08,8,16827,3,0
2016-03-30 09,9,17546,3,0
2016-03-30 10,10,17620,3,0
2016-03-30 11,11,17184,3,0
2016-03-30 12,12,16742,3,0
2016-03-30 13,13,16834,3,0
2016-03-30 14,14,16711,3,0
2016-03-30 15,15,16898,3,0
2016-03-30 16,16,17023,3,0
2016-03-30 17,17,16689,3,0
2016-03-30 18,18,17142,3,0
2016-03-30 19,19,17033,3,0
2016-03-30 20,20,16636,3,0
2016-03-30 21,21,16329,3,0
2016-03-30 22,22,15513,3,0
2016-03-30 23,23,14103,3,0
2016-03-31 00,0,13027,4,0
2016-03-31 01,1,12504,4,0
2016-03-31 02,2,12029,4,0
2016-03-31 03,3,11860,4,0
2016-03-31 04,4,12089,4,0
2016-03-31 05,5,12712,4,0
2016-03-31 06,6,13631,4,0
2016-03-31 07,7,15356,4,0
2016-03-31 08,8,17073,4,0
2016-03-31 09,9,17728,4,0
2016-03-31 10,10,17783,4,0
2016-03-31 11,11,17442,4,0
2016-03-31 12,12,16866,4,0
2016-03-31 13,13,16890,4,0
2016-03-31 14,14,16797,4,0
2016-03-31 15,15,16856,4,0
2016-03-31 16,16,16859,4,0
2016-03-31 17,17,16794,4,0
2016-03-31 18,18,16849,4,0
2016-03-31 19,19,16847,4,0
2016-03-31 20,20,16665,4,0
2016-03-31 21,21,16334,4,0
2016-03-31 22,22,15501,4,0
2016-03-31 23,23,14237,4,0
2016-04-01 00,0,13114,5,0
2016-04-01 01,1,12560,5,0
2016-04-01 02,2,12148,5,0
2016-04-01 03,3,11975,5,0
2016-04-01 04,4,12078,5,0
2016-04-01 05,5,12823,5,0
2016-04-01 06,6,13837,5,0
2016-04-01 07,7,15482,5,0
2016-04-01 08,8,16878,5,0
2016-04-01 09,9,17382,5,0
2016-04-01 10,10,17548,5,0
2016-04-01 11,11,17093,5,0
2016-04-01 12,12,16429,5,0
2016-04-01 13,13,16565,5,0
2016-04-01 14,14,16279,5,0
2016-04-01 15,15,16440,5,0
2016-04-01 16,16,16381,5,0
2016-04-01 17,17,16581,5,0
2016-04-01 18,18,16815,5,0
2016-04-01 19,19,16777,5,0
2016-04-01 20,20,16383,5,0
2016-04-01 21,21,16023,5,0
2016-04-01 22,22,15305,5,0
2016-04-01 23,23,14133,5,0
2016-04-02 00,0,13040,6,1
2016-04-02 01,1,12105,6,1
2016-04-02 02,2,11584,6,1
2016-04-02 03,3,11372,6,1
2016-04-02 04,4,11500,6,1
2016-04-02 05,5,11708,6,1
2016-04-02 06,6,12057,6,1
2016-04-02 07,7,13350,6,1
2016-04-02 08,8,14456,6,1
2016-04-02 09,9,15088,6,1
2016-04-02 10,10,15150,6,1
2016-04-02 11,11,15171,6,1
2016-04-02 12,12,14813,6,1
2016-04-02 13,13,14983,6,1
2016-04-02 14,14,14843,6,1
2016-04-02 15,15,14900,6,1
2016-04-02 16,16,14904,6,1
2016-04-02 17,17,14598,6,1
2016-04-02 18,18,15042,6,1
2016-04-02 19,19,15044,6,1
2016-04-02 20,20,14928,6,1
2016-04-02 21,21,14631,6,1
2016-04-02 22,22,13999,6,1
2016-04-02 23,23,13136,6,1
2016-04-03 00,0,11938,7,1
2016-04-03 01,1,11162,7,1
2016-04-03 02,2,10869,7,1
2016-04-03 03,3,10752,7,1
2016-04-03 04,4,10883,7,1
2016-04-03 05,5,11089,7,1
2016-04-03 06,6,11436,7,1
2016-04-03 07,7,12603,7,1
2016-04-03 08,8,13480,7,1
2016-04-03 09,9,14169,7,1
2016-04-03 10,10,14396,7,1
2016-04-03 11,11,14219,7,1
2016-04-03 12,12,13786,7,1
2016-04-03 13,13,13853,7,1
2016-04-03 14,14,13832,7,1
2016-04-03 15,15,14134,7,1
2016-04-03 16,16,14212,7,1
2016-04-03 17,17,13987,7,1
2016-04-03 18,18,14432,7,1
2016-04-03 19,19,14435,7,1
2016-04-03 20,20,14315,7,1
2016-04-03 21,21,13985,7,1
2016-04-03 22,22,13386,7,1
2016-04-03 23,23,12549,7,1
2016-04-04 00,0,11647,1,-1
2016-04-04 01,1,10652,1,-1
2016-04-04 02,2,10354,1,-1
2016-04-04 03,3,10236,1,-1
2016-04-04 04,4,10372,1,-1
2016-04-04 05,5,10575,1,-1
2016-04-04 06,6,10943,1,-1
2016-04-04 07,7,11446,1,-1
2016-04-04 08,8,12259,1,-1
2016-04-04 09,9,12787,1,-1
2016-04-04 10,10,13023,1,-1
2016-04-04 11,11,12776,1,-1
2016-04-04 12,12,12427,1,-1
2016-04-04 13,13,12355,1,-1
2016-04-04 14,14,12228,1,-1
2016-04-04 15,15,12380,1,-1
2016-04-04 16,16,12944,1,-1
2016-04-04 17,17,13115,1,-1
2016-04-04 18,18,13553,1,-1
2016-04-04 19,19,13555,1,-1
2016-04-04 20,20,13300,1,-1
2016-04-04 21,21,13004,1,-1
2016-04-04 22,22,12383,1,-1
2016-04-04 23,23,11961,1,-1
2016-04-05 00,0,11145,2,0
2016-04-05 01,1,10164,2,0
2016-04-05 02,2,10009,2,0
2016-04-05 03,3,10014,2,0
2016-04-05 04,4,10263,2,0
2016-04-05 05,5,11167,2,0
2016-04-05 06,6,12565,2,0
2016-04-05 07,7,14369,2,0
2016-04-05 08,8,16234,2,0
2016-04-05 09,9,17061,2,0
2016-04-05 10,10,17201,2,0
2016-04-05 11,11,16955,2,0
2016-04-05 12,12,16638,2,0
2016-04-05 13,13,16727,2,0
2016-04-05 14,14,16507,2,0
2016-04-05 15,15,16602,2,0
2016-04-05 16,16,16646,2,0
2016-04-05 17,17,16628,2,0
2016-04-05 18,18,17026,2,0
2016-04-05 19,19,17027,2,0
2016-04-05 20,20,16549,2,0
2016-04-05 21,21,15932,2,0
2016-04-05 22,22,15094,2,0
2016-04-05 23,23,13953,2,0
2016-04-06 00,0,12969,3,0
2016-04-06 01,1,12380,3,0
2016-04-06 02,2,11968,3,0
2016-04-06 03,3,11793,3,0
2016-04-06 04,4,11938,3,0
2016-04-06 05,5,12607,3,0
2016-04-06 06,6,13559,3,0
2016-04-06 07,7,15265,3,0
2016-04-06 08,8,17177,3,0
2016-04-06 09,9,18046,3,0
2016-04-06 10,10,18094,3,0
2016-04-06 11,11,17696,3,0
2016-04-06 12,12,17118,3,0
2016-04-06 13,13,17276,3,0
2016-04-06 14,14,17116,3,0
2016-04-06 15,15,17271,3,0
2016-04-06 16,16,17343,3,0
2016-04-06 17,17,16981,3,0
2016-04-06 18,18,17057,3,0
2016-04-06 19,19,17081,3,0
2016-04-06 20,20,16811,3,0
2016-04-06 21,21,16357,3,0
2016-04-06 22,22,15387,3,0
2016-04-06 23,23,14309,3,0
2016-04-07 00,0,13143,4,0
2016-04-07 01,1,12622,4,0
2016-04-07 02,2,12168,4,0
2016-04-07 03,3,12023,4,0
2016-04-07 04,4,12183,4,0
2016-04-07 05,5,12831,4,0
2016-04-07 06,6,13767,4,0
2016-04-07 07,7,15457,4,0
2016-04-07 08,8,17256,4,0
2016-04-07 09,9,17987,4,0
2016-04-07 10,10,18141,4,0
2016-04-07 11,11,17722,4,0
2016-04-07 12,12,17109,4,0
2016-04-07 13,13,17151,4,0
2016-04-07 14,14,16953,4,0
2016-04-07 15,15,17070,4,0
2016-04-07 16,16,17263,4,0
2016-04-07 17,17,16877,4,0
2016-04-07 18,18,17148,4,0
2016-04-07 19,19,17217,4,0
2016-04-07 20,20,16868,4,0
2016-04-07 21,21,16369,4,0
2016-04-07 22,22,15577,4,0
2016-04-07 23,23,14343,4,0
2016-04-08 00,0,13146,5,0
2016-04-08 01,1,12452,5,0
2016-04-08 02,2,12079,5,0
2016-04-08 03,3,11880,5,0
2016-04-08 04,4,12122,5,0
2016-04-08 05,5,12876,5,0
2016-04-08 06,6,13724,5,0
2016-04-08 07,7,15285,5,0
2016-04-08 08,8,16899,5,0
2016-04-08 09,9,17476,5,0
2016-04-08 10,10,17481,5,0
2016-04-08 11,11,17042,5,0
2016-04-08 12,12,16609,5,0
2016-04-08 13,13,16776,5,0
2016-04-08 14,14,16542,5,0
2016-04-08 15,15,16701,5,0
2016-04-08 16,16,16841,5,0
2016-04-08 17,17,16564,5,0
2016-04-08 18,18,16885,5,0
2016-04-08 19,19,16888,5,0
2016-04-08 20,20,16609,5,0
2016-04-08 21,21,16022,5,0
2016-04-08 22,22,15479,5,0
2016-04-08 23,23,14527,5,0
2016-04-09 00,0,12982,6,1
2016-04-09 01,1,12428,6,1
2016-04-09 02,2,12040,6,1
2016-04-09 03,3,11794,6,1
2016-04-09 04,4,11856,6,1
2016-04-09 05,5,12439,6,1
2016-04-09 06,6,12748,6,1
2016-04-09 07,7,14067,6,1
2016-04-09 08,8,15313,6,1
2016-04-09 09,9,15966,6,1
2016-04-09 10,10,15983,6,1
2016-04-09 11,11,15706,6,1
2016-04-09 12,12,15293,6,1
2016-04-09 13,13,15444,6,1
2016-04-09 14,14,15275,6,1
2016-04-09 15,15,15394,6,1
2016-04-09 16,16,15534,6,1
2016-04-09 17,17,15194,6,1
2016-04-09 18,18,15743,6,1
2016-04-09 19,19,15749,6,1
2016-04-09 20,20,15737,6,1
2016-04-09 21,21,15443,6,1
2016-04-09 22,22,14802,6,1
2016-04-09 23,23,13800,6,1
2016-04-10 00,0,12495,7,1
2016-04-10 01,1,12115,7,1
2016-04-10 02,2,11733,7,1
2016-04-10 03,3,11495,7,1
2016-04-10 04,4,11648,7,1
2016-04-10 05,5,11959,7,1
2016-04-10 06,6,12137,7,1
2016-04-10 07,7,12983,7,1
2016-04-10 08,8,14011,7,1
2016-04-10 09,9,14704,7,1
2016-04-10 10,10,14906,7,1
2016-04-10 11,11,14636,7,1
2016-04-10 12,12,14292,7,1
2016-04-10 13,13,14248,7,1
2016-04-10 14,14,14142,7,1
2016-04-10 15,15,14430,7,1
2016-04-10 16,16,14499,7,1
2016-04-10 17,17,14365,7,1
2016-04-10 18,18,15124,7,1
2016-04-10 19,19,15201,7,1
2016-04-10 20,20,15213,7,1
2016-04-10 21,21,14856,7,1
2016-04-10 22,22,14114,7,1
2016-04-10 23,23,13083,7,1
2016-04-11 00,0,12197,1,0
2016-04-11 01,1,11561,1,0
2016-04-11 02,2,11140,1,0
2016-04-11 03,3,11088,1,0
2016-04-11 04,4,11276,1,0
2016-04-11 05,5,12066,1,0
2016-04-11 06,6,13149,1,0
2016-04-11 07,7,14701,1,0
2016-04-11 08,8,16599,1,0
2016-04-11 09,9,17260,1,0
2016-04-11 10,10,17364,1,0
2016-04-11 11,11,16892,1,0
2016-04-11 12,12,16380,1,0
2016-04-11 13,13,16492,1,0
2016-04-11 14,14,16407,1,0
2016-04-11 15,15,16603,1,0
2016-04-11 16,16,16564,1,0
2016-04-11 17,17,16415,1,0
2016-04-11 18,18,16844,1,0
2016-04-11 19,19,16784,1,0
2016-04-11 20,20,16458,1,0
2016-04-11 21,21,15963,1,0
2016-04-11 22,22,15043,1,0
2016-04-11 23,23,13838,1,0
2016-04-12 00,0,12887,2,0
2016-04-12 01,1,12310,2,0
2016-04-12 02,2,11982,2,0
2016-04-12 03,3,11642,2,0
2016-04-12 04,4,11864,2,0
2016-04-12 05,5,12542,2,0
2016-04-12 06,6,13394,2,0
2016-04-12 07,7,14878,2,0
2016-04-12 08,8,16706,2,0
2016-04-12 09,9,17439,2,0
2016-04-12 10,10,17683,2,0
2016-04-12 11,11,17118,2,0
2016-04-12 12,12,16776,2,0
2016-04-12 13,13,16976,2,0
2016-04-12 14,14,16783,2,0
2016-04-12 15,15,16822,2,0
2016-04-12 16,16,16900,2,0
2016-04-12 17,17,16608,2,0
2016-04-12 18,18,16839,2,0
2016-04-12 19,19,16708,2,0
2016-04-12 20,20,16479,2,0
2016-04-12 21,21,16178,2,0
2016-04-12 22,22,15386,2,0
2016-04-12 23,23,13943,2,0
2016-04-13 00,0,12925,3,0
2016-04-13 01,1,12249,3,0
2016-04-13 02,2,11890,3,0
2016-04-13 03,3,11715,3,0
2016-04-13 04,4,11784,3,0
2016-04-13 05,5,12465,3,0
2016-04-13 06,6,13484,3,0
2016-04-13 07,7,14931,3,0
2016-04-13 08,8,16787,3,0
2016-04-13 09,9,17159,3,0
2016-04-13 10,10,17470,3,0
2016-04-13 11,11,16919,3,0
2016-04-13 12,12,16355,3,0
2016-04-13 13,13,16595,3,0
2016-04-13 14,14,16438,3,0
2016-04-13 15,15,16597,3,0
2016-04-13 16,16,16761,3,0
2016-04-13 17,17,16414,3,0
2016-04-13 18,18,16801,3,0
2016-04-13 19,19,16804,3,0
2016-04-13 20,20,16512,3,0
2016-04-13 21,21,16009,3,0
2016-04-13 22,22,15191,3,0
2016-04-13 23,23,13923,3,0
2016-04-14 00,0,12883,4,0
2016-04-14 01,1,12159,4,0
2016-04-14 02,2,11880,4,0
2016-04-14 03,3,11587,4,0
2016-04-14 04,4,11924,4,0
2016-04-14 05,5,12531,4,0
2016-04-14 06,6,13548,4,0
2016-04-14 07,7,15012,4,0
2016-04-14 08,8,16631,4,0
2016-04-14 09,9,17200,4,0
2016-04-14 10,10,17380,4,0
2016-04-14 11,11,16850,4,0
2016-04-14 12,12,16485,4,0
2016-04-14 13,13,16602,4,0
2016-04-14 14,14,16462,4,0
2016-04-14 15,15,16565,4,0
2016-04-14 16,16,16694,4,0
2016-04-14 17,17,16339,4,0
2016-04-14 18,18,16600,4,0
2016-04-14 19,19,16596,4,0
2016-04-14 20,20,16310,4,0
2016-04-14 21,21,15821,4,0
2016-04-14 22,22,14997,4,0
2016-04-14 23,23,13768,4,0
2016-04-15 00,0,12793,5,0
2016-04-15 01,1,12137,5,0
2016-04-15 02,2,11728,5,0
2016-04-15 03,3,11558,5,0
2016-04-15 04,4,11773,5,0
2016-04-15 05,5,12376,5,0
2016-04-15 06,6,13375,5,0
2016-04-15 07,7,14972,5,0
2016-04-15 08,8,16523,5,0
2016-04-15 09,9,17097,5,0
2016-04-15 10,10,17122,5,0
2016-04-15 11,11,16848,5,0
2016-04-15 12,12,16268,5,0
2016-04-15 13,13,16420,5,0
2016-04-15 14,14,16183,5,0
2016-04-15 15,15,16449,5,0
2016-04-15 16,16,16596,5,0
2016-04-15 17,17,16402,5,0
2016-04-15 18,18,16907,5,0
2016-04-15 19,19,16908,5,0
2016-04-15 20,20,16531,5,0
2016-04-15 21,21,16086,5,0
2016-04-15 22,22,15285,5,0
2016-04-15 23,23,13797,5,0
2016-04-16 00,0,12738,6,1
2016-04-16 01,1,12005,6,1
2016-04-16 02,2,11590,6,1
2016-04-16 03,3,11509,6,1
2016-04-16 04,4,11525,6,1
2016-04-16 05,5,11950,6,1
2016-04-16 06,6,12285,6,1
2016-04-16 07,7,13319,6,1
2016-04-16 08,8,14925,6,1
2016-04-16 09,9,15986,6,1
2016-04-16 10,10,16172,6,1
2016-04-16 11,11,15962,6,1
2016-04-16 12,12,15252,6,1
2016-04-16 13,13,15396,6,1
2016-04-16 14,14,15079,6,1
2016-04-16 15,15,15256,6,1
2016-04-16 16,16,15448,6,1
2016-04-16 17,17,15376,6,1
2016-04-16 18,18,15698,6,1
2016-04-16 19,19,15634,6,1
2016-04-16 20,20,15302,6,1
2016-04-16 21,21,14906,6,1
2016-04-16 22,22,14213,6,1
2016-04-16 23,23,13281,6,1
2016-04-17 00,0,12208,7,1
2016-04-17 01,1,11548,7,1
2016-04-17 02,2,11297,7,1
2016-04-17 03,3,11113,7,1
2016-04-17 04,4,11313,7,1
2016-04-17 05,5,11526,7,1
2016-04-17 06,6,11889,7,1
2016-04-17 07,7,12505,7,1
2016-04-17 08,8,13557,7,1
2016-04-17 09,9,14178,7,1
2016-04-17 10,10,14368,7,1
2016-04-17 11,11,14198,7,1
2016-04-17 12,12,13802,7,1
2016-04-17 13,13,13801,7,1
2016-04-17 14,14,13658,7,1
2016-04-17 15,15,13788,7,1
2016-04-17 16,16,14196,7,1
2016-04-17 17,17,14284,7,1
2016-04-17 18,18,14762,7,1
2016-04-17 19,19,14799,7,1
2016-04-17 20,20,14565,7,1
2016-04-17 21,21,14324,7,1
2016-04-17 22,22,13668,7,1
2016-04-17 23,23,12585,7,1
2016-04-18 00,0,11796,1,0
2016-04-18 01,1,11227,1,0
2016-04-18 02,2,10808,1,0
2016-04-18 03,3,10708,1,0
2016-04-18 04,4,10947,1,0
2016-04-18 05,5,11743,1,0
2016-04-18 06,6,12817,1,0
2016-04-18 07,7,14417,1,0
2016-04-18 08,8,16067,1,0
2016-04-18 09,9,16621,1,0
2016-04-18 10,10,16931,1,0
2016-04-18 11,11,16661,1,0
2016-04-18 12,12,16221,1,0
2016-04-18 13,13,16378,1,0
2016-04-18 14,14,16216,1,0
2016-04-18 15,15,16292,1,0
2016-04-18 16,16,16413,1,0
2016-04-18 17,17,16055,1,0
2016-04-18 18,18,16339,1,0
2016-04-18 19,19,16433,1,0
2016-04-18 20,20,16043,1,0
2016-04-18 21,21,15570,1,0
2016-04-18 22,22,14672,1,0
2016-04-18 23,23,13844,1,0
2016-04-19 00,0,12629,2,0
2016-04-19 01,1,12013,2,0
2016-04-19 02,2,11670,2,0
2016-04-19 03,3,11520,2,0
2016-04-19 04,4,11686,2,0
2016-04-19 05,5,12401,2,0
2016-04-19 06,6,13059,2,0
2016-04-19 07,7,14509,2,0
2016-04-19 08,8,16178,2,0
2016-04-19 09,9,16677,2,0
2016-04-19 10,10,16850,2,0
2016-04-19 11,11,16395,2,0
2016-04-19 12,12,15961,2,0
2016-04-19 13,13,16136,2,0
2016-04-19 14,14,15991,2,0
2016-04-19 15,15,16249,2,0
2016-04-19 16,16,16332,2,0
2016-04-19 17,17,15954,2,0
2016-04-19 18,18,16445,2,0
2016-04-19 19,19,16512,2,0
2016-04-19 20,20,16134,2,0
2016-04-19 21,21,15665,2,0
2016-04-19 22,22,14821,2,0
2016-04-19 23,23,13643,2,0
2016-04-20 00,0,12548,3,0
2016-04-20 01,1,12045,3,0
2016-04-20 02,2,11727,3,0
2016-04-20 03,3,11519,3,0
2016-04-20 04,4,11726,3,0
2016-04-20 05,5,12243,3,0
2016-04-20 06,6,13236,3,0
2016-04-20 07,7,14885,3,0
2016-04-20 08,8,16517,3,0
2016-04-20 09,9,17222,3,0
2016-04-20 10,10,17393,3,0
2016-04-20 11,11,16924,3,0
2016-04-20 12,12,16661,3,0
2016-04-20 13,13,16772,3,0
2016-04-20 14,14,16722,3,0
2016-04-20 15,15,16799,3,0
2016-04-20 16,16,17003,3,0
2016-04-20 17,17,16604,3,0
2016-04-20 18,18,16314,3,0
2016-04-20 19,19,16316,3,0
2016-04-20 20,20,15954,3,0
2016-04-20 21,21,15477,3,0
2016-04-20 22,22,14780,3,0
2016-04-20 23,23,13744,3,0
2016-04-21 00,0,12782,4,0
2016-04-21 01,1,12047,4,0
2016-04-21 02,2,11786,4,0
2016-04-21 03,3,11570,4,0
2016-04-21 04,4,11826,4,0
2016-04-21 05,5,12293,4,0
2016-04-21 06,6,13306,4,0
2016-04-21 07,7,14919,4,0
2016-04-21 08,8,16596,4,0
2016-04-21 09,9,17259,4,0
2016-04-21 10,10,17465,4,0
2016-04-21 11,11,16983,4,0
2016-04-21 12,12,16409,4,0
2016-04-21 13,13,16635,4,0
2016-04-21 14,14,16538,4,0
2016-04-21 15,15,16644,4,0
2016-04-21 16,16,16879,4,0
2016-04-21 17,17,16424,4,0
2016-04-21 18,18,16114,4,0
2016-04-21 19,19,16113,4,0
2016-04-21 20,20,15749,4,0
2016-04-21 21,21,15273,4,0
2016-04-21 22,22,14673,4,0
2016-04-21 23,23,13732,4,0
2016-04-22 00,0,12850,5,0
2016-04-22 01,1,12182,5,0
2016-04-22 02,2,11944,5,0
2016-04-22 03,3,11793,5,0
2016-04-22 04,4,12031,5,0
2016-04-22 05,5,12598,5,0
2016-04-22 06,6,13402,5,0
2016-04-22 07,7,14857,5,0
2016-04-22 08,8,16525,5,0
2016-04-22 09,9,17302,5,0
2016-04-22 10,10,17482,5,0
2016-04-22 11,11,16941,5,0
2016-04-22 12,12,16582,5,0
2016-04-22 13,13,16774,5,0
2016-04-22 14,14,16664,5,0
2016-04-22 15,15,16935,5,0
2016-04-22 16,16,16968,5,0
2016-04-22 17,17,16537,5,0
2016-04-22 18,18,16655,5,0
2016-04-22 19,19,16703,5,0
2016-04-22 20,20,16198,5,0
2016-04-22 21,21,15650,5,0
2016-04-22 22,22,14942,5,0
2016-04-22 23,23,13931,5,0
2016-04-23 00,0,12625,6,1
2016-04-23 01,1,12182,6,1
2016-04-23 02,2,11851,6,1
2016-04-23 03,3,11711,6,1
2016-04-23 04,4,11679,6,1
2016-04-23 05,5,12073,6,1
2016-04-23 06,6,12510,6,1
2016-04-23 07,7,13746,6,1
2016-04-23 08,8,15006,6,1
2016-04-23 09,9,15778,6,1
2016-04-23 10,10,16237,6,1
2016-04-23 11,11,15975,6,1
2016-04-23 12,12,15577,6,1
2016-04-23 13,13,15686,6,1
2016-04-23 14,14,15528,6,1
2016-04-23 15,15,15739,6,1
2016-04-23 16,16,15801,6,1
2016-04-23 17,17,15630,6,1
2016-04-23 18,18,15661,6,1
2016-04-23 19,19,15651,6,1
2016-04-23 20,20,15205,6,1
2016-04-23 21,21,14833,6,1
2016-04-23 22,22,14122,6,1
2016-04-23 23,23,13219,6,1
2016-04-24 00,0,12155,7,1
2016-04-24 01,1,11691,7,1
2016-04-24 02,2,11405,7,1
2016-04-24 03,3,11247,7,1
2016-04-24 04,4,11272,7,1
2016-04-24 05,5,11707,7,1
2016-04-24 06,6,12052,7,1
2016-04-24 07,7,12802,7,1
2016-04-24 08,8,13861,7,1
2016-04-24 09,9,14532,7,1
2016-04-24 10,10,14725,7,1
2016-04-24 11,11,14733,7,1
2016-04-24 12,12,14301,7,1
2016-04-24 13,13,14291,7,1
2016-04-24 14,14,14152,7,1
2016-04-24 15,15,14372,7,1
2016-04-24 16,16,14443,7,1
2016-04-24 17,17,14632,7,1
2016-04-24 18,18,14914,7,1
2016-04-24 19,19,14925,7,1
2016-04-24 20,20,14842,7,1
2016-04-24 21,21,14683,7,1
2016-04-24 22,22,13884,7,1
2016-04-24 23,23,12911,7,1
2016-04-25 00,0,11884,1,0
2016-04-25 01,1,11350,1,0
2016-04-25 02,2,10986,1,0
2016-04-25 03,3,10858,1,0
2016-04-25 04,4,11114,1,0
2016-04-25 05,5,11923,1,0
2016-04-25 06,6,12983,1,0
2016-04-25 07,7,14826,1,0
2016-04-25 08,8,16505,1,0
2016-04-25 09,9,17273,1,0
2016-04-25 10,10,17422,1,0
2016-04-25 11,11,17027,1,0
2016-04-25 12,12,16716,1,0
2016-04-25 13,13,16807,1,0
2016-04-25 14,14,16623,1,0
2016-04-25 15,15,16797,1,0
2016-04-25 16,16,16847,1,0
2016-04-25 17,17,16502,1,0
2016-04-25 18,18,16503,1,0
2016-04-25 19,19,16617,1,0
2016-04-25 20,20,16109,1,0
2016-04-25 21,21,15680,1,0
2016-04-25 22,22,14866,1,0
2016-04-25 23,23,13932,1,0
2016-04-26 00,0,12711,2,0
2016-04-26 01,1,12279,2,0
2016-04-26 02,2,11854,2,0
2016-04-26 03,3,11667,2,0
2016-04-26 04,4,11993,2,0
2016-04-26 05,5,12577,2,0
2016-04-26 06,6,13509,2,0
2016-04-26 07,7,15281,2,0
2016-04-26 08,8,16881,2,0
2016-04-26 09,9,17500,2,0
2016-04-26 10,10,17751,2,0
2016-04-26 11,11,17336,2,0
2016-04-26 12,12,16889,2,0
2016-04-26 13,13,17027,2,0
2016-04-26 14,14,16862,2,0
2016-04-26 15,15,17192,2,0
2016-04-26 16,16,17272,2,0
2016-04-26 17,17,16895,2,0
2016-04-26 18,18,16844,2,0
2016-04-26 19,19,16861,2,0
2016-04-26 20,20,16385,2,0
2016-04-26 21,21,15829,2,0
2016-04-26 22,22,14996,2,0
2016-04-26 23,23,13960,2,0
2016-04-27 00,0,12822,3,0
2016-04-27 01,1,12251,3,0
2016-04-27 02,2,11919,3,0
2016-04-27 03,3,11694,3,0
2016-04-27 04,4,12008,3,0
2016-04-27 05,5,12626,3,0
2016-04-27 06,6,13428,3,0
2016-04-27 07,7,15094,3,0
2016-04-27 08,8,16785,3,0
2016-04-27 09,9,17471,3,0
2016-04-27 10,10,17595,3,0
2016-04-27 11,11,16970,3,0
2016-04-27 12,12,16619,3,0
2016-04-27 13,13,16805,3,0
2016-04-27 14,14,16788,3,0
2016-04-27 15,15,16831,3,0
2016-04-27 16,16,16926,3,0
2016-04-27 17,17,16762,3,0
2016-04-27 18,18,16860,3,0
2016-04-27 19,19,16910,3,0
2016-04-27 20,20,16463,3,0
2016-04-27 21,21,16040,3,0
2016-04-27 22,22,15221,3,0
2016-04-27 23,23,14003,3,0
2016-04-28 00,0,12982,4,0
2016-04-28 01,1,12340,4,0
2016-04-28 02,2,11955,4,0
2016-04-28 03,3,11747,4,0
2016-04-28 04,4,11904,4,0
2016-04-28 05,5,12765,4,0
2016-04-28 06,6,13519,4,0
2016-04-28 07,7,15170,4,0
2016-04-28 08,8,16642,4,0
2016-04-28 09,9,17186,4,0
2016-04-28 10,10,17341,4,0
2016-04-28 11,11,16711,4,0
2016-04-28 12,12,16420,4,0
2016-04-28 13,13,16531,4,0
2016-04-28 14,14,16524,4,0
2016-04-28 15,15,16548,4,0
2016-04-28 16,16,16576,4,0
2016-04-28 17,17,16446,4,0
2016-04-28 18,18,16694,4,0
2016-04-28 19,19,16600,4,0
2016-04-28 20,20,16324,4,0
2016-04-28 21,21,15850,4,0
2016-04-28 22,22,15099,4,0
2016-04-28 23,23,13821,4,0
2016-04-29 00,0,12733,5,0
2016-04-29 01,1,12167,5,0
2016-04-29 02,2,11872,5,0
2016-04-29 03,3,11614,5,0
2016-04-29 04,4,12044,5,0
2016-04-29 05,5,12539,5,0
2016-04-29 06,6,13309,5,0
2016-04-29 07,7,14695,5,0
2016-04-29 08,8,16363,5,0
2016-04-29 09,9,16956,5,0
2016-04-29 10,10,17048,5,0
2016-04-29 11,11,16617,5,0
2016-04-29 12,12,16324,5,0
2016-04-29 13,13,16335,5,0
2016-04-29 14,14,16299,5,0
2016-04-29 15,15,16254,5,0
2016-04-29 16,16,16330,5,0
2016-04-29 17,17,16106,5,0
2016-04-29 18,18,16453,5,0
2016-04-29 19,19,16410,5,0
2016-04-29 20,20,16039,5,0
2016-04-29 21,21,15531,5,0
2016-04-29 22,22,14788,5,0
2016-04-29 23,23,13618,5,0
2016-04-30 00,0,12520,6,1
2016-04-30 01,1,11537,6,1
2016-04-30 02,2,10997,6,1
2016-04-30 03,3,10849,6,1
2016-04-30 04,4,11004,6,1
2016-04-30 05,5,11480,6,1
2016-04-30 06,6,11671,6,1
2016-04-30 07,7,12849,6,1
2016-04-30 08,8,13850,6,1
2016-04-30 09,9,14424,6,1
2016-04-30 10,10,14532,6,1
2016-04-30 11,11,14387,6,1
2016-04-30 12,12,14027,6,1
2016-04-30 13,13,14075,6,1
2016-04-30 14,14,13927,6,1
2016-04-30 15,15,13955,6,1
2016-04-30 16,16,14056,6,1
2016-04-30 17,17,13869,6,1
2016-04-30 18,18,14272,6,1
2016-04-30 19,19,14378,6,1
2016-04-30 20,20,14238,6,1
2016-04-30 21,21,13882,6,1
2016-04-30 22,22,13143,6,1
2016-04-30 23,23,12136,6,1
2016-05-01 00,0,11252,7,-1
2016-05-01 01,1,10769,7,-1
2016-05-01 02,2,10414,7,-1
2016-05-01 03,3,10238,7,-1
2016-05-01 04,4,10339,7,-1
2016-05-01 05,5,10431,7,-1
2016-05-01 06,6,10450,7,-1
2016-05-01 07,7,10688,7,-1
2016-05-01 08,8,11401,7,-1
2016-05-01 09,9,12208,7,-1
2016-05-01 10,10,12461,7,-1
2016-05-01 11,11,12289,7,-1
2016-05-01 12,12,12113,7,-1
2016-05-01 13,13,12056,7,-1
2016-05-01 14,14,12025,7,-1
2016-05-01 15,15,12154,7,-1
2016-05-01 16,16,12305,7,-1
2016-05-01 17,17,12493,7,-1
2016-05-01 18,18,13048,7,-1
2016-05-01 19,19,13155,7,-1
2016-05-01 20,20,13066,7,-1
2016-05-01 21,21,12907,7,-1
2016-05-01 22,22,12275,7,-1
2016-05-01 23,23,11446,7,-1
2016-05-02 00,0,10687,1,0
2016-05-02 01,1,10109,1,0
2016-05-02 02,2,9734,1,0
2016-05-02 03,3,9739,1,0
2016-05-02 04,4,9993,1,0
2016-05-02 05,5,10375,1,0
2016-05-02 06,6,10758,1,0
2016-05-02 07,7,11830,1,0
2016-05-02 08,8,12870,1,0
2016-05-02 09,9,13550,1,0
2016-05-02 10,10,13736,1,0
2016-05-02 11,11,13626,1,0
2016-05-02 12,12,13323,1,0
2016-05-02 13,13,13229,1,0
2016-05-02 14,14,13207,1,0
2016-05-02 15,15,13475,1,0
2016-05-02 16,16,13750,1,0
2016-05-02 17,17,13624,1,0
2016-05-02 18,18,13936,1,0
2016-05-02 19,19,13910,1,0
2016-05-02 20,20,13829,1,0
2016-05-02 21,21,13518,1,0
2016-05-02 22,22,12857,1,0
2016-05-02 23,23,12074,1,0
2016-05-03 00,0,11267,2,0
2016-05-03 01,1,10619,2,0
2016-05-03 02,2,10422,2,0
2016-05-03 03,3,10243,2,0
2016-05-03 04,4,10648,2,0
2016-05-03 05,5,11258,2,0
2016-05-03 06,6,12362,2,0
2016-05-03 07,7,14096,2,0
2016-05-03 08,8,15784,2,0
2016-05-03 09,9,16505,2,0
2016-05-03 10,10,16681,2,0
2016-05-03 11,11,16217,2,0
2016-05-03 12,12,15819,2,0
2016-05-03 13,13,16133,2,0
2016-05-03 14,14,15993,2,0
2016-05-03 15,15,16252,2,0
2016-05-03 16,16,16401,2,0
2016-05-03 17,17,16010,2,0
2016-05-03 18,18,16217,2,0
2016-05-03 19,19,16250,2,0
2016-05-03 20,20,15827,2,0
2016-05-03 21,21,15352,2,0
2016-05-03 22,22,14532,2,0
2016-05-03 23,23,13418,2,0
2016-05-04 00,0,12604,3,0
2016-05-04 01,1,12059,3,0
2016-05-04 02,2,11700,3,0
2016-05-04 03,3,11571,3,0
2016-05-04 04,4,11916,3,0
2016-05-04 05,5,12366,3,0
2016-05-04 06,6,13280,3,0
2016-05-04 07,7,15016,3,0
2016-05-04 08,8,16677,3,0
2016-05-04 09,9,17299,3,0
2016-05-04 10,10,17491,3,0
2016-05-04 11,11,17028,3,0
2016-05-04 12,12,16972,3,0
2016-05-04 13,13,17210,3,0
2016-05-04 14,14,17073,3,0
2016-05-04 15,15,17100,3,0
2016-05-04 16,16,17188,3,0
2016-05-04 17,17,16705,3,0
2016-05-04 18,18,16542,3,0
2016-05-04 19,19,16544,3,0
2016-05-04 20,20,16367,3,0
2016-05-04 21,21,15891,3,0
2016-05-04 22,22,15067,3,0
2016-05-04 23,23,13961,3,0
2016-05-05 00,0,12941,4,0
2016-05-05 01,1,12309,4,0
2016-05-05 02,2,11993,4,0
2016-05-05 03,3,11853,4,0
2016-05-05 04,4,12185,4,0
2016-05-05 05,5,12716,4,0
2016-05-05 06,6,13769,4,0
2016-05-05 07,7,15458,4,0
2016-05-05 08,8,17137,4,0
2016-05-05 09,9,17824,4,0
2016-05-05 10,10,17894,4,0
2016-05-05 11,11,17294,4,0
2016-05-05 12,12,17041,4,0
2016-05-05 13,13,17099,4,0
2016-05-05 14,14,17020,4,0
2016-05-05 15,15,17056,4,0
2016-05-05 16,16,17004,4,0
2016-05-05 17,17,16605,4,0
2016-05-05 18,18,16542,4,0
2016-05-05 19,19,16531,4,0
2016-05-05 20,20,16299,4,0
2016-05-05 21,21,15846,4,0
2016-05-05 22,22,14959,4,0
2016-05-05 23,23,14087,4,0
2016-05-06 00,0,13142,5,0
2016-05-06 01,1,12408,5,0
2016-05-06 02,2,12075,5,0
2016-05-06 03,3,11979,5,0
2016-05-06 04,4,12390,5,0
2016-05-06 05,5,12823,5,0
2016-05-06 06,6,13887,5,0
2016-05-06 07,7,15571,5,0
2016-05-06 08,8,17234,5,0
2016-05-06 09,9,18140,5,0
2016-05-06 10,10,18177,5,0
2016-05-06 11,11,17420,5,0
2016-05-06 12,12,17307,5,0
2016-05-06 13,13,17461,5,0
2016-05-06 14,14,17432,5,0
2016-05-06 15,15,17448,5,0
2016-05-06 16,16,17383,5,0
2016-05-06 17,17,17195,5,0
2016-05-06 18,18,16934,5,0
2016-05-06 19,19,16878,5,0
2016-05-06 20,20,16473,5,0
2016-05-06 21,21,16047,5,0
2016-05-06 22,22,15200,5,0
2016-05-06 23,23,14235,5,0
2016-05-07 00,0,12929,6,1
2016-05-07 01,1,12368,6,1
2016-05-07 02,2,12171,6,1
2016-05-07 03,3,11979,6,1
2016-05-07 04,4,12208,6,1
2016-05-07 05,5,12428,6,1
2016-05-07 06,6,12724,6,1
2016-05-07 07,7,14078,6,1
2016-05-07 08,8,15277,6,1
2016-05-07 09,9,15949,6,1
2016-05-07 10,10,16218,6,1
2016-05-07 11,11,15915,6,1
2016-05-07 12,12,15509,6,1
2016-05-07 13,13,15715,6,1
2016-05-07 14,14,15541,6,1
2016-05-07 15,15,15759,6,1
2016-05-07 16,16,15854,6,1
2016-05-07 17,17,15811,6,1
2016-05-07 18,18,15985,6,1
2016-05-07 19,19,15950,6,1
2016-05-07 20,20,15329,6,1
2016-05-07 21,21,14887,6,1
2016-05-07 22,22,14293,6,1
2016-05-07 23,23,13149,6,1
2016-05-08 00,0,12437,7,1
2016-05-08 01,1,11953,7,1
2016-05-08 02,2,11651,7,1
2016-05-08 03,3,11401,7,1
2016-05-08 04,4,11499,7,1
2016-05-08 05,5,11811,7,1
2016-05-08 06,6,12105,7,1
2016-05-08 07,7,13008,7,1
2016-05-08 08,8,14121,7,1
2016-05-08 09,9,14824,7,1
2016-05-08 10,10,14898,7,1
2016-05-08 11,11,14566,7,1
2016-05-08 12,12,14292,7,1
2016-05-08 13,13,14329,7,1
2016-05-08 14,14,14366,7,1
2016-05-08 15,15,14643,7,1
2016-05-08 16,16,14835,7,1
2016-05-08 17,17,14794,7,1
2016-05-08 18,18,14941,7,1
2016-05-08 19,19,14983,7,1
2016-05-08 20,20,14809,7,1
2016-05-08 21,21,14501,7,1
2016-05-08 22,22,13811,7,1
2016-05-08 23,23,12853,7,1
2016-05-09 00,0,11945,1,0
2016-05-09 01,1,11430,1,0
2016-05-09 02,2,11235,1,0
2016-05-09 03,3,11051,1,0
2016-05-09 04,4,11634,1,0
2016-05-09 05,5,12014,1,0
2016-05-09 06,6,13044,1,0
2016-05-09 07,7,14950,1,0
2016-05-09 08,8,16765,1,0
2016-05-09 09,9,17432,1,0
2016-05-09 10,10,17574,1,0
2016-05-09 11,11,17138,1,0
2016-05-09 12,12,16877,1,0
2016-05-09 13,13,17065,1,0
2016-05-09 14,14,17026,1,0
2016-05-09 15,15,17088,1,0
2016-05-09 16,16,17183,1,0
2016-05-09 17,17,16893,1,0
2016-05-09 18,18,16961,1,0
2016-05-09 19,19,16923,1,0
2016-05-09 20,20,16466,1,0
2016-05-09 21,21,15807,1,0
2016-05-09 22,22,14973,1,0
2016-05-09 23,23,13844,1,0
2016-05-10 00,0,12817,2,0
2016-05-10 01,1,12190,2,0
2016-05-10 02,2,11909,2,0
2016-05-10 03,3,11840,2,0
2016-05-10 04,4,12108,2,0
2016-05-10 05,5,12634,2,0
2016-05-10 06,6,13399,2,0
2016-05-10 07,7,15271,2,0
2016-05-10 08,8,16955,2,0
2016-05-10 09,9,17359,2,0
2016-05-10 10,10,17470,2,0
2016-05-10 11,11,17017,2,0
2016-05-10 12,12,16707,2,0
2016-05-10 13,13,16889,2,0
2016-05-10 14,14,16879,2,0
2016-05-10 15,15,17056,2,0
2016-05-10 16,16,17203,2,0
2016-05-10 17,17,16758,2,0
2016-05-10 18,18,16603,2,0
2016-05-10 19,19,16722,2,0
2016-05-10 20,20,16235,2,0
2016-05-10 21,21,15695,2,0
2016-05-10 22,22,14999,2,0
2016-05-10 23,23,13993,2,0
2016-05-11 00,0,12969,3,0
2016-05-11 01,1,12364,3,0
2016-05-11 02,2,12054,3,0
2016-05-11 03,3,11872,3,0
2016-05-11 04,4,12400,3,0
2016-05-11 05,5,12708,3,0
2016-05-11 06,6,13624,3,0
2016-05-11 07,7,15312,3,0
2016-05-11 08,8,16911,3,0
2016-05-11 09,9,17528,3,0
2016-05-11 10,10,17566,3,0
2016-05-11 11,11,17212,3,0
2016-05-11 12,12,16881,3,0
2016-05-11 13,13,16998,3,0
2016-05-11 14,14,17161,3,0
2016-05-11 15,15,17188,3,0
2016-05-11 16,16,17190,3,0
2016-05-11 17,17,17162,3,0
2016-05-11 18,18,17288,3,0
2016-05-11 19,19,17277,3,0
2016-05-11 20,20,16827,3,0
2016-05-11 21,21,16263,3,0
2016-05-11 22,22,15552,3,0
2016-05-11 23,23,13918,3,0
2016-05-12 00,0,12762,4,0
2016-05-12 01,1,12177,4,0
2016-05-12 02,2,11959,4,0
2016-05-12 03,3,11711,4,0
2016-05-12 04,4,12183,4,0
2016-05-12 05,5,12635,4,0
2016-05-12 06,6,13530,4,0
2016-05-12 07,7,15291,4,0
2016-05-12 08,8,16806,4,0
2016-05-12 09,9,17446,4,0
2016-05-12 10,10,17547,4,0
2016-05-12 11,11,17189,4,0
2016-05-12 12,12,17000,4,0
2016-05-12 13,13,17164,4,0
2016-05-12 14,14,17146,4,0
2016-05-12 15,15,17295,4,0
2016-05-12 16,16,17465,4,0
2016-05-12 17,17,16968,4,0
2016-05-12 18,18,17095,4,0
2016-05-12 19,19,17114,4,0
2016-05-12 20,20,16672,4,0
2016-05-12 21,21,16064,4,0
2016-05-12 22,22,15355,4,0
2016-05-12 23,23,13942,4,0
2016-05-13 00,0,12935,5,0
2016-05-13 01,1,12388,5,0
2016-05-13 02,2,12046,5,0
2016-05-13 03,3,11924,5,0
2016-05-13 04,4,12282,5,0
2016-05-13 05,5,12626,5,0
2016-05-13 06,6,13710,5,0
2016-05-13 07,7,15669,5,0
2016-05-13 08,8,17133,5,0
2016-05-13 09,9,17843,5,0
2016-05-13 10,10,17792,5,0
2016-05-13 11,11,17396,5,0
2016-05-13 12,12,16965,5,0
2016-05-13 13,13,17189,5,0
2016-05-13 14,14,17024,5,0
2016-05-13 15,15,17123,5,0
2016-05-13 16,16,17187,5,0
2016-05-13 17,17,16966,5,0
2016-05-13 18,18,17091,5,0
2016-05-13 19,19,17078,5,0
2016-05-13 20,20,16628,5,0
2016-05-13 21,21,16059,5,0
2016-05-13 22,22,15345,5,0
2016-05-13 23,23,13841,5,0
2016-05-14 00,0,12973,6,1
2016-05-14 01,1,12333,6,1
2016-05-14 02,2,12002,6,1
2016-05-14 03,3,11776,6,1
2016-05-14 04,4,12130,6,1
2016-05-14 05,5,12304,6,1
2016-05-14 06,6,12833,6,1
2016-05-14 07,7,14175,6,1
2016-05-14 08,8,15379,6,1
2016-05-14 09,9,15934,6,1
2016-05-14 10,10,16057,6,1
2016-05-14 11,11,15736,6,1
2016-05-14 12,12,15531,6,1
2016-05-14 13,13,15651,6,1
2016-05-14 14,14,15427,6,1
2016-05-14 15,15,15537,6,1
2016-05-14 16,16,15546,6,1
2016-05-14 17,17,15264,6,1
2016-05-14 18,18,15408,6,1
2016-05-14 19,19,15560,6,1
2016-05-14 20,20,15510,6,1
2016-05-14 21,21,15202,6,1
2016-05-14 22,22,14423,6,1
2016-05-14 23,23,13511,6,1
2016-05-15 00,0,12267,7,1
2016-05-15 01,1,11858,7,1
2016-05-15 02,2,11535,7,1
2016-05-15 03,3,11425,7,1
2016-05-15 04,4,11624,7,1
2016-05-15 05,5,11739,7,1
2016-05-15 06,6,12220,7,1
2016-05-15 07,7,12985,7,1
2016-05-15 08,8,14257,7,1
2016-05-15 09,9,14973,7,1
2016-05-15 10,10,15085,7,1
2016-05-15 11,11,14796,7,1
2016-05-15 12,12,14497,7,1
2016-05-15 13,13,14444,7,1
2016-05-15 14,14,14447,7,1
2016-05-15 15,15,14719,7,1
2016-05-15 16,16,14956,7,1
2016-05-15 17,17,14856,7,1
2016-05-15 18,18,14999,7,1
2016-05-15 19,19,14951,7,1
2016-05-15 20,20,14719,7,1
2016-05-15 21,21,14289,7,1
2016-05-15 22,22,13608,7,1
2016-05-15 23,23,12536,7,1
2016-05-16 00,0,11748,1,0
2016-05-16 01,1,11228,1,0
2016-05-16 02,2,10972,1,0
2016-05-16 03,3,10909,1,0
2016-05-16 04,4,11314,1,0
2016-05-16 05,5,11940,1,0
2016-05-16 06,6,13206,1,0
2016-05-16 07,7,14919,1,0
2016-05-16 08,8,16506,1,0
2016-05-16 09,9,17203,1,0
2016-05-16 10,10,17211,1,0
2016-05-16 11,11,16753,1,0
2016-05-16 12,12,16530,1,0
2016-05-16 13,13,16670,1,0
2016-05-16 14,14,16597,1,0
2016-05-16 15,15,16730,1,0
2016-05-16 16,16,16731,1,0
2016-05-16 17,17,16278,1,0
2016-05-16 18,18,16367,1,0
2016-05-16 19,19,16355,1,0
2016-05-16 20,20,16060,1,0
2016-05-16 21,21,15487,1,0
2016-05-16 22,22,14647,1,0
2016-05-16 23,23,13628,1,0
2016-05-17 00,0,12696,2,0
2016-05-17 01,1,12206,2,0
2016-05-17 02,2,12007,2,0
2016-05-17 03,3,11786,2,0
2016-05-17 04,4,12264,2,0
2016-05-17 05,5,12573,2,0
2016-05-17 06,6,13572,2,0
2016-05-17 07,7,15425,2,0
2016-05-17 08,8,16866,2,0
2016-05-17 09,9,17345,2,0
2016-05-17 10,10,17533,2,0
2016-05-17 11,11,16997,2,0
2016-05-17 12,12,16922,2,0
2016-05-17 13,13,16926,2,0
2016-05-17 14,14,16983,2,0
2016-05-17 15,15,17060,2,0
2016-05-17 16,16,17053,2,0
2016-05-17 17,17,16570,2,0
2016-05-17 18,18,16976,2,0
2016-05-17 19,19,17013,2,0
2016-05-17 20,20,16518,2,0
2016-05-17 21,21,15948,2,0
2016-05-17 22,22,14980,2,0
2016-05-17 23,23,13834,2,0
2016-05-18 00,0,12862,3,0
2016-05-18 01,1,12409,3,0
2016-05-18 02,2,12013,3,0
2016-05-18 03,3,11895,3,0
2016-05-18 04,4,12279,3,0
2016-05-18 05,5,12692,3,0
2016-05-18 06,6,13555,3,0
2016-05-18 07,7,15364,3,0
2016-05-18 08,8,16884,3,0
2016-05-18 09,9,17593,3,0
2016-05-18 10,10,17624,3,0
2016-05-18 11,11,17001,3,0
2016-05-18 12,12,16730,3,0
2016-05-18 13,13,16974,3,0
2016-05-18 14,14,16853,3,0
2016-05-18 15,15,16991,3,0
2016-05-18 16,16,17086,3,0
2016-05-18 17,17,16744,3,0
2016-05-18 18,18,16809,3,0
2016-05-18 19,19,16799,3,0
2016-05-18 20,20,16440,3,0
2016-05-18 21,21,15879,3,0
2016-05-18 22,22,14905,3,0
2016-05-18 23,23,13953,3,0
2016-05-19 00,0,13074,4,0
2016-05-19 01,1,12540,4,0
2016-05-19 02,2,12136,4,0
2016-05-19 03,3,11972,4,0
2016-05-19 04,4,12487,4,0
2016-05-19 05,5,12756,4,0
2016-05-19 06,6,13594,4,0
2016-05-19 07,7,15375,4,0
2016-05-19 08,8,17061,4,0
2016-05-19 09,9,17643,4,0
2016-05-19 10,10,17737,4,0
2016-05-19 11,11,17089,4,0
2016-05-19 12,12,17008,4,0
2016-05-19 13,13,17403,4,0
2016-05-19 14,14,17237,4,0
2016-05-19 15,15,17257,4,0
2016-05-19 16,16,17465,4,0
2016-05-19 17,17,16968,4,0
2016-05-19 18,18,17095,4,0
2016-05-19 19,19,17114,4,0
2016-05-19 20,20,16672,4,0
2016-05-19 21,21,16064,4,0
2016-05-19 22,22,15355,4,0
2016-05-19 23,23,13942,4,0
2016-05-20 00,0,12935,5,0
2016-05-20 01,1,12388,5,0
2016-05-20 02,2,12233,5,0
2016-05-20 03,3,11977,5,0
2016-05-20 04,4,12432,5,0
2016-05-20 05,5,12719,5,0
2016-05-20 06,6,13792,5,0
2016-05-20 07,7,15522,5,0
2016-05-20 08,8,17002,5,0
2016-05-20 09,9,17605,5,0
2016-05-20 10,10,17686,5,0
2016-05-20 11,11,17096,5,0
2016-05-20 12,12,17079,5,0
2016-05-20 13,13,17119,5,0
2016-05-20 14,14,17079,5,0
2016-05-20 15,15,17229,5,0
2016-05-20 16,16,17227,5,0
2016-05-20 17,17,16687,5,0
2016-05-20 18,18,16722,5,0
2016-05-20 19,19,16653,5,0
2016-05-20 20,20,16227,5,0
2016-05-20 21,21,15862,5,0
2016-05-20 22,22,15004,5,0
2016-05-20 23,23,13735,5,0
2016-05-21 00,0,12945,6,1
2016-05-21 01,1,12521,6,1
2016-05-21 02,2,12177,6,1
2016-05-21 03,3,11926,6,1
2016-05-21 04,4,12032,6,1
2016-05-21 05,5,12382,6,1
2016-05-21 06,6,12895,6,1
2016-05-21 07,7,14226,6,1
2016-05-21 08,8,15507,6,1
2016-05-21 09,9,16224,6,1
2016-05-21 10,10,16353,6,1
2016-05-21 11,11,15871,6,1
2016-05-21 12,12,15662,6,1
2016-05-21 13,13,15658,6,1
2016-05-21 14,14,15710,6,1
2016-05-21 15,15,15957,6,1
2016-05-21 16,16,16016,6,1
2016-05-21 17,17,15613,6,1
2016-05-21 18,18,15793,6,1
2016-05-21 19,19,15816,6,1
2016-05-21 20,20,15566,6,1
2016-05-21 21,21,15024,6,1
2016-05-21 22,22,14278,6,1
2016-05-21 23,23,13367,6,1
2016-05-22 00,0,12350,7,1
2016-05-22 01,1,11987,7,1
2016-05-22 02,2,11744,7,1
2016-05-22 03,3,11488,7,1
2016-05-22 04,4,11721,7,1
2016-05-22 05,5,11925,7,1
2016-05-22 06,6,12292,7,1
2016-05-22 07,7,13059,7,1
2016-05-22 08,8,14060,7,1
2016-05-22 09,9,14792,7,1
2016-05-22 10,10,14988,7,1
2016-05-22 11,11,14683,7,1
2016-05-22 12,12,14573,7,1
2016-05-22 13,13,14462,7,1
2016-05-22 14,14,14433,7,1
2016-05-22 15,15,14746,7,1
2016-05-22 16,16,15004,7,1
2016-05-22 17,17,14847,7,1
2016-05-22 18,18,15295,7,1
2016-05-22 19,19,15304,7,1
2016-05-22 20,20,15232,7,1
2016-05-22 21,21,14645,7,1
2016-05-22 22,22,13997,7,1
2016-05-22 23,23,12807,7,1
2016-05-23 00,0,12027,1,0
2016-05-23 01,1,11447,1,0
2016-05-23 02,2,11203,1,0
2016-05-23 03,3,11073,1,0
2016-05-23 04,4,11698,1,0
2016-05-23 05,5,12104,1,0
2016-05-23 06,6,13437,1,0
2016-05-23 07,7,15305,1,0
2016-05-23 08,8,17096,1,0
2016-05-23 09,9,17725,1,0
2016-05-23 10,10,17830,1,0
2016-05-23 11,11,17344,1,0
2016-05-23 12,12,17450,1,0
2016-05-23 13,13,17584,1,0
2016-05-23 14,14,17516,1,0
2016-05-23 15,15,17662,1,0
2016-05-23 16,16,17715,1,0
2016-05-23 17,17,17189,1,0
2016-05-23 18,18,16947,1,0
2016-05-23 19,19,16899,1,0
2016-05-23 20,20,16427,1,0
2016-05-23 21,21,15795,1,0
2016-05-23 22,22,14962,1,0
2016-05-23 23,23,13992,1,0
2016-05-24 00,0,13172,2,0
2016-05-24 01,1,12557,2,0
2016-05-24 02,2,12229,2,0
2016-05-24 03,3,12051,2,0
2016-05-24 04,4,12505,2,0
2016-05-24 05,5,12758,2,0
2016-05-24 06,6,13992,2,0
2016-05-24 07,7,15772,2,0
2016-05-24 08,8,17135,2,0
2016-05-24 09,9,17913,2,0
2016-05-24 10,10,17918,2,0
2016-05-24 11,11,17397,2,0
2016-05-24 12,12,17207,2,0
2016-05-24 13,13,17336,2,0
2016-05-24 14,14,17359,2,0
2016-05-24 15,15,17487,2,0
2016-05-24 16,16,17542,2,0
2016-05-24 17,17,16841,2,0
2016-05-24 18,18,16745,2,0
2016-05-24 19,19,16717,2,0
2016-05-24 20,20,16399,2,0
2016-05-24 21,21,15819,2,0
2016-05-24 22,22,15012,2,0
2016-05-24 23,23,13942,2,0
2016-05-25 00,0,12998,3,0
2016-05-25 01,1,12492,3,0
2016-05-25 02,2,12145,3,0
2016-05-25 03,3,12075,3,0
2016-05-25 04,4,12563,3,0
2016-05-25 05,5,12770,3,0
2016-05-25 06,6,13936,3,0
2016-05-25 07,7,15947,3,0
2016-05-25 08,8,17586,3,0
2016-05-25 09,9,18190,3,0
2016-05-25 10,10,18320,3,0
2016-05-25 11,11,17799,3,0
2016-05-25 12,12,17611,3,0
2016-05-25 13,13,17642,3,0
2016-05-25 14,14,17625,3,0
2016-05-25 15,15,17721,3,0
2016-05-25 16,16,17773,3,0
2016-05-25 17,17,17167,3,0
2016-05-25 18,18,16745,3,0
2016-05-25 19,19,16717,3,0
2016-05-25 20,20,16398,3,0
2016-05-25 21,21,15810,3,0
2016-05-25 22,22,15013,3,0
2016-05-25 23,23,14184,3,0
2016-05-26 00,0,13315,4,0
2016-05-26 01,1,12753,4,0
2016-05-26 02,2,12335,4,0
2016-05-26 03,3,12245,4,0
2016-05-26 04,4,12708,4,0
2016-05-26 05,5,12925,4,0
2016-05-26 06,6,14079,4,0
2016-05-26 07,7,16108,4,0
2016-05-26 08,8,17573,4,0
2016-05-26 09,9,18424,4,0
2016-05-26 10,10,18503,4,0
2016-05-26 11,11,17963,4,0
2016-05-26 12,12,17740,4,0
2016-05-26 13,13,17890,4,0
2016-05-26 14,14,17923,4,0
2016-05-26 15,15,18034,4,0
2016-05-26 16,16,17961,4,0
2016-05-26 17,17,17102,4,0
2016-05-26 18,18,17041,4,0
2016-05-26 19,19,16969,4,0
2016-05-26 20,20,16621,4,0
2016-05-26 21,21,16087,4,0
2016-05-26 22,22,15238,4,0
2016-05-26 23,23,14225,4,0
2016-05-27 00,0,13209,5,0
2016-05-27 01,1,12670,5,0
2016-05-27 02,2,12359,5,0
2016-05-27 03,3,12195,5,0
2016-05-27 04,4,12430,5,0
2016-05-27 05,5,12907,5,0
2016-05-27 06,6,13993,5,0
2016-05-27 07,7,15898,5,0
2016-05-27 08,8,17436,5,0
2016-05-27 09,9,18176,5,0
2016-05-27 10,10,18317,5,0
2016-05-27 11,11,17663,5,0
2016-05-27 12,12,17605,5,0
2016-05-27 13,13,17796,5,0
2016-05-27 14,14,17670,5,0
2016-05-27 15,15,17784,5,0
2016-05-27 16,16,17624,5,0
2016-05-27 17,17,17268,5,0
2016-05-27 18,18,17353,5,0
2016-05-27 19,19,17223,5,0
2016-05-27 20,20,16874,5,0
2016-05-27 21,21,16436,5,0
2016-05-27 22,22,15365,5,0
2016-05-27 23,23,13985,5,0
2016-05-28 00,0,13056,6,1
2016-05-28 01,1,12531,6,1
2016-05-28 02,2,12155,6,1
2016-05-28 03,3,11944,6,1
2016-05-28 04,4,12123,6,1
2016-05-28 05,5,12388,6,1
2016-05-28 06,6,13072,6,1
2016-05-28 07,7,14362,6,1
2016-05-28 08,8,15591,6,1
2016-05-28 09,9,16310,6,1
2016-05-28 10,10,16417,6,1
2016-05-28 11,11,16062,6,1
2016-05-28 12,12,15836,6,1
2016-05-28 13,13,15971,6,1
2016-05-28 14,14,15789,6,1
2016-05-28 15,15,16012,6,1
2016-05-28 16,16,16001,6,1
2016-05-28 17,17,15609,6,1
2016-05-28 18,18,15795,6,1
2016-05-28 19,19,15814,6,1
2016-05-28 20,20,15563,6,1
2016-05-28 21,21,15047,6,1
2016-05-28 22,22,14502,6,1
2016-05-28 23,23,13335,6,1
2016-05-29 00,0,12330,7,1
2016-05-29 01,1,11950,7,1
2016-05-29 02,2,11826,7,1
2016-05-29 03,3,11653,7,1
2016-05-29 04,4,11834,7,1
2016-05-29 05,5,12008,7,1
2016-05-29 06,6,12358,7,1
2016-05-29 07,7,13266,7,1
2016-05-29 08,8,14410,7,1
2016-05-29 09,9,15104,7,1
2016-05-29 10,10,15181,7,1
2016-05-29 11,11,14954,7,1
2016-05-29 12,12,14595,7,1
2016-05-29 13,13,14568,7,1
2016-05-29 14,14,14599,7,1
2016-05-29 15,15,14922,7,1
2016-05-29 16,16,15147,7,1
2016-05-29 17,17,15005,7,1
2016-05-29 18,18,15190,7,1
2016-05-29 19,19,15197,7,1
2016-05-29 20,20,15025,7,1
2016-05-29 21,21,14585,7,1
2016-05-29 22,22,13998,7,1
2016-05-29 23,23,12901,7,1
2016-05-30 00,0,12020,1,0
2016-05-30 01,1,11452,1,0
2016-05-30 02,2,11232,1,0
2016-05-30 03,3,11123,1,0
2016-05-30 04,4,11803,1,0
2016-05-30 05,5,12121,1,0
2016-05-30 06,6,13469,1,0
2016-05-30 07,7,15503,1,0
2016-05-30 08,8,17214,1,0
2016-05-30 09,9,17955,1,0
2016-05-30 10,10,18073,1,0
2016-05-30 11,11,17413,1,0
2016-05-30 12,12,17326,1,0
2016-05-30 13,13,17479,1,0
2016-05-30 14,14,17405,1,0
2016-05-30 15,15,17504,1,0
2016-05-30 16,16,17524,1,0
2016-05-30 17,17,16975,1,0
2016-05-30 18,18,17044,1,0
2016-05-30 19,19,17005,1,0
2016-05-30 20,20,16645,1,0
2016-05-30 21,21,15997,1,0
2016-05-30 22,22,15207,1,0
2016-05-30 23,23,13941,1,0
2016-05-31 00,0,12967,2,0
2016-05-31 01,1,12595,2,0
2016-05-31 02,2,11979,2,0
2016-05-31 03,3,11959,2,0
2016-05-31 04,4,12434,2,0
2016-05-31 05,5,12790,2,0
2016-05-31 06,6,13777,2,0
2016-05-31 07,7,15782,2,0
2016-05-31 08,8,17514,2,0
2016-05-31 09,9,18338,2,0
2016-05-31 10,10,18499,2,0
2016-05-31 11,11,18102,2,0
2016-05-31 12,12,18369,2,0
2016-05-31 13,13,18506,2,0
2016-05-31 14,14,18480,2,0
2016-05-31 15,15,18634,2,0
2016-05-31 16,16,18523,2,0
2016-05-31 17,17,17882,2,0
2016-05-31 18,18,17391,2,0
2016-05-31 19,19,17359,2,0
2016-05-31 20,20,17045,2,0
2016-05-31 21,21,16470,2,0
2016-05-31 22,22,15422,2,0
2016-05-31 23,23,14064,2,0
2016-06-01 00,0,13040,3,0
2016-06-01 01,1,12634,3,0
2016-06-01 02,2,12157,3,0
2016-06-01 03,3,11948,3,0
2016-06-01 04,4,12256,3,0
2016-06-01 05,5,12595,3,0
2016-06-01 06,6,13755,3,0
2016-06-01 07,7,15734,3,0
2016-06-01 08,8,17280,3,0
2016-06-01 09,9,17726,3,0
2016-06-01 10,10,17762,3,0
2016-06-01 11,11,17219,3,0
2016-06-01 12,12,17627,3,0
2016-06-01 13,13,17769,3,0
2016-06-01 14,14,17742,3,0
2016-06-01 15,15,17779,3,0
2016-06-01 16,16,17685,3,0
2016-06-01 17,17,17483,3,0
2016-06-01 18,18,17343,3,0
2016-06-01 19,19,17343,3,0
2016-06-01 20,20,17077,3,0
2016-06-01 21,21,16664,3,0
2016-06-01 22,22,15641,3,0
2016-06-01 23,23,14361,3,0
2016-06-02 00,0,13113,4,0
2016-06-02 01,1,12504,4,0
2016-06-02 02,2,12022,4,0
2016-06-02 03,3,11977,4,0
2016-06-02 04,4,12193,4,0
2016-06-02 05,5,12640,4,0
2016-06-02 06,6,13367,4,0
2016-06-02 07,7,15147,4,0
2016-06-02 08,8,16931,4,0
2016-06-02 09,9,17682,4,0
2016-06-02 10,10,17959,4,0
2016-06-02 11,11,17562,4,0
2016-06-02 12,12,17568,4,0
2016-06-02 13,13,17865,4,0
2016-06-02 14,14,17838,4,0
2016-06-02 15,15,17875,4,0
2016-06-02 16,16,17792,4,0
2016-06-02 17,17,17579,4,0
2016-06-02 18,18,17439,4,0
2016-06-02 19,19,17442,4,0
2016-06-02 20,20,17176,4,0
2016-06-02 21,21,16763,4,0
2016-06-02 22,22,15745,4,0
2016-06-02 23,23,14455,4,0
2016-06-03 00,0,13204,5,0
2016-06-03 01,1,12490,5,0
2016-06-03 02,2,12158,5,0
2016-06-03 03,3,11975,5,0
2016-06-03 04,4,12122,5,0
2016-06-03 05,5,12674,5,0
2016-06-03 06,6,13513,5,0
2016-06-03 07,7,14972,5,0
2016-06-03 08,8,16739,5,0
2016-06-03 09,9,17658,5,0
2016-06-03 10,10,17647,5,0
2016-06-03 11,11,17264,5,0
2016-06-03 12,12,16738,5,0
2016-06-03 13,13,16999,5,0
2016-06-03 14,14,16990,5,0
2016-06-03 15,15,17110,5,0
2016-06-03 16,16,17282,5,0
2016-06-03 17,17,16758,5,0
2016-06-03 18,18,16258,5,0
2016-06-03 19,19,16359,5,0
2016-06-03 20,20,16155,5,0
2016-06-03 21,21,15597,5,0
2016-06-03 22,22,14884,5,0
2016-06-03 23,23,14024,5,0
2016-06-04 00,0,12989,6,1
2016-06-04 01,1,12305,6,1
2016-06-04 02,2,11882,6,1
2016-06-04 03,3,11723,6,1
2016-06-04 04,4,11798,6,1
2016-06-04 05,5,12046,6,1
2016-06-04 06,6,12581,6,1
2016-06-04 07,7,13644,6,1
2016-06-04 08,8,15101,6,1
2016-06-04 09,9,15987,6,1
2016-06-04 10,10,16245,6,1
2016-06-04 11,11,16017,6,1
2016-06-04 12,12,15472,6,1
2016-06-04 13,13,15638,6,1
2016-06-04 14,14,15529,6,1
2016-06-04 15,15,15581,6,1
2016-06-04 16,16,15699,6,1
2016-06-04 17,17,15510,6,1
2016-06-04 18,18,15443,6,1
2016-06-04 19,19,15617,6,1
2016-06-04 20,20,15531,6,1
2016-06-04 21,21,15265,6,1
2016-06-04 22,22,14498,6,1
2016-06-04 23,23,13570,6,1
2016-06-05 00,0,12442,7,1
2016-06-05 01,1,11954,7,1
2016-06-05 02,2,11680,7,1
2016-06-05 03,3,11478,7,1
2016-06-05 04,4,11700,7,1
2016-06-05 05,5,11900,7,1
2016-06-05 06,6,12170,7,1
2016-06-05 07,7,13006,7,1
2016-06-05 08,8,14055,7,1
2016-06-05 09,9,14799,7,1
2016-06-05 10,10,15180,7,1
2016-06-05 11,11,15002,7,1
2016-06-05 12,12,14667,7,1
2016-06-05 13,13,14732,7,1
2016-06-05 14,14,14686,7,1
2016-06-05 15,15,14825,7,1
2016-06-05 16,16,15119,7,1
2016-06-05 17,17,15025,7,1
2016-06-05 18,18,14923,7,1
2016-06-05 19,19,15131,7,1
2016-06-05 20,20,15101,7,1
2016-06-05 21,21,14787,7,1
2016-06-05 22,22,14106,7,1
2016-06-05 23,23,13161,7,1
2016-06-06 00,0,12233,1,0
2016-06-06 01,1,11602,1,0
2016-06-06 02,2,11319,1,0
2016-06-06 03,3,11253,1,0
2016-06-06 04,4,11542,1,0
2016-06-06 05,5,12116,1,0
2016-06-06 06,6,13094,1,0
2016-06-06 07,7,14824,1,0
2016-06-06 08,8,16933,1,0
2016-06-06 09,9,17846,1,0
2016-06-06 10,10,18049,1,0
2016-06-06 11,11,17824,1,0
2016-06-06 12,12,17567,1,0
2016-06-06 13,13,17911,1,0
2016-06-06 14,14,17946,1,0
2016-06-06 15,15,18073,1,0
2016-06-06 16,16,18132,1,0
2016-06-06 17,17,17405,1,0
2016-06-06 18,18,17077,1,0
2016-06-06 19,19,17207,1,0
2016-06-06 20,20,16833,1,0
2016-06-06 21,21,16385,1,0
2016-06-06 22,22,15515,1,0
2016-06-06 23,23,14415,1,0
2016-06-07 00,0,13389,2,0
2016-06-07 01,1,12425,2,0
2016-06-07 02,2,12104,2,0
2016-06-07 03,3,12172,2,0
2016-06-07 04,4,12514,2,0
2016-06-07 05,5,12792,2,0
2016-06-07 06,6,13847,2,0
2016-06-07 07,7,15521,2,0
2016-06-07 08,8,17672,2,0
2016-06-07 09,9,18458,2,0
2016-06-07 10,10,18754,2,0
2016-06-07 11,11,18404,2,0
2016-06-07 12,12,18127,2,0
2016-06-07 13,13,18373,2,0
2016-06-07 14,14,18291,2,0
2016-06-07 15,15,18343,2,0
2016-06-07 16,16,18366,2,0
2016-06-07 17,17,17839,2,0
2016-06-07 18,18,17137,2,0
2016-06-07 19,19,17156,2,0
2016-06-07 20,20,16825,2,0
2016-06-07 21,21,16442,2,0
2016-06-07 22,22,15409,2,0
2016-06-07 23,23,14490,2,0
2016-06-08 00,0,13549,3,0
2016-06-08 01,1,12824,3,0
2016-06-08 02,2,12514,3,0
2016-06-08 03,3,12407,3,0
2016-06-08 04,4,12581,3,0
2016-06-08 05,5,13152,3,0
2016-06-08 06,6,13897,3,0
2016-06-08 07,7,15618,3,0
2016-06-08 08,8,17630,3,0
2016-06-08 09,9,18477,3,0
2016-06-08 10,10,18842,3,0
2016-06-08 11,11,18502,3,0
2016-06-08 12,12,18133,3,0
2016-06-08 13,13,18396,3,0
2016-06-08 14,14,18080,3,0
2016-06-08 15,15,17967,3,0
2016-06-08 16,16,17994,3,0
2016-06-08 17,17,17463,3,0
2016-06-08 18,18,16995,3,0
2016-06-08 19,19,17013,3,0
2016-06-08 20,20,16691,3,0
2016-06-08 21,21,16314,3,0
2016-06-08 22,22,15363,3,0
2016-06-08 23,23,13941,3,0
2016-06-09 00,0,12874,4,-1
2016-06-09 01,1,12114,4,-1
2016-06-09 02,2,11656,4,-1
2016-06-09 03,3,11412,4,-1
2016-06-09 04,4,11487,4,-1
2016-06-09 05,5,11548,4,-1
2016-06-09 06,6,11660,4,-1
2016-06-09 07,7,11892,4,-1
2016-06-09 08,8,12683,4,-1
2016-06-09 09,9,13308,4,-1
2016-06-09 10,10,13588,4,-1
2016-06-09 11,11,13581,4,-1
2016-06-09 12,12,13382,4,-1
2016-06-09 13,13,13324,4,-1
2016-06-09 14,14,13319,4,-1
2016-06-09 15,15,13378,4,-1
2016-06-09 16,16,13686,4,-1
2016-06-09 17,17,13815,4,-1
2016-06-09 18,18,13925,4,-1
2016-06-09 19,19,14170,4,-1
2016-06-09 20,20,14186,4,-1
2016-06-09 21,21,13965,4,-1
2016-06-09 22,22,13353,4,-1
2016-06-09 23,23,12212,4,-1
2016-06-10 00,0,11335,5,1
2016-06-10 01,1,10862,5,1
2016-06-10 02,2,10558,5,1
2016-06-10 03,3,10346,5,1
2016-06-10 04,4,10454,5,1
2016-06-10 05,5,10951,5,1
2016-06-10 06,6,11414,5,1
2016-06-10 07,7,12669,5,1
2016-06-10 08,8,13894,5,1
2016-06-10 09,9,14684,5,1
2016-06-10 10,10,15019,5,1
2016-06-10 11,11,14966,5,1
2016-06-10 12,12,14855,5,1
2016-06-10 13,13,14903,5,1
2016-06-10 14,14,14888,5,1
2016-06-10 15,15,15036,5,1
2016-06-10 16,16,15248,5,1
2016-06-10 17,17,15191,5,1
2016-06-10 18,18,14962,5,1
2016-06-10 19,19,15094,5,1
2016-06-10 20,20,14988,5,1
2016-06-10 21,21,14505,5,1
2016-06-10 22,22,13661,5,1
2016-06-10 23,23,12744,5,1
2016-06-11 00,0,11658,6,1
2016-06-11 01,1,11217,6,1
2016-06-11 02,2,10957,6,1
2016-06-11 03,3,10817,6,1
2016-06-11 04,4,11042,6,1
2016-06-11 05,5,11330,6,1
2016-06-11 06,6,11788,6,1
2016-06-11 07,7,13432,6,1
2016-06-11 08,8,15117,6,1
2016-06-11 09,9,16219,6,1
2016-06-11 10,10,16621,6,1
2016-06-11 11,11,16575,6,1
2016-06-11 12,12,16383,6,1
2016-06-11 13,13,16586,6,1
2016-06-11 14,14,16535,6,1
2016-06-11 15,15,16739,6,1
2016-06-11 16,16,16748,6,1
2016-06-11 17,17,16209,6,1
2016-06-11 18,18,16242,6,1
2016-06-11 19,19,16418,6,1
2016-06-11 20,20,16431,6,1
2016-06-11 21,21,16154,6,1
2016-06-11 22,22,15316,6,1
2016-06-11 23,23,14361,6,1
2016-06-12 00,0,12954,7,0
2016-06-12 01,1,11917,7,0
2016-06-12 02,2,11516,7,0
2016-06-12 03,3,11512,7,0
2016-06-12 04,4,11899,7,0
2016-06-12 05,5,12466,7,0
2016-06-12 06,6,13590,7,0
2016-06-12 07,7,15284,7,0
2016-06-12 08,8,17400,7,0
2016-06-12 09,9,18258,7,0
2016-06-12 10,10,18252,7,0
2016-06-12 11,11,18005,7,0
2016-06-12 12,12,17292,7,0
2016-06-12 13,13,17471,7,0
2016-06-12 14,14,17344,7,0
2016-06-12 15,15,17486,7,0
2016-06-12 16,16,18025,7,0
2016-06-12 17,17,17527,7,0
2016-06-12 18,18,17196,7,0
2016-06-12 19,19,17425,7,0
2016-06-12 20,20,16934,7,0
2016-06-12 21,21,16281,7,0
2016-06-12 22,22,15113,7,0
2016-06-12 23,23,14001,7,0
2016-06-13 00,0,13195,1,0
2016-06-13 01,1,12665,1,0
2016-06-13 02,2,12381,1,0
2016-06-13 03,3,12209,1,0
2016-06-13 04,4,12296,1,0
2016-06-13 05,5,12926,1,0
2016-06-13 06,6,13738,1,0
2016-06-13 07,7,15503,1,0
2016-06-13 08,8,17681,1,0
2016-06-13 09,9,18707,1,0
2016-06-13 10,10,19022,1,0
2016-06-13 11,11,18715,1,0
2016-06-13 12,12,18644,1,0
2016-06-13 13,13,18837,1,0
2016-06-13 14,14,18882,1,0
2016-06-13 15,15,19013,1,0
2016-06-13 16,16,18943,1,0
2016-06-13 17,17,18419,1,0
2016-06-13 18,18,17628,1,0
2016-06-13 19,19,17661,1,0
2016-06-13 20,20,17437,1,0
2016-06-13 21,21,16818,1,0
2016-06-13 22,22,15863,1,0
2016-06-13 23,23,14914,1,0
2016-06-14 00,0,13849,2,0
2016-06-14 01,1,13116,2,0
2016-06-14 02,2,12703,2,0
2016-06-14 03,3,12455,2,0
2016-06-14 04,4,12683,2,0
2016-06-14 05,5,13135,2,0
2016-06-14 06,6,13942,2,0
2016-06-14 07,7,16133,2,0
2016-06-14 08,8,18555,2,0
2016-06-14 09,9,19839,2,0
2016-06-14 10,10,20088,2,0
2016-06-14 11,11,19798,2,0
2016-06-14 12,12,19796,2,0
2016-06-14 13,13,20071,2,0
2016-06-14 14,14,20098,2,0
2016-06-14 15,15,20101,2,0
2016-06-14 16,16,20106,2,0
2016-06-14 17,17,19343,2,0
2016-06-14 18,18,18475,2,0
2016-06-14 19,19,18545,2,0
2016-06-14 20,20,18386,2,0
2016-06-14 21,21,17753,2,0
2016-06-14 22,22,16507,2,0
2016-06-14 23,23,15582,2,0
2016-06-15 00,0,14263,3,0
2016-06-15 01,1,13396,3,0
2016-06-15 02,2,12949,3,0
2016-06-15 03,3,12710,3,0
2016-06-15 04,4,13096,3,0
2016-06-15 05,5,13467,3,0
2016-06-15 06,6,14738,3,0
2016-06-15 07,7,17023,3,0
2016-06-15 08,8,20061,3,0
2016-06-15 09,9,21207,3,0
2016-06-15 10,10,21318,3,0
2016-06-15 11,11,21171,3,0
2016-06-15 12,12,20835,3,0
2016-06-15 13,13,21112,3,0
2016-06-15 14,14,21137,3,0
2016-06-15 15,15,21110,3,0
2016-06-15 16,16,21147,3,0
2016-06-15 17,17,20216,3,0
2016-06-15 18,18,19475,3,0
2016-06-15 19,19,19205,3,0
2016-06-15 20,20,19018,3,0
2016-06-15 21,21,18412,3,0
2016-06-15 22,22,17171,3,0
2016-06-15 23,23,15645,3,0
2016-06-16 00,0,14352,4,0
2016-06-16 01,1,13728,4,0
2016-06-16 02,2,13223,4,0
2016-06-16 03,3,13013,4,0
2016-06-16 04,4,13179,4,0
2016-06-16 05,5,13584,4,0
2016-06-16 06,6,14338,4,0
2016-06-16 07,7,16429,4,0
2016-06-16 08,8,18596,4,0
2016-06-16 09,9,19537,4,0
2016-06-16 10,10,19662,4,0
2016-06-16 11,11,19352,4,0
2016-06-16 12,12,19412,4,0
2016-06-16 13,13,19819,4,0
2016-06-16 14,14,19807,4,0
2016-06-16 15,15,19817,4,0
2016-06-16 16,16,19645,4,0
2016-06-16 17,17,19155,4,0
2016-06-16 18,18,18660,4,0
2016-06-16 19,19,18679,4,0
2016-06-16 20,20,18587,4,0
2016-06-16 21,21,17991,4,0
2016-06-16 22,22,17023,4,0
2016-06-16 23,23,15692,4,0
2016-06-17 00,0,14231,5,0
2016-06-17 01,1,13664,5,0
2016-06-17 02,2,13097,5,0
2016-06-17 03,3,12846,5,0
2016-06-17 04,4,13132,5,0
2016-06-17 05,5,13494,5,0
2016-06-17 06,6,14520,5,0
2016-06-17 07,7,16557,5,0
2016-06-17 08,8,19169,5,0
2016-06-17 09,9,20179,5,0
2016-06-17 10,10,20620,5,0
2016-06-17 11,11,20249,5,0
2016-06-17 12,12,20141,5,0
2016-06-17 13,13,20468,5,0
2016-06-17 14,14,20379,5,0
2016-06-17 15,15,20391,5,0
2016-06-17 16,16,20223,5,0
2016-06-17 17,17,19744,5,0
2016-06-17 18,18,19257,5,0
2016-06-17 19,19,19273,5,0
2016-06-17 20,20,19183,5,0
2016-06-17 21,21,18603,5,0
2016-06-17 22,22,17287,5,0
2016-06-17 23,23,15704,5,0
2016-06-18 00,0,14729,6,1
2016-06-18 01,1,13932,6,1
2016-06-18 02,2,13368,6,1
2016-06-18 03,3,13010,6,1
2016-06-18 04,4,13251,6,1
2016-06-18 05,5,13309,6,1
2016-06-18 06,6,13748,6,1
2016-06-18 07,7,15183,6,1
2016-06-18 08,8,17058,6,1
2016-06-18 09,9,18212,6,1
2016-06-18 10,10,18845,6,1
2016-06-18 11,11,18838,6,1
2016-06-18 12,12,18928,6,1
2016-06-18 13,13,19045,6,1
2016-06-18 14,14,18974,6,1
2016-06-18 15,15,18983,6,1
2016-06-18 16,16,19008,6,1
2016-06-18 17,17,18078,6,1
2016-06-18 18,18,17561,6,1
2016-06-18 19,19,17659,6,1
2016-06-18 20,20,17639,6,1
2016-06-18 21,21,17361,6,1
2016-06-18 22,22,16434,6,1
2016-06-18 23,23,15657,6,1
2016-06-19 00,0,14210,7,1
2016-06-19 01,1,13615,7,1
2016-06-19 02,2,13113,7,1
2016-06-19 03,3,12715,7,1
2016-06-19 04,4,12709,7,1
2016-06-19 05,5,12823,7,1
2016-06-19 06,6,13032,7,1
2016-06-19 07,7,14607,7,1
2016-06-19 08,8,16068,7,1
2016-06-19 09,9,17074,7,1
2016-06-19 10,10,18177,7,1
2016-06-19 11,11,18223,7,1
2016-06-19 12,12,18369,7,1
2016-06-19 13,13,18360,7,1
2016-06-19 14,14,18143,7,1
2016-06-19 15,15,17852,7,1
2016-06-19 16,16,17733,7,1
2016-06-19 17,17,17021,7,1
2016-06-19 18,18,16896,7,1
2016-06-19 19,19,17412,7,1
2016-06-19 20,20,17497,7,1
2016-06-19 21,21,17333,7,1
2016-06-19 22,22,16591,7,1
2016-06-19 23,23,15123,7,1
2016-06-20 00,0,14064,1,0
2016-06-20 01,1,12970,1,0
2016-06-20 02,2,12761,1,0
2016-06-20 03,3,12550,1,0
2016-06-20 04,4,12691,1,0
2016-06-20 05,5,13160,1,0
2016-06-20 06,6,14520,1,0
2016-06-20 07,7,17275,1,0
2016-06-20 08,8,20404,1,0
2016-06-20 09,9,21823,1,0
2016-06-20 10,10,21988,1,0
2016-06-20 11,11,21527,1,0
2016-06-20 12,12,21690,1,0
2016-06-20 13,13,21865,1,0
2016-06-20 14,14,21895,1,0
2016-06-20 15,15,21827,1,0
2016-06-20 16,16,21830,1,0
2016-06-20 17,17,21306,1,0
2016-06-20 18,18,20923,1,0
2016-06-20 19,19,21021,1,0
2016-06-20 20,20,20726,1,0
2016-06-20 21,21,20197,1,0
2016-06-20 22,22,19189,1,0
2016-06-20 23,23,17440,1,0
2016-06-21 00,0,15559,2,0
2016-06-21 01,1,14528,2,0
2016-06-21 02,2,13948,2,0
2016-06-21 03,3,13666,2,0
2016-06-21 04,4,13888,2,0
2016-06-21 05,5,14324,2,0
2016-06-21 06,6,15232,2,0
2016-06-21 07,7,17977,2,0
2016-06-21 08,8,21223,2,0
2016-06-21 09,9,22609,2,0
2016-06-21 10,10,23032,2,0
2016-06-21 11,11,22823,2,0
2016-06-21 12,12,22862,2,0
2016-06-21 13,13,23083,2,0
2016-06-21 14,14,23217,2,0
2016-06-21 15,15,23280,2,0
2016-06-21 16,16,23188,2,0
2016-06-21 17,17,22492,2,0
2016-06-21 18,18,21573,2,0
2016-06-21 19,19,21776,2,0
2016-06-21 20,20,21711,2,0
2016-06-21 21,21,20973,2,0
2016-06-21 22,22,19989,2,0
2016-06-21 23,23,18387,2,0
2016-06-22 00,0,16965,3,0
2016-06-22 01,1,14688,3,0
2016-06-22 02,2,13942,3,0
2016-06-22 03,3,13727,3,0
2016-06-22 04,4,14160,3,0
2016-06-22 05,5,14563,3,0
2016-06-22 06,6,15672,3,0
2016-06-22 07,7,18605,3,0
2016-06-22 08,8,21712,3,0
2016-06-22 09,9,22711,3,0
2016-06-22 10,10,22745,3,0
2016-06-22 11,11,22539,3,0
2016-06-22 12,12,22514,3,0
2016-06-22 13,13,22674,3,0
2016-06-22 14,14,22680,3,0
2016-06-22 15,15,22711,3,0
2016-06-22 16,16,22650,3,0
2016-06-22 17,17,21862,3,0
2016-06-22 18,18,21100,3,0
2016-06-22 19,19,21478,3,0
2016-06-22 20,20,21413,3,0
2016-06-22 21,21,20665,3,0
2016-06-22 22,22,19491,3,0
2016-06-22 23,23,17691,3,0
2016-06-23 00,0,16137,4,0
2016-06-23 01,1,15505,4,0
2016-06-23 02,2,14904,4,0
2016-06-23 03,3,14558,4,0
2016-06-23 04,4,14558,4,0
2016-06-23 05,5,14850,4,0
2016-06-23 06,6,16195,4,0
2016-06-23 07,7,19021,4,0
2016-06-23 08,8,22153,4,0
2016-06-23 09,9,23342,4,0
2016-06-23 10,10,23720,4,0
2016-06-23 11,11,23654,4,0
2016-06-23 12,12,23769,4,0
2016-06-23 13,13,24078,4,0
2016-06-23 14,14,24145,4,0
2016-06-23 15,15,24307,4,0
2016-06-23 16,16,24305,4,0
2016-06-23 17,17,23283,4,0
2016-06-23 18,18,22428,4,0
2016-06-23 19,19,22567,4,0
2016-06-23 20,20,22520,4,0
2016-06-23 21,21,22141,4,0
2016-06-23 22,22,21019,4,0
2016-06-23 23,23,19366,4,0
2016-06-24 00,0,17751,5,0
2016-06-24 01,1,16656,5,0
2016-06-24 02,2,15557,5,0
2016-06-24 03,3,15288,5,0
2016-06-24 04,4,15335,5,0
2016-06-24 05,5,15675,5,0
2016-06-24 06,6,17198,5,0
2016-06-24 07,7,20046,5,0
2016-06-24 08,8,23053,5,0
2016-06-24 09,9,24603,5,0
2016-06-24 10,10,24823,5,0
2016-06-24 11,11,24736,5,0
2016-06-24 12,12,24363,5,0
2016-06-24 13,13,24204,5,0
2016-06-24 14,14,23789,5,0
2016-06-24 15,15,23031,5,0
2016-06-24 16,16,22862,5,0
2016-06-24 17,17,22445,5,0
2016-06-24 18,18,22071,5,0
2016-06-24 19,19,22229,5,0
2016-06-24 20,20,22179,5,0
2016-06-24 21,21,21804,5,0
2016-06-24 22,22,20451,5,0
2016-06-24 23,23,17854,5,0
2016-06-25 00,0,16919,6,1
2016-06-25 01,1,15894,6,1
2016-06-25 02,2,15196,6,1
2016-06-25 03,3,14529,6,1
2016-06-25 04,4,14451,6,1
2016-06-25 05,5,14529,6,1
2016-06-25 06,6,14582,6,1
2016-06-25 07,7,15658,6,1
2016-06-25 08,8,17861,6,1
2016-06-25 09,9,19171,6,1
2016-06-25 10,10,19688,6,1
2016-06-25 11,11,19065,6,1
2016-06-25 12,12,19049,6,1
2016-06-25 13,13,19295,6,1
2016-06-25 14,14,19292,6,1
2016-06-25 15,15,19076,6,1
2016-06-25 16,16,19307,6,1
2016-06-25 17,17,19088,6,1
2016-06-25 18,18,18848,6,1
2016-06-25 19,19,18970,6,1
2016-06-25 20,20,18889,6,1
2016-06-25 21,21,18643,6,1
2016-06-25 22,22,17809,6,1
2016-06-25 23,23,16904,6,1
2016-06-26 00,0,16022,7,1
2016-06-26 01,1,14148,7,1
2016-06-26 02,2,13795,7,1
2016-06-26 03,3,13349,7,1
2016-06-26 04,4,13350,7,1
2016-06-26 05,5,13431,7,1
2016-06-26 06,6,13668,7,1
2016-06-26 07,7,14591,7,1
2016-06-26 08,8,16399,7,1
2016-06-26 09,9,17231,7,1
2016-06-26 10,10,17319,7,1
2016-06-26 11,11,16948,7,1
2016-06-26 12,12,16990,7,1
2016-06-26 13,13,17023,7,1
2016-06-26 14,14,16947,7,1
2016-06-26 15,15,16958,7,1
2016-06-26 16,16,17451,7,1
2016-06-26 17,17,17313,7,1
2016-06-26 18,18,17393,7,1
2016-06-26 19,19,17588,7,1
2016-06-26 20,20,17395,7,1
2016-06-26 21,21,17166,7,1
2016-06-26 22,22,15962,7,1
2016-06-26 23,23,14712,7,1
2016-06-27 00,0,13782,1,0
2016-06-27 01,1,12874,1,0
2016-06-27 02,2,12362,1,0
2016-06-27 03,3,11828,1,0
2016-06-27 04,4,11943,1,0
2016-06-27 05,5,12445,1,0
2016-06-27 06,6,13584,1,0
2016-06-27 07,7,16279,1,0
2016-06-27 08,8,19445,1,0
2016-06-27 09,9,20391,1,0
2016-06-27 10,10,20400,1,0
2016-06-27 11,11,19950,1,0
2016-06-27 12,12,19987,1,0
2016-06-27 13,13,20248,1,0
2016-06-27 14,14,20095,1,0
2016-06-27 15,15,20052,1,0
2016-06-27 16,16,19796,1,0
2016-06-27 17,17,19580,1,0
2016-06-27 18,18,18824,1,0
2016-06-27 19,19,17847,1,0
2016-06-27 20,20,17682,1,0
2016-06-27 21,21,17047,1,0
2016-06-27 22,22,16307,1,0
2016-06-27 23,23,15395,1,0
2016-06-28 00,0,14589,2,0
2016-06-28 01,1,13183,2,0
2016-06-28 02,2,12565,2,0
2016-06-28 03,3,12617,2,0
2016-06-28 04,4,12612,2,0
2016-06-28 05,5,13208,2,0
2016-06-28 06,6,14040,2,0
2016-06-28 07,7,15826,2,0
2016-06-28 08,8,17932,2,0
2016-06-28 09,9,19113,2,0
2016-06-28 10,10,19300,2,0
2016-06-28 11,11,19152,2,0
2016-06-28 12,12,18891,2,0
2016-06-28 13,13,19487,2,0
2016-06-28 14,14,19377,2,0
2016-06-28 15,15,19436,2,0
2016-06-28 16,16,19438,2,0
2016-06-28 17,17,18309,2,0
2016-06-28 18,18,17838,2,0
2016-06-28 19,19,18075,2,0
2016-06-28 20,20,17626,2,0
2016-06-28 21,21,17111,2,0
2016-06-28 22,22,16135,2,0
2016-06-28 23,23,14783,2,0
2016-06-29 00,0,14192,3,0
2016-06-29 01,1,13752,3,0
2016-06-29 02,2,13215,3,0
2016-06-29 03,3,13023,3,0
2016-06-29 04,4,13031,3,0
2016-06-29 05,5,13551,3,0
2016-06-29 06,6,14300,3,0
2016-06-29 07,7,16225,3,0
2016-06-29 08,8,18358,3,0
2016-06-29 09,9,19281,3,0
2016-06-29 10,10,19531,3,0
2016-06-29 11,11,19259,3,0
2016-06-29 12,12,19046,3,0
2016-06-29 13,13,19367,3,0
2016-06-29 14,14,19372,3,0
2016-06-29 15,15,19573,3,0
2016-06-29 16,16,19543,3,0
2016-06-29 17,17,18874,3,0
2016-06-29 18,18,18363,3,0
2016-06-29 19,19,18438,3,0
2016-06-29 20,20,18075,3,0
2016-06-29 21,21,17758,3,0
2016-06-29 22,22,16844,3,0
2016-06-29 23,23,15775,3,0
2016-06-30 00,0,14573,4,0
2016-06-30 01,1,13841,4,0
2016-06-30 02,2,13337,4,0
2016-06-30 03,3,13209,4,0
2016-06-30 04,4,13353,4,0
2016-06-30 05,5,13644,4,0
2016-06-30 06,6,14623,4,0
2016-06-30 07,7,17033,4,0
2016-06-30 08,8,19915,4,0
2016-06-30 09,9,21285,4,0
2016-06-30 10,10,21747,4,0
2016-06-30 11,11,21617,4,0
2016-06-30 12,12,21927,4,0
2016-06-30 13,13,22316,4,0
2016-06-30 14,14,22295,4,0
2016-06-30 15,15,22342,4,0
2016-06-30 16,16,22186,4,0
2016-06-30 17,17,21588,4,0
2016-06-30 18,18,20633,4,0
2016-06-30 19,19,19221,4,0
2016-06-30 20,20,19109,4,0
2016-06-30 21,21,18645,4,0
2016-06-30 22,22,17691,4,0
2016-06-30 23,23,16539,4,0
2016-07-01 00,0,15386,5,0
2016-07-01 01,1,14905,5,0
2016-07-01 02,2,14387,5,0
2016-07-01 03,3,14058,5,0
2016-07-01 04,4,14197,5,0
2016-07-01 05,5,14330,5,0
2016-07-01 06,6,15506,5,0
2016-07-01 07,7,17797,5,0
2016-07-01 08,8,20784,5,0
2016-07-01 09,9,21953,5,0
2016-07-01 10,10,22243,5,0
2016-07-01 11,11,22037,5,0
2016-07-01 12,12,22152,5,0
2016-07-01 13,13,22575,5,0
2016-07-01 14,14,22610,5,0
2016-07-01 15,15,22610,5,0
2016-07-01 16,16,22496,5,0
2016-07-01 17,17,21642,5,0
2016-07-01 18,18,20324,5,0
2016-07-01 19,19,20219,5,0
2016-07-01 20,20,20001,5,0
2016-07-01 21,21,19831,5,0
2016-07-01 22,22,18798,5,0
2016-07-01 23,23,17572,5,0
2016-07-02 00,0,16182,6,1
2016-07-02 01,1,15299,6,1
2016-07-02 02,2,14623,6,1
2016-07-02 03,3,14294,6,1
2016-07-02 04,4,14169,6,1
2016-07-02 05,5,14280,6,1
2016-07-02 06,6,14421,6,1
2016-07-02 07,7,15711,6,1
2016-07-02 08,8,17514,6,1
2016-07-02 09,9,18691,6,1
2016-07-02 10,10,18986,6,1
2016-07-02 11,11,18850,6,1
2016-07-02 12,12,19296,6,1
2016-07-02 13,13,19539,6,1
2016-07-02 14,14,19486,6,1
2016-07-02 15,15,19369,6,1
2016-07-02 16,16,19061,6,1
2016-07-02 17,17,18820,6,1
2016-07-02 18,18,18294,6,1
2016-07-02 19,19,18452,6,1
2016-07-02 20,20,18039,6,1
2016-07-02 21,21,17756,6,1
2016-07-02 22,22,16977,6,1
2016-07-02 23,23,16116,6,1
2016-07-03 00,0,15211,7,1
2016-07-03 01,1,14349,7,1
2016-07-03 02,2,13808,7,1
2016-07-03 03,3,13274,7,1
2016-07-03 04,4,13273,7,1
2016-07-03 05,5,13613,7,1
2016-07-03 06,6,13974,7,1
2016-07-03 07,7,15079,7,1
2016-07-03 08,8,16264,7,1
2016-07-03 09,9,17569,7,1
2016-07-03 10,10,18243,7,1
2016-07-03 11,11,18395,7,1
2016-07-03 12,12,18444,7,1
2016-07-03 13,13,18653,7,1
2016-07-03 14,14,18506,7,1
2016-07-03 15,15,18565,7,1
2016-07-03 16,16,18637,7,1
2016-07-03 17,17,18314,7,1
2016-07-03 18,18,18503,7,1
2016-07-03 19,19,18998,7,1
2016-07-03 20,20,19054,7,1
2016-07-03 21,21,18814,7,1
2016-07-03 22,22,17971,7,1
2016-07-03 23,23,16762,7,1
2016-07-04 00,0,15348,1,0
2016-07-04 01,1,14688,1,0
2016-07-04 02,2,14068,1,0
2016-07-04 03,3,13640,1,0
2016-07-04 04,4,13864,1,0
2016-07-04 05,5,14200,1,0
2016-07-04 06,6,15361,1,0
2016-07-04 07,7,18043,1,0
2016-07-04 08,8,21125,1,0
2016-07-04 09,9,22902,1,0
2016-07-04 10,10,23896,1,0
2016-07-04 11,11,23862,1,0
2016-07-04 12,12,24039,1,0
2016-07-04 13,13,24435,1,0
2016-07-04 14,14,24269,1,0
2016-07-04 15,15,24221,1,0
2016-07-04 16,16,23941,1,0
2016-07-04 17,17,22574,1,0
2016-07-04 18,18,21244,1,0
2016-07-04 19,19,21310,1,0
2016-07-04 20,20,20952,1,0
2016-07-04 21,21,20439,1,0
2016-07-04 22,22,19361,1,0
2016-07-04 23,23,17759,1,0
2016-07-05 00,0,16893,2,0
2016-07-05 01,1,15700,2,0
2016-07-05 02,2,14968,2,0
2016-07-05 03,3,14715,2,0
2016-07-05 04,4,14768,2,0
2016-07-05 05,5,14985,2,0
2016-07-05 06,6,16448,2,0
2016-07-05 07,7,19775,2,0
2016-07-05 08,8,22834,2,0
2016-07-05 09,9,24413,2,0
2016-07-05 10,10,24646,2,0
2016-07-05 11,11,24569,2,0
2016-07-05 12,12,24766,2,0
2016-07-05 13,13,24960,2,0
2016-07-05 14,14,25414,2,0
2016-07-05 15,15,25269,2,0
2016-07-05 16,16,24314,2,0
2016-07-05 17,17,22720,2,0
2016-07-05 18,18,21906,2,0
2016-07-05 19,19,21654,2,0
2016-07-05 20,20,21620,2,0
2016-07-05 21,21,21244,2,0
2016-07-05 22,22,20348,2,0
2016-07-05 23,23,18858,2,0
2016-07-06 00,0,17076,3,0
2016-07-06 01,1,16458,3,0
2016-07-06 02,2,15803,3,0
2016-07-06 03,3,15325,3,0
2016-07-06 04,4,15139,3,0
2016-07-06 05,5,15494,3,0
2016-07-06 06,6,16499,3,0
2016-07-06 07,7,19590,3,0
2016-07-06 08,8,22998,3,0
2016-07-06 09,9,25239,3,0
2016-07-06 10,10,26227,3,0
2016-07-06 11,11,26245,3,0
2016-07-06 12,12,25361,3,0
2016-07-06 13,13,25407,3,0
2016-07-06 14,14,25276,3,0
2016-07-06 15,15,25149,3,0
2016-07-06 16,16,24933,3,0
2016-07-06 17,17,24226,3,0
2016-07-06 18,18,23637,3,0
2016-07-06 19,19,23718,3,0
2016-07-06 20,20,23523,3,0
2016-07-06 21,21,23093,3,0
2016-07-06 22,22,22214,3,0
2016-07-06 23,23,20564,3,0
2016-07-07 00,0,18715,4,0
2016-07-07 01,1,17064,4,0
2016-07-07 02,2,16147,4,0
2016-07-07 03,3,15734,4,0
2016-07-07 04,4,15644,4,0
2016-07-07 05,5,15804,4,0
2016-07-07 06,6,16684,4,0
2016-07-07 07,7,19700,4,0
2016-07-07 08,8,23000,4,0
2016-07-07 09,9,24606,4,0
2016-07-07 10,10,25188,4,0
2016-07-07 11,11,24959,4,0
2016-07-07 12,12,25007,4,0
2016-07-07 13,13,25031,4,0
2016-07-07 14,14,24780,4,0
2016-07-07 15,15,24717,4,0
2016-07-07 16,16,24241,4,0
2016-07-07 17,17,24228,4,0
2016-07-07 18,18,23630,4,0
2016-07-07 19,19,23716,4,0
2016-07-07 20,20,23525,4,0
2016-07-07 21,21,23096,4,0
2016-07-07 22,22,22219,4,0
2016-07-07 23,23,20573,4,0
2016-07-08 00,0,18955,5,0
2016-07-08 01,1,18199,5,0
2016-07-08 02,2,17535,5,0
2016-07-08 03,3,16748,5,0
2016-07-08 04,4,16508,5,0
2016-07-08 05,5,16528,5,0
2016-07-08 06,6,17668,5,0
2016-07-08 07,7,20453,5,0
2016-07-08 08,8,23472,5,0
2016-07-08 09,9,24974,5,0
2016-07-08 10,10,25337,5,0
2016-07-08 11,11,25340,5,0
2016-07-08 12,12,25322,5,0
2016-07-08 13,13,25327,5,0
2016-07-08 14,14,24761,5,0
2016-07-08 15,15,24659,5,0
2016-07-08 16,16,24414,5,0
2016-07-08 17,17,23858,5,0
2016-07-08 18,18,23151,5,0
2016-07-08 19,19,23206,5,0
2016-07-08 20,20,23254,5,0
2016-07-08 21,21,23068,5,0
2016-07-08 22,22,22430,5,0
2016-07-08 23,23,20863,5,0
2016-07-09 00,0,19499,6,1
2016-07-09 01,1,16199,6,1
2016-07-09 02,2,15394,6,1
2016-07-09 03,3,15077,6,1
2016-07-09 04,4,14746,6,1
2016-07-09 05,5,14875,6,1
2016-07-09 06,6,15384,6,1
2016-07-09 07,7,16968,6,1
2016-07-09 08,8,18493,6,1
2016-07-09 09,9,19234,6,1
2016-07-09 10,10,19677,6,1
2016-07-09 11,11,19918,6,1
2016-07-09 12,12,20158,6,1
2016-07-09 13,13,20258,6,1
2016-07-09 14,14,20122,6,1
2016-07-09 15,15,20062,6,1
2016-07-09 16,16,19948,6,1
2016-07-09 17,17,19031,6,1
2016-07-09 18,18,18848,6,1
2016-07-09 19,19,18696,6,1
2016-07-09 20,20,18713,6,1
2016-07-09 21,21,18142,6,1
2016-07-09 22,22,17435,6,1
2016-07-09 23,23,16599,6,1
2016-07-10 00,0,15396,7,1
2016-07-10 01,1,14726,7,1
2016-07-10 02,2,14164,7,1
2016-07-10 03,3,13856,7,1
2016-07-10 04,4,13755,7,1
2016-07-10 05,5,13872,7,1
2016-07-10 06,6,14110,7,1
2016-07-10 07,7,15856,7,1
2016-07-10 08,8,17077,7,1
2016-07-10 09,9,17831,7,1
2016-07-10 10,10,18277,7,1
2016-07-10 11,11,18308,7,1
2016-07-10 12,12,18291,7,1
2016-07-10 13,13,18318,7,1
2016-07-10 14,14,18292,7,1
2016-07-10 15,15,18407,7,1
2016-07-10 16,16,18411,7,1
2016-07-10 17,17,17715,7,1
2016-07-10 18,18,17688,7,1
2016-07-10 19,19,18003,7,1
2016-07-10 20,20,18025,7,1
2016-07-10 21,21,17763,7,1
2016-07-10 22,22,17070,7,1
2016-07-10 23,23,16072,7,1
2016-07-11 00,0,15034,1,0
2016-07-11 01,1,14203,1,0
2016-07-11 02,2,13339,1,0
2016-07-11 03,3,13315,1,0
2016-07-11 04,4,13694,1,0
2016-07-11 05,5,14068,1,0
2016-07-11 06,6,15610,1,0
2016-07-11 07,7,18502,1,0
2016-07-11 08,8,21313,1,0
2016-07-11 09,9,22627,1,0
2016-07-11 10,10,22819,1,0
2016-07-11 11,11,22705,1,0
2016-07-11 12,12,22862,1,0
2016-07-11 13,13,23190,1,0
2016-07-11 14,14,23060,1,0
2016-07-11 15,15,22952,1,0
2016-07-11 16,16,22969,1,0
2016-07-11 17,17,21865,1,0
2016-07-11 18,18,20973,1,0
2016-07-11 19,19,20957,1,0
2016-07-11 20,20,20496,1,0
2016-07-11 21,21,19725,1,0
2016-07-11 22,22,18367,1,0
2016-07-11 23,23,17069,1,0
2016-07-12 00,0,16147,2,0
2016-07-12 01,1,15661,2,0
2016-07-12 02,2,15219,2,0
2016-07-12 03,3,15178,2,0
2016-07-12 04,4,15118,2,0
2016-07-12 05,5,15507,2,0
2016-07-12 06,6,16479,2,0
2016-07-12 07,7,19215,2,0
2016-07-12 08,8,22806,2,0
2016-07-12 09,9,23968,2,0
2016-07-12 10,10,24293,2,0
2016-07-12 11,11,24214,2,0
2016-07-12 12,12,24425,2,0
2016-07-12 13,13,25173,2,0
2016-07-12 14,14,25146,2,0
2016-07-12 15,15,25095,2,0
2016-07-12 16,16,25074,2,0
2016-07-12 17,17,23972,2,0
2016-07-12 18,18,22967,2,0
2016-07-12 19,19,22916,2,0
2016-07-12 20,20,22917,2,0
2016-07-12 21,21,22438,2,0
2016-07-12 22,22,20982,2,0
2016-07-12 23,23,19494,2,0
2016-07-13 00,0,17563,3,0
2016-07-13 01,1,16499,3,0
2016-07-13 02,2,15807,3,0
2016-07-13 03,3,15699,3,0
2016-07-13 04,4,15752,3,0
2016-07-13 05,5,15912,3,0
2016-07-13 06,6,17478,3,0
2016-07-13 07,7,20444,3,0
2016-07-13 08,8,24040,3,0
2016-07-13 09,9,25418,3,0
2016-07-13 10,10,25601,3,0
2016-07-13 11,11,25547,3,0
2016-07-13 12,12,25652,3,0
2016-07-13 13,13,26445,3,0
2016-07-13 14,14,26405,3,0
2016-07-13 15,15,26053,3,0
2016-07-13 16,16,25800,3,0
2016-07-13 17,17,24244,3,0
2016-07-13 18,18,22159,3,0
2016-07-13 19,19,22170,3,0
2016-07-13 20,20,22091,3,0
2016-07-13 21,21,21837,3,0
2016-07-13 22,22,20802,3,0
2016-07-13 23,23,19458,3,0
2016-07-14 00,0,18855,4,0
2016-07-14 01,1,17961,4,0
2016-07-14 02,2,16993,4,0
2016-07-14 03,3,16760,4,0
2016-07-14 04,4,16621,4,0
2016-07-14 05,5,16803,4,0
2016-07-14 06,6,17942,4,0
2016-07-14 07,7,20811,4,0
2016-07-14 08,8,24201,4,0
2016-07-14 09,9,25431,4,0
2016-07-14 10,10,25888,4,0
2016-07-14 11,11,24980,4,0
2016-07-14 12,12,24748,4,0
2016-07-14 13,13,24759,4,0
2016-07-14 14,14,24158,4,0
2016-07-14 15,15,24105,4,0
2016-07-14 16,16,24043,4,0
2016-07-14 17,17,23672,4,0
2016-07-14 18,18,23362,4,0
2016-07-14 19,19,23671,4,0
2016-07-14 20,20,23673,4,0
2016-07-14 21,21,23369,4,0
2016-07-14 22,22,22245,4,0
2016-07-14 23,23,20292,4,0
2016-07-15 00,0,18168,5,0
2016-07-15 01,1,17353,5,0
2016-07-15 02,2,16592,5,0
2016-07-15 03,3,16068,5,0
2016-07-15 04,4,15904,5,0
2016-07-15 05,5,16152,5,0
2016-07-15 06,6,17264,5,0
2016-07-15 07,7,20153,5,0
2016-07-15 08,8,23736,5,0
2016-07-15 09,9,25880,5,0
2016-07-15 10,10,26600,5,0
2016-07-15 11,11,26703,5,0
2016-07-15 12,12,27094,5,0
2016-07-15 13,13,27338,5,0
2016-07-15 14,14,27215,5,0
2016-07-15 15,15,26837,5,0
2016-07-15 16,16,26813,5,0
2016-07-15 17,17,25605,5,0
2016-07-15 18,18,24344,5,0
2016-07-15 19,19,24591,5,0
2016-07-15 20,20,24589,5,0
2016-07-15 21,21,24123,5,0
2016-07-15 22,22,22833,5,0
2016-07-15 23,23,20985,5,0
2016-07-16 00,0,19184,6,1
2016-07-16 01,1,17788,6,1
2016-07-16 02,2,16961,6,1
2016-07-16 03,3,16335,6,1
2016-07-16 04,4,16107,6,1
2016-07-16 05,5,15918,6,1
2016-07-16 06,6,15995,6,1
2016-07-16 07,7,18282,6,1
2016-07-16 08,8,20008,6,1
2016-07-16 09,9,21085,6,1
2016-07-16 10,10,21339,6,1
2016-07-16 11,11,20860,6,1
2016-07-16 12,12,20717,6,1
2016-07-16 13,13,20737,6,1
2016-07-16 14,14,20587,6,1
2016-07-16 15,15,20622,6,1
2016-07-16 16,16,21161,6,1
2016-07-16 17,17,21073,6,1
2016-07-16 18,18,20771,6,1
2016-07-16 19,19,21088,6,1
2016-07-16 20,20,20778,6,1
2016-07-16 21,21,20676,6,1
2016-07-16 22,22,19953,6,1
2016-07-16 23,23,18805,6,1
2016-07-17 00,0,17377,7,1
2016-07-17 01,1,16162,7,1
2016-07-17 02,2,15402,7,1
2016-07-17 03,3,14821,7,1
2016-07-17 04,4,14681,7,1
2016-07-17 05,5,14809,7,1
2016-07-17 06,6,15002,7,1
2016-07-17 07,7,16457,7,1
2016-07-17 08,8,18049,7,1
2016-07-17 09,9,19252,7,1
2016-07-17 10,10,19744,7,1
2016-07-17 11,11,19816,7,1
2016-07-17 12,12,20186,7,1
2016-07-17 13,13,20429,7,1
2016-07-17 14,14,20359,7,1
2016-07-17 15,15,20369,7,1
2016-07-17 16,16,20287,7,1
2016-07-17 17,17,19940,7,1
2016-07-17 18,18,19919,7,1
2016-07-17 19,19,20242,7,1
2016-07-17 20,20,20348,7,1
2016-07-17 21,21,20196,7,1
2016-07-17 22,22,19271,7,1
2016-07-17 23,23,18025,7,1
2016-07-18 00,0,16661,1,0
2016-07-18 01,1,15705,1,0
2016-07-18 02,2,15234,1,0
2016-07-18 03,3,14886,1,0
2016-07-18 04,4,14968,1,0
2016-07-18 05,5,15320,1,0
2016-07-18 06,6,16691,1,0
2016-07-18 07,7,19885,1,0
2016-07-18 08,8,23276,1,0
2016-07-18 09,9,24902,1,0
2016-07-18 10,10,25511,1,0
2016-07-18 11,11,25454,1,0
2016-07-18 12,12,25775,1,0
2016-07-18 13,13,25947,1,0
2016-07-18 14,14,25846,1,0
2016-07-18 15,15,25754,1,0
2016-07-18 16,16,25591,1,0
2016-07-18 17,17,24391,1,0
2016-07-18 18,18,23457,1,0
2016-07-18 19,19,23769,1,0
2016-07-18 20,20,23771,1,0
2016-07-18 21,21,23467,1,0
2016-07-18 22,22,22344,1,0
2016-07-18 23,23,20753,1,0
2016-07-19 00,0,18683,2,0
2016-07-19 01,1,17658,2,0
2016-07-19 02,2,16753,2,0
2016-07-19 03,3,16420,2,0
2016-07-19 04,4,16330,2,0
2016-07-19 05,5,16429,2,0
2016-07-19 06,6,17576,2,0
2016-07-19 07,7,20190,2,0
2016-07-19 08,8,23407,2,0
2016-07-19 09,9,25163,2,0
2016-07-19 10,10,25980,2,0
2016-07-19 11,11,26000,2,0
2016-07-19 12,12,26093,2,0
2016-07-19 13,13,26100,2,0
2016-07-19 14,14,25983,2,0
2016-07-19 15,15,25845,2,0
2016-07-19 16,16,25780,2,0
2016-07-19 17,17,24620,2,0
2016-07-19 18,18,24033,2,0
2016-07-19 19,19,24042,2,0
2016-07-19 20,20,24133,2,0
2016-07-19 21,21,23614,2,0
2016-07-19 22,22,22330,2,0
2016-07-19 23,23,21157,2,0
2016-07-20 00,0,19484,3,0
2016-07-20 01,1,18153,3,0
2016-07-20 02,2,17161,3,0
2016-07-20 03,3,16833,3,0
2016-07-20 04,4,16742,3,0
2016-07-20 05,5,16848,3,0
2016-07-20 06,6,18034,3,0
2016-07-20 07,7,21294,3,0
2016-07-20 08,8,25061,3,0
2016-07-20 09,9,26941,3,0
2016-07-20 10,10,27453,3,0
2016-07-20 11,11,27599,3,0
2016-07-20 12,12,28162,3,0
2016-07-20 13,13,28224,3,0
2016-07-20 14,14,28233,3,0
2016-07-20 15,15,28242,3,0
2016-07-20 16,16,27972,3,0
2016-07-20 17,17,26932,3,0
2016-07-20 18,18,25861,3,0
2016-07-20 19,19,26077,3,0
2016-07-20 20,20,25849,3,0
2016-07-20 21,21,24752,3,0
2016-07-20 22,22,23451,3,0
2016-07-20 23,23,21583,3,0
2016-07-21 00,0,20274,4,0
2016-07-21 01,1,18872,4,0
2016-07-21 02,2,17875,4,0
2016-07-21 03,3,17556,4,0
2016-07-21 04,4,17459,4,0
2016-07-21 05,5,17567,4,0
2016-07-21 06,6,18759,4,0
2016-07-21 07,7,22878,4,0
2016-07-21 08,8,26343,4,0
2016-07-21 09,9,28261,4,0
2016-07-21 10,10,28857,4,0
2016-07-21 11,11,28890,4,0
2016-07-21 12,12,29249,4,0
2016-07-21 13,13,29476,4,0
2016-07-21 14,14,29394,4,0
2016-07-21 15,15,29395,4,0
2016-07-21 16,16,29252,4,0
2016-07-21 17,17,27958,4,0
2016-07-21 18,18,26837,4,0
2016-07-21 19,19,27090,4,0
2016-07-21 20,20,26992,4,0
2016-07-21 21,21,26059,4,0
2016-07-21 22,22,24774,4,0
2016-07-21 23,23,23321,4,0
2016-07-22 00,0,21894,5,0
2016-07-22 01,1,21074,5,0
2016-07-22 02,2,20034,5,0
2016-07-22 03,3,19328,5,0
2016-07-22 04,4,18937,5,0
2016-07-22 05,5,18957,5,0
2016-07-22 06,6,20168,5,0
2016-07-22 07,7,23533,5,0
2016-07-22 08,8,27038,5,0
2016-07-22 09,9,29022,5,0
2016-07-22 10,10,29682,5,0
2016-07-22 11,11,29657,5,0
2016-07-22 12,12,29864,5,0
2016-07-22 13,13,30028,5,0
2016-07-22 14,14,29624,5,0
2016-07-22 15,15,29388,5,0
2016-07-22 16,16,28960,5,0
2016-07-22 17,17,27738,5,0
2016-07-22 18,18,26507,5,0
2016-07-22 19,19,26898,5,0
2016-07-22 20,20,26919,5,0
2016-07-22 21,21,26870,5,0
2016-07-22 22,22,25918,5,0
2016-07-22 23,23,24445,5,0
2016-07-23 00,0,22865,6,1
2016-07-23 01,1,21575,6,1
2016-07-23 02,2,20076,6,1
2016-07-23 03,3,19638,6,1
2016-07-23 04,4,19182,6,1
2016-07-23 05,5,19005,6,1
2016-07-23 06,6,19158,6,1
2016-07-23 07,7,21603,6,1
2016-07-23 08,8,24456,6,1
2016-07-23 09,9,26469,6,1
2016-07-23 10,10,26966,6,1
2016-07-23 11,11,27115,6,1
2016-07-23 12,12,27380,6,1
2016-07-23 13,13,27483,6,1
2016-07-23 14,14,27292,6,1
2016-07-23 15,15,27180,6,1
2016-07-23 16,16,27096,6,1
2016-07-23 17,17,26351,6,1
2016-07-23 18,18,25759,6,1
2016-07-23 19,19,25512,6,1
2016-07-23 20,20,25730,6,1
2016-07-23 21,21,25642,6,1
2016-07-23 22,22,24828,6,1
2016-07-23 23,23,23678,6,1
2016-07-24 00,0,22228,7,1
2016-07-24 01,1,20881,7,1
2016-07-24 02,2,19444,7,1
2016-07-24 03,3,19001,7,1
2016-07-24 04,4,18552,7,1
2016-07-24 05,5,18418,7,1
2016-07-24 06,6,18476,7,1
2016-07-24 07,7,20681,7,1
2016-07-24 08,8,23034,7,1
2016-07-24 09,9,24756,7,1
2016-07-24 10,10,25637,7,1
2016-07-24 11,11,26108,7,1
2016-07-24 12,12,26665,7,1
2016-07-24 13,13,26764,7,1
2016-07-24 14,14,26444,7,1
2016-07-24 15,15,26020,7,1
2016-07-24 16,16,25344,7,1
2016-07-24 17,17,24626,7,1
2016-07-24 18,18,24181,7,1
2016-07-24 19,19,25234,7,1
2016-07-24 20,20,25404,7,1
2016-07-24 21,21,25343,7,1
2016-07-24 22,22,24802,7,1
2016-07-24 23,23,23314,7,1
